512
2048
5069
7
265
859
1104
1162
1516
1543
1835
1932
1942
1979
347
750
945
1119
1262
1574
1685
1710
1852
8
38
118
238
310
730
877
942
1045
1072
1074
249
380
590
917
1176
1319
1655
1993
2046
272
359
465
524
731
897
1160
1342
1347
1589
634
745
839
941
957
1113
1350
1741
1899
23
63
66
290
318
474
1706
1714
1889
1891
2033
141
277
597
598
913
972
1059
1425
1556
162
712
757
830
994
1069
1084
1577
1596
1952
2008
526
527
667
929
1231
1252
1261
1835
2004
714
831
1043
1137
1257
1338
1397
1535
1650
1807
220
511
552
660
932
1065
1129
1152
1566
1595
1862
28
31
120
152
218
413
494
672
763
953
1349
124
147
432
623
695
1048
1398
1622
1705
1804
3
384
438
998
1201
1322
1411
1683
1934
94
243
497
725
985
1224
1335
1341
1699
1990
2035
296
339
522
528
1276
1355
1371
1862
246
737
1117
1329
1369
1412
1453
1766
1995
259
729
776
822
833
1179
1371
1719
1856
111
391
539
583
614
963
1121
1240
1544
2039
99
388
449
760
1464
1596
1642
1690
1939
1970
173
566
745
905
1459
1624
1689
1740
1943
67
657
690
724
912
1075
1202
1806
128
190
292
313
844
1176
1222
1528
1702
1987
2002
143
311
795
1159
1173
1184
1489
1499
1696
82
174
226
340
584
803
941
1865
1891
1988
2014
42
55
100
206
624
791
951
1068
1083
1258
1349
1960
475
484
542
788
975
1096
1461
1470
1773
1913
269
551
731
1582
1694
1724
1883
1894
48
321
571
715
1308
1634
1804
1866
1872
1945
52
328
658
707
1077
1431
1485
1679
1749
1826
179
279
479
613
783
1418
1450
1586
241
539
722
1376
1408
1437
1560
1591
1759
1903
157
375
418
447
516
992
1035
1129
1333
1429
129
204
392
452
838
1359
1404
1770
1905
2000
2012
31
303
330
770
833
865
1041
1290
1315
1711
1797
75
620
721
960
1226
1805
1948
1973
1997
317
776
1094
1163
1171
1373
1670
1707
1999
2026
2047
120
183
742
927
1308
1448
1510
1589
1763
2011
462
485
490
717
733
793
1109
1289
1441
1831
308
754
1027
1291
1605
1684
1726
1808
1942
1965
14
82
922
1128
1282
1570
1855
1858
134
521
1003
1041
1148
1183
1365
1639
6
162
193
1011
1062
1101
1210
1562
1734
25
140
226
227
298
300
607
756
930
1224
1344
1956
26
34
244
671
777
898
1194
1296
1321
1729
16
171
270
309
918
933
1211
1545
1802
1839
1889
2
63
385
444
571
816
1407
1676
1953
2021
209
711
760
802
1188
1229
1251
1266
1650
1729
1850
10
430
589
1034
1366
1522
1640
1668
1973
37
184
803
877
1322
1469
1638
1882
1928
606
829
887
1126
1209
1547
1692
1735
1935
701
850
899
969
1223
1303
1427
1485
1820
2016
346
479
498
882
893
1293
1318
1360
1898
95
136
154
856
1287
1390
1653
1658
1972
453
528
573
600
732
811
819
903
1038
1438
1663
1902
80
471
580
644
647
964
1055
1700
1860
1957
336
602
1010
1182
1487
1497
1561
1562
1569
1822
1934
1943
59
186
232
716
728
836
1388
1523
1610
1905
62
727
1078
1104
1540
1576
1836
1944
2018
21
1181
1236
1250
1332
1482
1503
1665
24
342
689
744
840
1142
1437
1458
1645
1681
1979
201
271
842
1143
1585
1679
1738
1746
1928
1956
353
480
515
643
978
1183
1498
1507
1688
59
898
904
1024
1389
1408
1544
1892
2044
71
130
412
938
950
994
1115
1771
1916
98
251
358
437
449
652
721
1185
1570
1742
1772
157
348
403
657
1025
1260
1402
1507
1523
2037
185
227
555
565
923
1237
1378
1744
2027
9
29
90
116
697
768
1024
1425
1459
1677
98
191
920
975
990
1023
1476
1514
2027
52
118
274
344
415
622
715
983
1259
1952
107
361
508
584
770
912
980
986
1627
1835
83
126
395
541
636
890
1434
1565
1646
1823
1885
135
161
193
415
495
602
856
969
1209
1434
1453
243
296
466
585
705
1244
1274
1392
1475
1693
1733
205
620
697
1401
1600
1671
1735
1888
1917
2048
125
277
278
281
542
582
888
894
1309
1932
262
454
474
794
845
1285
1578
1617
1764
1903
22
376
1205
1212
1247
1794
1807
1837
1969
221
469
879
974
1019
1343
1427
1605
1725
325
351
577
822
932
1145
1190
1199
1775
55
380
523
630
751
1091
1269
1380
1452
1612
50
302
687
937
1018
1071
1657
1919
1982
39
194
493
818
842
905
940
1201
1242
1311
1655
516
675
702
1067
1082
1393
1420
1744
1745
1970
2044
271
301
322
337
447
681
963
1017
1125
1946
15
47
175
543
973
990
1022
1354
1417
1991
2008
33
641
764
795
1342
1426
1473
1492
1616
110
198
770
857
907
1366
1599
445
513
554
764
1448
1619
1637
1662
1802
1810
303
503
704
832
848
870
1191
1338
1922
1977
68
134
423
663
977
1006
1138
1245
1307
81
149
304
824
896
1231
1389
1581
1837
1999
108
244
684
1108
1156
1246
1367
1407
1497
1668
333
1109
1524
1530
1600
1633
1686
1775
1792
1918
1974
189
710
998
1194
1262
1348
1480
1801
1861
1928
1971
97
114
1432
1489
1552
1636
1707
1921
1936
235
272
495
518
714
1178
1246
1386
1428
1944
72
177
646
653
1111
1169
1334
1421
1826
1933
365
408
507
512
840
903
959
987
1413
1552
1989
19
104
247
258
792
891
915
1889
1946
51
182
328
520
604
847
923
1136
1419
699
731
778
810
862
870
1316
1583
1706
1985
50
77
250
1031
1336
1602
1732
1765
1906
2013
152
314
387
575
675
710
759
1081
1331
249
379
591
901
946
1055
1060
1248
1807
1907
1250
1396
1461
1557
1842
1886
1909
1919
1959
7
99
455
638
758
911
1239
1890
1904
1918
181
376
580
749
1122
1410
1455
1586
1875
1948
221
317
431
562
597
1007
1100
1255
1440
1636
1925
11
630
752
896
1249
1481
1560
1743
1897
48
72
179
427
683
1376
1876
1941
54
400
429
576
869
1235
1537
1734
1911
421
476
519
763
1283
1441
1476
1599
1606
1709
1715
426
603
612
899
1065
1180
1571
1705
1721
1972
60
164
275
1191
1255
1446
1513
1683
1722
2024
165
198
557
869
1051
1512
1545
1607
1840
1983
257
435
440
536
645
835
886
1104
1136
1600
1967
539
832
898
949
1023
1377
1814
76
383
521
662
680
739
1687
1813
1998
2006
26
494
654
700
784
901
1076
1125
1891
1908
62
85
281
698
773
1065
1347
1962
1999
45
151
325
1203
1524
1558
1580
1732
1742
1818
2003
32
146
425
651
1039
1095
1508
1511
1796
1925
559
655
751
1265
1297
1333
1559
1845
159
221
442
457
515
949
1171
1292
1352
1486
1494
1578
39
136
800
1269
1424
1433
1504
1554
1684
1884
1925
61
313
509
747
807
1155
1952
1958
1978
306
437
440
501
530
637
769
869
1402
342
357
541
649
1005
1167
1494
1616
1854
1954
268
831
907
936
952
1520
1559
1902
2001
2041
665
806
896
958
1594
1721
1739
1858
1906
46
138
222
347
477
553
863
1332
1464
1669
2023
87
348
535
1063
1124
1127
1475
1514
1682
1956
280
287
416
441
1006
1306
1585
1780
1878
88
203
353
673
1021
1299
1318
1840
1995
2003
93
208
346
485
610
771
862
1817
1854
1868
165
172
213
234
349
525
578
748
1061
1697
27
165
417
480
534
542
931
1475
1539
1592
1745
56
263
533
537
1078
1340
1498
1757
1830
1987
92
102
211
685
1142
1165
1420
1490
1809
1994
12
301
364
853
1099
1220
1533
1580
231
289
756
995
1085
1189
1328
1384
1420
1615
426
431
563
885
1211
1337
1415
1505
1770
1853
167
396
485
659
805
1105
1128
1423
1448
1607
1880
1941
11
207
268
906
1035
1187
1443
1786
94
97
133
673
778
877
968
1220
1452
318
527
585
809
884
886
967
1294
1755
1897
613
621
665
1576
1698
1727
1730
1777
2006
218
1217
1379
1404
1483
1680
1762
1808
1846
4
17
64
252
254
565
685
1116
1535
1728
1797
1963
105
264
409
1067
1144
1215
1486
1559
1638
1731
68
78
401
785
1013
1054
1416
1834
1894
28
219
262
753
988
1280
1805
1843
329
496
900
1091
1221
1252
1569
1779
1824
6
156
160
200
294
793
1157
1381
1405
13
49
280
531
823
965
1005
1181
1237
1582
86
137
153
287
432
611
900
1359
1971
40
138
764
939
1128
1512
1593
1864
1871
99
128
817
916
1089
1206
1471
1484
1718
1850
322
462
472
718
892
1031
1086
1256
1312
1371
1432
1711
381
657
674
855
885
1009
1197
1568
1678
1756
1980
248
286
444
623
894
997
1675
1724
2010
171
593
886
1105
1148
1270
1640
1687
1937
1976
2015
77
78
113
861
1125
1175
1300
1423
1763
1887
197
352
411
718
800
859
872
1168
1186
366
532
850
946
1158
1192
1218
1285
1474
1781
3
71
187
626
757
1028
1386
1390
1914
1947
2018
54
307
581
615
775
875
1090
1489
1681
476
696
1042
1345
1439
1470
1879
1910
1930
59
273
326
380
820
951
975
1085
1709
2038
44
101
201
283
676
742
880
1179
1553
410
470
579
624
811
922
1149
1175
1499
22
192
269
909
928
968
1204
1605
1648
1795
1985
112
258
429
478
574
700
1046
1447
1686
1784
70
212
690
713
1370
1382
1477
1528
1601
1680
8
122
202
423
460
596
914
1218
1342
1498
117
250
371
564
607
709
976
1273
1599
1695
1704
210
610
616
648
768
1632
1688
2037
109
156
343
434
626
1255
1410
1562
1665
2041
2042
18
180
211
450
533
574
630
711
1400
1466
2022
2028
282
327
511
620
1188
1362
1542
1703
1767
2035
122
223
678
715
928
1013
1096
1270
1433
1791
1816
208
674
936
1141
1156
1232
1411
1491
1661
1951
91
547
564
579
758
1155
1279
1385
1538
1873
113
362
479
549
707
996
1200
1227
1800
1882
112
644
682
937
965
1124
1521
1613
1981
166
713
972
993
1233
1320
1346
1577
1845
1871
132
214
274
414
461
867
1270
1382
1543
1592
281
503
759
934
989
1015
1074
1374
1402
1939
61
554
589
801
1100
1146
1198
1269
1771
1777
1949
244
947
1351
1577
1661
1715
1840
1914
15
135
320
523
695
732
823
1287
1712
2017
289
391
874
1097
1196
1499
1741
1931
31
129
361
517
659
807
1097
1346
1851
1966
2007
297
488
600
748
767
1563
1943
1949
2019
2040
291
632
708
834
1022
1048
1297
1750
43
213
726
1094
1103
1346
1501
1730
16
276
484
513
532
547
1063
1115
1588
76
417
740
772
940
1101
1708
1838
1923
118
267
436
568
912
1123
1170
1198
1200
1958
18
504
820
955
1070
1120
1351
1506
1798
1854
1861
101
598
654
872
950
1213
1230
1271
1625
178
206
406
492
629
670
948
1051
1053
6
426
744
1550
1649
1660
1813
1845
1868
89
163
414
460
726
1116
1225
1861
1863
48
228
296
390
612
943
1114
1297
1444
1633
1710
2022
209
252
590
1134
1138
1483
1578
1604
1908
24
405
407
509
526
557
601
771
798
1527
1843
459
491
572
755
812
1088
1290
1643
1751
1779
1980
70
108
127
195
323
722
1119
1174
1235
1278
1796
1917
101
279
546
749
817
866
1022
1027
1191
1555
404
405
456
475
645
779
783
838
1647
161
200
357
493
650
917
991
1077
1137
1399
1811
109
149
167
362
1045
1058
1092
1163
1667
1754
26
398
558
686
847
1701
1710
1735
205
541
799
1037
1603
1774
1946
1955
93
373
476
761
787
798
923
1631
1996
10
146
255
286
394
960
1906
1931
216
614
762
865
891
1054
1174
1781
1955
392
450
935
1032
1249
1620
1712
1794
1970
40
146
385
435
599
720
1045
1348
1441
1443
1572
1621
1644
327
434
502
774
986
1186
1318
1819
1896
217
512
570
728
1165
1208
1361
1384
1609
703
878
1356
1556
1649
1670
1673
1791
1824
1833
9
169
401
1183
1203
1300
1666
1962
2036
251
363
389
889
1110
1413
1613
1743
1961
513
651
786
1017
1021
1081
1111
1113
1238
1418
1629
53
73
121
178
372
551
633
1020
1366
1449
1765
168
390
396
433
778
801
1112
1708
1804
508
574
604
629
1529
1602
1706
1761
1785
1788
1
46
55
336
486
651
1164
1203
1485
1754
191
282
367
492
790
1147
1170
1480
1975
2016
5
57
74
491
863
1241
1398
1430
1750
1758
1853
335
467
706
792
1178
1550
1583
1598
102
616
632
813
845
852
924
1107
1428
1957
858
1274
1285
1317
1333
1472
1553
1626
1866
58
97
140
204
872
1098
1635
1727
1773
1857
36
63
235
664
861
961
1012
1060
1109
1150
690
910
992
1050
1073
1716
1722
1830
1964
385
609
700
888
964
1018
1161
1490
1893
2002
61
107
1154
1188
1310
1558
1585
1849
1982
92
407
578
702
1000
1090
1218
1408
1746
1997
2020
54
379
734
993
1205
1294
1298
1302
1965
105
355
567
766
814
990
1080
1422
1525
1572
1826
372
389
408
876
1081
1127
1257
1865
1992
2028
12
110
117
448
687
878
887
1070
1741
1842
91
222
383
643
768
1009
1085
1265
1360
1644
1810
35
345
455
495
694
790
1387
1496
1940
1984
132
363
604
948
1043
1214
1314
1456
1811
1966
38
155
671
791
802
880
1633
2025
177
295
729
733
817
914
1036
1569
1760
1793
1879
113
175
203
237
240
507
1082
1320
1738
1874
1913
324
341
532
910
919
931
1016
1258
1391
1688
1737
1994
283
644
865
961
992
1112
1199
1212
1465
123
359
373
656
706
846
889
1015
1126
1623
1900
62
378
794
938
1048
1206
1216
1309
1671
1761
123
762
811
1026
1196
1319
1590
1596
1757
1895
155
343
1008
1330
1399
1451
1935
1979
2
30
264
850
909
942
1308
1809
1812
1821
1965
1982
835
995
1122
1310
1454
1561
1744
1753
1842
2000
35
145
433
834
971
983
1135
1919
1951
1976
374
465
634
826
991
1261
1606
1647
1991
86
334
342
648
879
1409
1551
1874
1881
2032
555
562
741
828
871
1456
1587
1748
1815
149
158
498
501
771
868
935
1803
1844
1909
34
79
422
469
667
843
1039
1177
1314
1886
72
87
260
352
656
680
708
1031
1089
1715
1870
247
639
816
837
930
1403
1531
1775
1912
447
680
867
890
1120
1159
1225
1379
1444
1637
58
188
423
537
544
1135
1460
1508
310
445
582
597
821
926
968
1014
1028
2046
364
631
684
825
1066
1141
1442
1579
1748
1798
1915
2048
104
119
336
810
1139
1186
1468
1628
1645
238
506
588
699
739
785
1532
1536
1581
228
456
466
481
605
863
1019
1254
1295
1421
1482
1776
144
172
853
1185
1232
1337
1432
1458
1534
176
759
1444
1635
1693
1894
2024
704
815
828
1305
1353
1573
1758
1859
1900
1937
32
65
96
306
466
536
746
893
1150
1594
8
114
860
1131
1296
1312
1615
1619
1666
395
797
819
989
1215
1315
1324
1345
1406
51
806
1151
1152
1263
1338
1677
1769
1930
2034
121
247
416
473
1002
1062
1477
1828
223
225
259
487
595
753
1853
1944
251
661
774
861
885
1083
1595
1674
1852
1986
73
469
473
848
881
962
1015
1275
1506
1867
312
707
815
901
1032
1072
1531
1798
1901
1953
33
183
399
660
868
1095
1372
1412
1463
1564
1940
256
287
384
631
1159
1286
1491
1521
1785
83
127
482
617
793
925
1123
1326
1356
1664
1691
1921
135
548
588
608
666
1313
1334
1647
1787
1795
169
483
510
631
748
871
970
1107
1509
1611
361
673
954
966
1146
1416
1417
1453
1532
1785
370
639
991
1206
1228
1230
1611
1616
1876
422
450
1057
1097
1503
1520
1530
1557
1704
1720
409
438
439
663
808
875
1202
1436
1500
1848
1901
337
446
641
1026
1139
1260
1375
1501
1542
1568
1924
163
299
922
1066
1167
1615
1635
1887
1981
180
538
565
570
760
1678
1723
1926
45
200
301
358
705
844
873
1050
1703
1752
2024
261
368
1011
1012
1236
1362
1625
1778
1868
1870
428
489
671
684
1258
1289
1378
1431
1618
51
586
641
658
662
834
1118
1472
1623
257
321
350
870
1501
1555
1768
1827
1910
141
217
481
717
906
987
1142
1306
1784
1950
129
300
403
518
525
808
1073
1383
1549
1622
294
464
569
1158
1446
1608
1654
1694
1899
1992
364
475
560
563
848
857
1014
1325
1392
1466
142
150
215
349
568
735
1251
1430
1720
1937
190
636
694
761
1041
1046
1301
1341
1380
1463
1974
119
306
718
719
775
1637
1839
1945
2021
19
64
534
627
1252
1327
1548
1698
168
309
404
664
692
859
1274
1445
1561
1584
1927
1936
126
144
178
377
737
780
939
1401
1724
2021
42
207
228
504
682
824
953
1040
1358
1641
1871
28
457
566
994
1080
1323
1343
1911
267
437
497
558
605
849
876
1151
1157
1330
2017
41
81
335
411
740
753
754
797
1399
1413
1537
1851
236
643
646
1037
1096
1216
1229
1276
1526
402
1003
1064
1197
1345
1447
1457
1504
1630
1974
190
424
774
780
1098
1213
1217
1319
1326
1531
1652
124
561
932
996
1099
1117
1273
1593
1689
1774
224
949
1001
1092
1121
1134
1204
1433
1546
1942
2031
196
323
570
1321
1329
1718
1727
1819
330
455
468
546
619
628
1221
1572
1995
49
71
160
220
433
456
955
1014
275
391
421
440
854
895
1030
1166
1422
1462
556
572
619
679
766
1075
1168
1232
1350
1890
304
402
594
642
654
676
804
1286
1316
1793
290
397
537
708
1163
1241
1259
1519
1672
1760
2029
142
420
628
689
726
1414
1495
1643
1670
1988
194
239
501
520
851
971
1470
1493
1495
1927
142
238
356
416
965
982
1143
1185
1267
1435
1481
258
615
788
1153
1282
1536
1690
1701
1849
812
1029
1261
1343
1363
1644
1676
1805
177
463
505
652
847
1253
1693
1801
1864
1969
115
116
253
320
681
747
1068
1114
1609
1630
1671
2015
69
377
394
585
775
1089
1354
1983
2009
111
147
655
724
765
930
961
1364
1746
1876
299
703
984
1027
1132
1303
1713
1856
2023
53
197
240
262
1053
1164
1244
1488
1689
1729
115
199
419
618
642
843
1357
1409
1960
276
623
677
858
1283
1311
1541
1697
1878
452
692
815
956
966
1001
1103
1256
1571
1898
1993
30
242
319
627
1030
1182
1374
1511
1601
1772
35
390
546
622
802
1095
1537
1834
2010
79
249
307
777
933
960
981
1110
1284
1641
133
272
419
484
556
767
852
1228
1590
173
424
855
1034
1036
1076
1299
1465
1629
1963
1977
38
263
884
915
1130
1534
1869
1877
1933
22
137
345
359
827
1331
1753
1915
106
351
368
425
445
794
908
1154
1389
1461
1634
360
587
821
1007
1056
1153
1624
1655
1938
67
603
754
984
1093
1130
1702
1794
2043
134
159
573
599
602
1287
1419
1464
1632
1947
50
386
400
486
599
637
959
1685
1938
1968
2014
451
632
908
1052
1106
1138
1141
1352
1533
1656
1723
1827
148
305
496
655
1337
1612
1714
1718
2011
405
738
1133
1221
1254
1388
1638
1848
125
314
354
355
1079
1340
1543
1576
1803
1856
230
482
530
999
1028
1198
1328
1488
1700
1978
225
298
382
502
612
911
1080
1127
1519
1790
1844
265
580
927
1038
1054
1136
1266
1353
1502
181
213
523
640
849
1339
1553
1643
1829
1847
192
312
463
833
1300
1855
2045
49
530
540
548
553
892
1473
1544
2007
84
136
319
569
914
1280
1487
1496
1661
1846
1915
1990
2030
286
454
719
830
1456
1515
1556
1658
1802
1818
2048
245
316
505
577
581
1008
1370
1764
1973
1975
214
273
344
419
1074
1102
1305
1682
2001
70
417
552
972
1173
1226
1610
1820
1822
37
255
365
1195
1275
1334
1381
1467
254
284
313
593
881
979
1160
1699
1767
371
529
686
734
808
883
1063
1355
1513
1515
1
216
329
481
653
745
1002
1192
1529
1786
2033
84
242
559
723
958
978
1114
1383
1591
2031
256
323
335
545
575
1251
1377
1525
1858
1893
89
326
755
1017
1059
1325
1336
1451
1535
1554
387
786
797
1140
1233
1376
1409
1639
1662
172
223
308
536
635
652
988
1004
1573
1881
170
354
411
487
805
857
1007
1086
1657
1812
176
234
294
331
427
765
921
1094
1243
1550
13
784
1234
1267
1351
1357
1383
1571
1787
1896
27
441
665
669
837
962
1071
1368
1466
1695
1841
535
765
864
1249
1275
1293
1440
1492
1564
1583
1752
1989
145
277
369
709
1115
1131
1301
1304
1455
1659
1789
111
316
781
944
1172
1233
1575
1649
1708
68
139
211
229
543
670
795
851
1678
1920
2029
381
538
567
606
1193
1199
1522
1720
1738
1918
76
245
332
529
618
669
696
807
1551
1696
1740
1898
266
486
609
706
747
1057
1058
1260
1787
1843
1986
131
509
540
588
613
1049
1093
1242
1652
1717
1847
1895
37
124
372
507
970
979
1414
1563
1604
1658
1749
1
305
311
373
668
953
1133
1325
1410
1438
1985
309
446
785
801
1161
1184
1500
1673
1728
1812
188
410
635
1019
1405
1530
1540
1659
1934
1978
20
477
500
540
883
1112
1215
1347
1387
1505
41
341
598
789
942
1324
1478
1716
264
569
701
884
1310
1719
1825
1929
285
625
663
854
902
926
1265
1435
1497
1618
2047
36
56
688
806
1040
1248
1712
1755
1783
237
266
610
638
682
860
1180
1210
1397
1502
1924
66
360
782
822
970
1263
1395
1426
1885
2004
2036
137
436
627
773
910
918
1103
1137
1238
1288
1307
1394
1656
96
403
616
723
976
1246
1880
1950
2034
170
388
647
1548
1639
1733
1736
1814
1920
39
73
219
491
904
1078
1377
1518
1631
1911
1964
2038
263
356
468
558
1029
1193
1388
1406
1526
1821
1888
2012
225
288
590
743
827
1208
1353
1493
1792
1998
330
553
729
1161
1189
1452
1541
1687
1731
1780
44
328
488
587
1313
1375
1518
1725
1857
1873
1885
1968
75
131
337
864
1190
1220
1360
1457
1520
1772
253
418
483
792
874
1284
1717
1726
1863
1912
241
624
1069
1131
1280
1679
1926
1954
2043
20
573
969
1061
1147
1291
1367
1860
2004
53
102
199
438
905
1025
1350
1739
80
95
398
913
934
1033
1306
1362
1579
1776
1829
12
185
639
1064
1200
1393
1445
1664
1789
2025
231
782
982
1001
1316
1460
1538
1731
1825
1940
69
215
227
1000
1264
1273
1548
1766
1769
1788
1867
291
947
1135
1234
1239
1271
1401
1567
1610
1621
2040
192
443
461
633
976
1006
1117
1187
1372
1703
107
362
725
779
839
1029
1207
1404
1510
1949
489
698
712
1075
1129
1147
1570
1961
2005
69
292
591
679
826
881
1087
1311
1363
1764
88
499
666
1149
1250
1309
1714
1832
84
148
174
182
210
740
945
1020
1951
293
681
841
943
944
1079
1207
1335
1613
1811
2029
74
141
374
382
412
1237
1268
1521
1564
1831
386
399
818
851
1617
1817
1828
1873
1897
1975
526
578
594
936
1047
1195
1240
1272
1809
14
531
796
1201
1292
1557
1800
1851
1920
273
746
1234
1429
1492
1532
1565
1645
1914
288
289
369
383
428
483
952
1012
1736
1762
1774
1849
538
586
1219
1262
1482
1612
1620
1722
2022
29
184
284
302
516
873
1084
1478
1651
1690
2026
186
237
379
752
919
1202
1356
1581
1614
1745
151
451
487
1066
1231
1365
1781
1790
1859
212
233
353
568
727
1162
1283
1322
1568
1653
1833
2023
324
453
720
787
835
1000
1187
1428
1627
1806
1892
81
519
561
661
737
1414
1672
1759
1838
41
46
503
505
512
736
784
979
1790
94
246
370
514
528
691
823
921
1166
1574
1683
2045
103
285
414
583
608
939
1245
1368
1474
1654
229
829
1106
1411
1422
1603
1782
1836
2038
90
551
687
781
1197
1326
1331
1364
1823
64
270
430
457
738
772
1132
1208
1449
1608
1648
1660
321
393
408
496
506
566
779
1013
1277
1344
1369
103
293
741
799
916
958
1145
1264
1317
1786
1801
5
85
344
559
595
1227
1549
1815
1953
2005
369
470
472
625
983
1033
1471
1733
1820
1870
1883
205
302
576
582
617
756
809
855
1878
18
186
198
940
1170
1171
1247
1529
1651
1778
2044
197
233
295
367
490
882
1140
1212
1479
2000
23
195
350
1058
1144
1173
1528
1782
1955
2019
534
678
693
773
789
1055
1304
1628
1650
1751
1875
1887
239
659
1023
1219
1247
1450
1680
1922
2020
269
660
783
893
1093
1219
1281
1393
1517
1748
1929
147
224
230
550
621
662
1113
1266
1473
1618
2020
2032
143
332
514
650
701
1052
1169
1365
1509
1606
1646
730
1004
1061
1108
1277
1460
1479
1597
1931
1969
175
199
427
1044
1438
1598
1681
1810
2009
174
393
560
592
637
902
935
999
1518
1575
1959
331
722
838
887
920
1047
1051
1567
1716
119
260
743
772
925
1107
1192
1394
1477
1587
1904
176
988
1373
1539
1660
1667
1924
1950
2039
735
895
959
963
1272
1541
1673
1675
1691
222
458
721
866
982
1044
1691
1723
1872
1963
2037
166
607
967
1088
1100
1419
1566
1799
1832
2013
24
413
424
611
676
694
1223
1396
1467
1700
303
499
1385
1395
1454
1484
1972
2005
2006
183
549
596
672
980
1111
1462
1476
1791
130
315
401
744
846
1047
1828
1991
291
443
478
555
712
1276
1298
1358
1436
1619
1640
1816
453
459
601
769
868
997
1026
1495
1582
1685
1711
1768
1947
189
338
448
550
683
702
763
1087
1312
1424
1503
191
572
736
757
1160
1323
1734
1852
698
832
866
1049
1278
1439
1758
1823
2032
812
1339
1405
1614
1704
1841
1869
1916
1959
2026
182
232
432
894
981
1303
1412
1721
1747
1993
2028
268
297
325
366
381
1148
1214
1560
1909
2046
557
693
1046
1281
1288
1379
1400
1799
1838
1971
338
393
819
943
1098
1298
1407
1589
1818
1848
1932
1996
150
420
849
957
1016
1158
1278
1279
1500
1515
60
545
691
836
879
1060
1222
1370
1588
1935
21
100
204
360
750
813
831
1243
2007
15
45
187
326
649
688
716
1177
1179
1378
43
105
480
490
544
804
1391
1674
1792
194
439
464
1118
1443
1584
1756
1796
1896
36
120
139
761
973
1205
1304
1626
1654
2042
65
116
202
1172
1449
1478
1634
1753
1855
1907
1939
153
255
338
397
814
1268
1290
1468
1517
1747
2045
154
245
640
704
787
1210
1442
1692
378
439
467
506
594
1177
1469
1697
1916
57
458
471
800
897
929
1302
1361
1668
1881
1984
431
500
575
827
974
1108
1295
1763
1814
1862
4
207
217
510
592
916
985
1662
1783
1893
47
104
442
564
586
867
1563
1923
1967
2030
185
315
340
522
668
691
818
1119
1172
1415
1663
1875
25
106
278
348
993
1527
1586
1630
1656
1874
1884
1987
5
492
615
1056
1102
1209
1390
1510
1652
1846
1945
236
371
406
640
1042
1222
1327
1597
1736
677
841
977
1008
1189
1236
1294
1567
1713
1815
1841
316
375
517
840
874
1451
1547
1877
1899
1957
106
259
339
628
796
924
1702
1737
1769
804
904
956
1339
1519
1750
1759
2019
2039
133
139
164
919
1106
1146
1396
1961
87
196
261
334
1169
1301
1335
1403
1642
1757
1888
9
17
34
241
333
825
954
1364
1424
1546
1669
1819
158
248
406
524
1010
1037
1253
1324
1516
1817
1
12
21
32
41
51
60
71
80
91
100
110
121
132
142
151
162
170
179
188
198
208
217
225
236
245
256
268
278
286
296
306
314
324
334
345
356
365
376
386
396
406
414
422
431
443
453
464
474
485
494
503
512
522
531
540
552
562
574
584
593
601
612
622
631
640
649
660
670
679
689
698
708
718
729
740
751
761
771
781
790
799
808
818
827
838
849
859
870
879
886
896
906
915
925
935
946
957
966
976
986
997
1006
1015
1025
1035
1044
1054
1063
1073
1083
1094
1103
1111
1120
1131
1141
1151
1161
1172
1179
1189
1199
1208
1219
1229
1237
1249
1260
1269
1278
1288
1298
1307
1318
1328
1337
1347
1357
1367
1378
1388
1398
1406
1416
1426
1438
1446
1455
1465
1474
1483
1495
1505
1514
1522
1531
1540
1550
1559
1568
1578
1590
1601
1610
1621
1631
1640
1650
1661
1670
1679
1689
1698
1707
1718
1728
1738
1748
1759
1767
1778
1790
1800
1811
1821
1831
1841
1850
1860
1870
1880
1891
1899
1909
1917
1928
1938
1946
1954
1963
1972
1982
1993
2002
2011
2020
2029
2041
2050
2061
2072
2084
2094
2103
2114
2124
2132
2140
2149
2157
2166
2175
2188
2197
2206
2216
2225
2234
2245
2256
2265
2275
2285
2295
2306
2314
2324
2333
2343
2353
2362
2372
2381
2392
2401
2412
2422
2432
2443
2453
2463
2471
2482
2493
2505
2514
2525
2535
2545
2553
2565
2575
2585
2594
2604
2613
2623
2633
2644
2653
2663
2671
2681
2693
2702
2711
2723
2732
2739
2749
2759
2768
2777
2787
2795
2803
2813
2823
2833
2844
2853
2865
2875
2885
2895
2904
2914
2925
2936
2945
2953
2964
2974
2983
2992
3001
3011
3021
3031
3041
3051
3062
3071
3079
3091
3101
3112
3120
3131
3143
3152
3162
3173
3183
3194
3202
3211
3219
3229
3239
3249
3260
3270
3280
3291
3300
3308
3318
3330
3339
3349
3358
3368
3377
3386
3397
3407
3416
3426
3435
3446
3455
3463
3474
3483
3492
3502
3513
3525
3534
3542
3552
3562
3573
3582
3592
3599
3608
3621
3632
3642
3651
3660
3668
3677
3687
3698
3708
3718
3728
3737
3747
3757
3767
3777
3788
3800
3811
3820
3831
3841
3853
3864
3876
3887
3898
3908
3918
3928
3936
3944
3955
3964
3975
3986
3999
4008
4017
4029
4041
4051
4061
4073
4083
4093
4102
4111
4119
4130
4140
4150
4161
4172
4182
4192
4201
4211
4219
4228
4239
4249
4259
4268
4277
4286
4298
4307
4318
4328
4337
4349
4360
4369
4378
4390
4400
4409
4418
4430
4441
4452
4462
4473
4482
4493
4503
4513
4525
4534
4545
4557
4568
4578
4587
4598
4607
4618
4627
4636
4647
4657
4667
4676
4685
4693
4705
4718
4729
4737
4746
4756
4767
4777
4787
4799
4809
4819
4828
4838
4847
4856
4866
4877
4888
4896
4905
4916
4926
4936
4946
4958
4970
4981
4990
5001
5011
5020
5029
5037
5048
5060
512
2048
1060
931
849
1272
1364
525
1126
1220
1957
1117
1959
619
1559
1913
584
764
1087
1795
275
1072
459
1792
89
550
324
383
1635
267
1503
883
1258
1832
1772
4
304
1359
1479
36
211
827
92
773
1468
1182
1926
510
677
221
488
347
1206
1453
1515
551
260
879
1758
929
134
806
126
449
810
1919
213
787
927
50
140
586
1757
284
724
1707
1325
1683
482
1039
527
80
859
990
1603
1637
875
2009
1382
1470
2010
62
142
1081
1214
1119
1693
1953
30
1630
1000
1935
1981
8
461
1139
1204
183
382
184
681
1524
113
1851
18
912
1107
1889
200
440
201
1872
732
972
78
1682
646
1286
1947
917
1574
1815
1051
1812
79
177
1655
387
690
913
983
960
1740
860
1672
1721
2041
399
663
1121
1098
1501
55
820
1222
351
1041
576
817
1649
281
1076
734
1216
1910
545
714
1088
463
1436
1900
329
1446
410
457
928
1875
120
800
1835
198
954
1082
1506
1869
2006
1705
2016
1963
863
971
1259
290
2004
923
1295
176
903
804
835
841
217
295
1852
1199
170
1401
2007
258
563
1013
37
181
1531
1688
72
970
1424
271
1886
369
920
1001
263
1548
945
189
466
1507
403
473
1297
1417
484
541
607
1808
205
753
419
667
653
2002
1542
29
361
1405
1831
739
1189
2042
1174
1896
212
1914
1941
1879
1556
197
255
1245
1639
1116
326
53
670
786
644
1275
567
659
939
1049
84
1391
1456
470
1260
1983
782
956
1157
1233
1694
96
1810
766
1077
431
720
94
654
961
1032
758
1934
935
1631
320
678
1131
1523
1241
1412
1803
408
1820
33
1361
1857
231
1136
834
1023
1845
317
851
876
1441
75
1435
447
471
1577
521
1176
905
1229
1293
1973
1017
1224
1932
1321
1667
1972
54
363
422
1416
1038
1337
199
625
1589
595
621
1825
1254
443
868
1899
417
421
721
150
472
1031
1619
1824
647
938
1540
915
629
1268
343
1640
1024
1429
311
578
1816
1955
193
452
1719
28
115
376
1411
1904
1511
2018
9
362
1377
1085
1465
953
1118
45
85
83
272
998
1686
248
1044
610
630
884
1428
173
1068
671
1257
6
532
1472
1738
559
1168
1371
1660
781
839
962
1354
1684
247
1200
722
522
1294
1909
331
425
1458
580
857
1885
402
797
1265
44
1280
1513
1432
1681
1809
1267
159
1843
110
514
2008
312
416
1218
807
1666
1784
1962
257
1129
1746
2025
565
986
35
624
940
1269
1728
112
808
1271
397
487
700
999
1471
933
1153
1266
799
1801
254
450
2022
1544
1565
1528
1184
801
973
1358
783
877
333
505
906
1028
937
512
523
1282
1493
709
838
1517
398
400
1562
1817
711
1079
1798
1871
1911
1922
872
950
2031
691
1175
1238
1823
1971
500
1510
242
1920
1704
1997
1956
831
582
1658
1188
1288
1770
641
137
531
23
1406
1571
464
1022
1336
650
1762
22
360
411
1951
1965
2021
1644
1710
1901
111
995
684
731
1120
1724
836
1905
581
352
701
1003
491
745
941
1033
1526
1877
509
1713
725
1689
776
843
1903
1516
1380
1608
1868
49
652
889
1011
1796
1084
1754
3
99
601
1009
1930
71
543
1144
762
1111
138
589
1316
1864
1150
1369
1476
1530
506
2043
356
628
118
934
32
87
1466
1964
1080
1867
2020
139
1837
660
2046
546
1489
1776
575
1536
542
968
666
1252
371
539
1021
1459
266
1327
1929
535
1482
1860
561
1342
1463
881
1239
88
1615
424
850
490
1628
1221
695
1725
944
981
1662
1751
458
552
1512
394
1187
60
1804
224
706
1326
1670
1090
901
832
1071
1522
335
1363
1988
1234
1345
1661
277
358
1103
1906
1318
1599
1944
273
566
814
815
1742
1967
1569
1881
1498
1928
1290
967
1180
1618
1787
158
253
1593
511
1183
1251
1625
515
1167
1647
1331
651
1408
1761
1737
1778
699
1397
1650
16
146
1040
41
102
1113
622
1020
1231
42
1047
2034
1394
1448
1483
2013
1722
1768
1977
1543
1142
1669
82
748
907
1822
1863
608
845
1106
307
568
974
81
1674
617
534
726
1794
626
639
1264
1638
1185
1774
1283
1691
1709
1262
1124
1583
25
1734
209
1261
1332
816
1605
1992
1048
214
904
1178
1451
1853
2026
1004
1350
1478
232
1030
1292
1320
949
1629
1692
1263
1563
353
965
1539
871
1237
751
517
1310
1766
477
728
750
1895
442
1122
1101
1393
2035
1779
1621
104
1213
1422
377
1343
948
1527
516
648
1783
182
886
95
1138
210
230
897
1110
1094
1307
1508
1572
388
489
1243
1403
415
413
1100
1449
1141
40
186
1675
468
611
1396
64
765
826
778
1764
359
1202
1604
202
520
157
1169
694
896
1052
366
856
1891
237
498
887
976
1752
365
1549
135
245
454
167
14
148
1376
963
1978
486
1421
1473
737
1053
434
1154
1723
1579
1859
1907
1987
1250
1305
501
503
114
130
840
169
235
1301
752
1108
1591
328
1205
1846
249
1659
1771
1917
600
1074
738
665
1455
1601
187
423
1409
740
1678
93
1607
1701
296
1036
1490
1385
919
991
216
330
2001
1643
1676
1773
319
605
1143
1065
1834
1210
1582
1632
1884
1198
1281
34
964
744
1240
1893
1426
180
1480
1609
1025
310
683
1130
675
1170
1802
772
292
992
1509
2048
219
289
1163
686
946
1069
530
742
1443
1943
493
1641
368
823
1407
1546
528
891
1998
848
1756
833
1334
433
1425
430
1365
792
1148
1457
225
1109
1642
926
1193
279
305
908
760
1018
1979
1450
1800
1372
662
124
405
544
1370
1925
163
455
2036
1600
437
1249
262
2023
12
1874
1242
125
1255
1551
1912
672
1634
674
1392
1878
564
723
1844
123
736
1481
1855
246
1078
1777
1
2
5
6
9
11
14
15
18
20
22
24
26
27
29
32
33
37
40
43
45
47
49
53
54
57
58
58
60
64
66
67
71
74
76
77
78
79
80
82
84
86
89
93
96
98
101
102
104
105
107
110
112
114
116
118
118
120
120
122
124
127
129
130
132
135
138
139
141
144
145
148
150
152
153
154
155
156
158
160
163
166
169
171
174
175
175
177
178
181
184
186
187
190
192
194
195
196
199
200
202
203
206
209
211
213
216
218
221
222
223
224
227
231
234
235
237
239
241
242
246
249
251
254
255
256
260
261
262
265
267
269
271
274
275
277
279
280
282
284
285
286
288
292
294
296
296
300
303
303
305
308
308
310
313
317
319
322
324
328
331
333
333
334
337
338
340
343
346
347
350
353
355
358
361
362
364
366
368
368
372
374
375
377
378
380
381
382
385
387
389
391
391
395
397
401
403
405
409
413
416
418
420
421
424
427
430
433
433
436
438
439
440
442
445
446
448
452
456
458
463
466
468
468
471
474
476
479
481
482
483
486
488
490
492
493
496
497
500
502
504
507
510
513
515
518
520
522
524
525
526
528
531
532
534
534
537
538
540
542
546
546
548
549
551
553
556
557
559
560
563
565
569
571
571
573
576
577
580
585
587
589
592
595
597
601
605
607
609
611
612
615
616
618
620
622
625
627
628
629
631
635
636
638
641
644
646
648
650
652
653
655
656
659
662
662
664
666
670
671
672
675
677
678
680
681
685
688
692
694
696
698
699
701
703
703
706
710
713
714
717
719
722
725
728
731
733
734
737
738
741
742
744
748
749
752
755
757
758
758
761
765
767
770
771
773
775
778
781
782
783
785
788
791
795
798
800
801
803
805
806
809
811
813
815
817
818
819
820
823
825
827
829
830
830
831
832
834
836
838
842
846
847
850
851
853
854
857
860
860
860
862
864
865
867
869
872
875
879
880
882
884
885
886
889
891
894
896
899
902
903
905
907
910
913
916
916
919
921
923
925
925
926
929
932
932
934
937
940
940
941
943
945
946
949
950
952
954
954
957
958
958
960
962
965
966
969
970
973
976
977
979
981
984
987
991
991
991
993
997
1000
1002
1002
1004
1006
1006
1008
1011
1014
1016
1019
1022
1024
1025
1026
1031
1034
1035
1037
1039
1041
1041
1041
1042
1045
1046
1048
1051
1054
1058
1059
1059
512
2048
1075
14
563
767
752
947
1403
1822
44
284
973
738
1277
1332
1730
781
1005
1580
148
184
1368
1636
1883
1068
1120
257
428
821
1886
1930
266
544
1767
997
27
571
614
1406
1624
829
1524
52
159
1101
1242
1726
1936
1427
1584
913
1421
365
500
1374
1375
1602
23
333
276
543
611
412
956
67
489
1271
633
1573
725
1363
218
236
1307
1756
732
1082
524
981
400
622
672
908
196
596
1355
926
989
1806
103
125
924
7
1118
1825
274
675
1962
29
499
591
16
233
1604
1926
1980
2008
283
587
1340
47
1216
1877
839
1348
461
843
1248
1513
1547
1696
4
117
746
889
1545
928
1990
467
1923
340
864
717
911
1829
820
1824
358
634
876
1180
1922
1056
1302
20
1140
1674
446
1053
1522
562
1766
1002
1167
1747
132
209
1631
645
996
1268
110
271
1707
695
1039
1431
609
1139
1369
2014
79
471
25
90
1240
892
1033
1038
1929
743
1193
1467
367
766
1384
1625
350
1933
167
679
1153
723
728
933
210
363
514
791
1102
1867
1296
1799
758
1455
1590
1984
533
345
567
1574
60
1682
1239
1960
1073
2015
727
776
1194
201
374
946
1328
1900
473
720
1579
1009
1890
305
1050
497
1629
242
329
482
927
156
181
1699
179
1164
1623
1749
462
579
1238
1447
854
1669
683
714
1912
2030
43
1145
1860
1435
522
788
920
1490
520
606
1997
907
967
1839
122
413
1964
736
830
1155
1291
2027
389
421
1292
1808
755
1263
1778
1256
377
515
846
1976
319
1279
1732
1782
77
995
1760
66
352
724
1204
298
1387
1813
1434
322
1354
1593
1617
279
552
1628
525
1627
1908
180
436
1884
689
1601
82
647
1064
1765
1608
1621
1986
285
1836
531
1133
1230
1632
625
917
1487
735
1516
974
1739
521
151
464
593
1057
1921
1901
216
941
1598
448
577
1373
1397
425
938
1092
144
581
1676
378
470
1827
127
1079
1941
742
862
915
58
98
529
1426
1803
502
661
1728
883
1493
852
954
1380
952
214
441
1538
1992
688
1315
1436
1648
246
799
1149
1511
162
650
1821
311
545
548
948
1130
2
576
882
978
1229
1620
987
1341
1664
1966
1254
1465
1480
677
871
964
1626
918
998
1552
1417
1913
157
937
1442
1954
900
2001
710
1440
1709
430
1646
629
789
1281
1359
1895
621
931
1110
100
295
1439
1686
1773
382
397
608
168
1024
1317
1134
1336
1892
442
1344
1382
1062
1071
498
1857
1323
388
699
1587
2035
1184
240
164
195
535
10
638
1211
1677
212
307
452
1558
1864
463
853
1755
1040
169
292
1264
1591
1603
203
1740
2031
560
780
1859
150
193
1555
1701
310
317
1166
984
1800
1072
1394
1754
332
1446
670
155
693
2043
130
1588
1938
1052
404
1076
234
1034
1213
402
85
243
443
1391
93
1151
595
42
253
343
1684
422
1575
349
635
420
56
254
716
769
803
1609
232
1168
1789
790
1416
74
1776
733
925
1003
1695
89
477
108
1049
399
664
1902
519
280
1156
1486
143
1742
1132
1154
1257
154
32
131
465
517
719
508
1259
841
1462
472
921
556
1471
1502
1816
88
1090
605
1358
1771
1907
1534
386
696
1162
1641
449
112
1533
1663
950
1223
1225
1725
260
971
1540
617
1659
145
114
166
739
751
278
934
19
2012
334
705
220
686
1165
21
1415
1657
314
1512
1737
30
730
1468
128
235
1314
86
1357
1429
1779
977
1481
1751
1752
653
656
1150
636
814
1479
899
678
1224
297
903
1381
1463
619
138
547
161
741
985
1086
1981
331
589
1611
1977
231
1717
1517
2036
252
966
1272
1917
750
782
826
1227
713
1144
592
1505
2041
1566
1196
1483
518
951
1243
318
1437
796
1036
786
837
1286
1525
875
2017
188
248
1059
1143
115
1491
288
300
1235
1948
11
1253
1770
355
2003
1088
1217
327
370
1321
697
944
1016
2033
1592
1872
858
1267
1651
2018
824
1207
1330
395
805
299
511
711
1472
1044
1905
2025
1672
1866
206
1445
2002
999
1067
17
1152
13
618
1454
488
1542
1983
1565
1666
265
407
1244
980
1329
504
906
1967
160
1494
895
468
929
1174
219
1850
418
250
1880
202
1653
1989
376
888
1043
347
642
1175
1289
1834
749
1349
429
669
1091
293
1642
1869
2010
2013
270
312
809
1018
230
1288
813
1777
957
1903
1910
163
549
290
1458
324
1719
1994
1181
1882
1879
392
1496
459
880
1176
1795
80
494
1698
1069
1667
451
1157
1554
897
1780
95
1523
810
1004
1124
873
1425
153
454
816
1099
1105
1597
1784
902
692
1372
2009
1030
1084
1705
1526
366
387
1126
57
1469
2047
171
626
1694
1783
583
1488
1527
96
1182
308
527
1011
1418
1508
1423
1539
229
410
1293
1430
1551
2034
658
1506
1509
1675
1988
474
1327
1474
777
890
845
962
1305
709
1484
1622
1692
170
1927
267
825
986
1400
65
798
1367
123
368
1958
667
703
1087
842
1228
1282
1546
239
256
320
666
1768
1123
1295
1594
1607
510
601
1504
121
1549
836
261
649
1284
1507
158
1450
1241
315
351
375
1386
409
189
554
2016
2042
109
584
1021
1178
1713
394
1025
860
1395
1614
550
1833
435
856
1214
1743
346
444
1392
92
173
891
215
396
434
1190
1352
1830
762
1010
1788
1299
1665
1831
1844
2011
78
83
1832
1996
282
126
1998
1070
354
460
208
1020
1863
40
224
1320
646
1398
1865
1121
1245
1385
1459
339
668
1313
275
341
493
603
1077
1195
226
1457
1847
140
1083
2040
187
304
648
33
1042
152
844
458
1904
674
955
1361
91
398
1536
1837
384
685
909
1226
75
478
1514
356
1797
1968
3
357
600
1595
415
561
1116
945
1035
1122
734
828
878
1761
1762
1793
1032
1
2
4
8
8
11
15
18
20
23
25
27
30
33
34
37
39
41
44
47
48
49
51
52
54
55
56
56
58
61
61
63
66
68
70
74
76
78
82
83
85
88
91
92
94
97
100
103
106
109
109
112
114
118
118
120
121
122
125
127
129
131
132
133
134
136
141
143
144
146
149
151
154
157
159
160
163
165
166
170
170
172
175
176
179
182
186
188
191
194
195
197
200
202
206
207
210
212
214
214
216
219
222
224
227
229
231
233
236
237
240
241
244
246
247
248
250
253
254
257
258
262
265
268
268
271
276
280
283
284
286
288
289
291
291
292
295
296
296
299
302
303
305
307
310
313
314
316
316
318
322
325
327
330
331
334
334
336
336
338
339
342
344
345
348
352
355
358
361
364
366
367
370
372
375
377
380
381
383
384
384
385
389
389
393
396
396
399
399
401
405
407
411
414
416
418
421
423
425
427
429
432
434
434
437
439
442
443
445
447
450
453
456
458
459
461
463
464
467
468
469
470
473
476
477
480
482
485
486
489
491
494
497
501
504
506
509
511
512
515
518
519
521
524
525
526
529
531
532
533
536
538
540
540
541
544
547
550
552
554
558
560
560
562
563
565
566
569
570
571
574
574
575
577
579
580
582
584
586
586
586
590
592
596
597
601
602
602
605
607
609
612
614
615
617
619
621
623
625
625
626
628
628
631
634
637
637
640
641
644
648
651
654
655
656
657
661
662
662
664
667
669
673
675
677
680
681
683
684
685
687
690
691
693
696
698
700
702
704
706
707
710
712
715
716
719
721
723
724
726
730
732
736
739
741
745
747
748
750
753
755
757
760
763
765
766
768
770
773
775
776
779
781
782
784
787
790
793
795
797
800
803
805
806
809
811
811
813
815
816
818
820
821
823
825
826
828
832
835
837
838
839
840
841
842
844
847
847
849
852
854
855
856
857
857
860
863
864
867
870
874
877
879
880
884
886
886
886
888
889
889
891
892
897
900
902
904
905
909
911
912
915
915
918
920
921
924
928
933
937
937
940
942
943
947
947
949
950
954
955
955
959
964
964
966
969
971
975
978
981
982
987
990
991
994
995
998
999
1000
1002
1002
1002
1003
1005
1008
1009
1011
1013
1014
1018
1021
1024
1027
1030
1032
1033
1036
1038
1040
1042
1045
1047
1049
1053
1056
1059
1063
1066
1067
1069
1073
1075
512
2048
5084
232
629
731
1317
1391
1467
1523
1566
1592
1636
1883
7
55
179
296
552
1161
1355
1492
1645
1817
247
294
296
868
1329
1330
1948
1985
167
612
626
692
839
886
1165
1382
1395
1440
1820
1947
434
499
507
1037
1186
1521
1855
1856
1938
438
672
900
1232
1462
1573
1875
1923
14
461
479
1014
1288
1416
1753
1794
2004
327
441
496
673
711
898
966
1613
1744
1880
179
877
1260
1418
1430
1469
1747
1786
1818
269
333
450
485
575
1177
1233
1271
1302
1755
12
494
849
885
1402
1418
1445
1478
1826
1983
165
306
356
679
819
1444
1541
1676
1677
24
292
585
643
957
1308
1381
1769
1912
617
696
725
801
967
1300
1365
1384
1421
1536
1891
76
204
613
661
918
1316
1574
1693
1715
1923
40
121
440
475
929
1055
1171
1460
1708
1723
1869
230
1042
1232
1299
1328
1338
1442
1615
1640
1734
110
155
190
961
1257
1517
1570
1712
180
895
982
1099
1145
1273
1575
1985
123
371
470
518
687
721
1013
1137
1375
1858
2006
130
313
400
427
794
1077
1105
1791
1792
1932
2033
186
615
680
866
868
1196
1291
1584
1649
1968
154
208
518
569
644
646
756
777
1319
1473
1834
114
268
1036
1226
1537
1628
1696
1712
1751
1874
209
330
504
907
1296
1496
1847
1908
2015
2042
9
68
102
798
1160
1444
1474
1559
1651
1722
920
956
1002
1352
1384
1609
1656
1691
1806
1906
2015
2037
241
484
665
1282
1375
1401
1480
1689
1870
526
539
840
934
1303
1825
1838
1994
2043
129
164
437
561
802
878
911
1182
1470
1702
1982
2035
146
211
405
439
448
599
616
919
1138
1327
510
554
971
1016
1399
1437
1522
1612
1915
243
576
943
947
1177
1216
1273
1411
1440
1927
5
340
477
1111
1137
1262
1481
1540
1662
1729
1837
340
499
1027
1067
1281
1548
1597
1882
471
650
720
1235
1317
1320
1477
1519
1685
1979
309
791
853
1179
1244
1274
1414
1486
1798
1839
676
755
972
1040
1075
1194
1475
1814
193
445
597
976
1205
1393
1472
1562
1670
1818
1826
64
384
557
896
1046
1192
1461
1611
1618
1627
262
588
752
847
1608
1695
1720
1836
201
596
627
638
655
783
797
1129
1690
184
448
508
1014
1313
1365
1399
1452
1517
1725
1812
10
70
137
391
430
530
668
996
1419
1492
1731
34
80
332
672
905
1254
1351
1571
1626
1909
439
507
633
1213
1433
1493
1603
1907
1995
170
203
255
610
657
1005
1034
1897
1916
151
336
540
712
815
833
862
1208
1263
357
445
804
1507
1741
1776
1857
1870
1921
279
365
513
609
732
867
1017
1018
1187
1776
1778
1904
109
145
402
897
1582
1585
1697
1698
2047
32
76
104
194
326
474
816
1239
1960
2009
82
226
412
599
717
1010
1186
1672
41
502
691
1073
1110
1148
1252
1305
1535
1849
1881
1965
148
252
291
299
331
428
726
1379
1447
2011
208
233
656
771
866
1241
1533
1557
1656
1687
2010
223
502
505
592
922
1125
1135
1270
1356
1450
1910
128
353
459
761
842
844
1115
1283
1972
49
578
808
897
1075
1329
1480
1586
1634
1958
121
203
214
345
651
670
715
791
1750
1848
1872
2
59
106
316
735
875
1267
1564
1589
1745
319
324
386
425
429
733
955
964
1287
1336
1682
1949
511
529
657
849
1002
1038
1258
1270
1853
1908
77
337
1007
1132
1354
1356
1597
1621
1622
1877
16
122
145
261
318
430
593
1427
1564
1888
649
1078
1287
1306
1452
1862
1939
13
127
224
386
581
584
587
919
1153
1485
24
563
602
645
726
759
951
969
984
1194
1353
389
551
870
931
1029
1225
1380
1675
1779
1998
372
787
858
910
1093
1298
1782
1804
1897
4
117
153
233
906
1346
1577
1674
1867
1978
45
51
175
797
926
947
991
1321
1646
159
172
395
805
1188
1290
1538
1550
1587
109
114
404
468
864
1059
1064
1589
1736
1850
51
125
342
749
977
1154
1282
1350
1647
1688
1970
325
544
895
946
1168
1319
1419
1515
1859
92
133
344
584
1210
1236
1605
1613
1706
1950
186
299
301
695
1063
1097
1396
1418
1611
1657
1717
1728
27
313
521
697
1525
1656
1962
1987
200
216
546
812
893
1326
1461
1633
1738
1779
1963
2019
99
147
168
192
698
1048
1490
1877
1975
475
1031
1106
1143
1211
1415
1993
2023
2038
207
229
322
671
693
944
1539
1705
1764
1863
2009
716
1050
1269
1278
1309
1669
2020
2021
345
370
456
495
501
693
941
1220
1470
1933
355
557
748
807
1077
1160
1222
1811
120
320
555
871
888
952
1567
1689
1801
2013
23
261
713
1154
1563
1819
1830
1913
2025
106
453
741
993
1349
1362
1425
1626
1680
2041
281
599
678
939
1057
1098
1238
1373
1581
1596
1950
174
228
475
656
798
1070
1277
1499
1518
1957
119
202
469
1535
1593
1652
1805
1969
2047
247
504
597
640
921
1292
1340
1402
1781
1842
144
309
559
731
1658
1826
1841
1952
108
267
369
949
953
995
1105
1237
1348
1770
1930
98
128
228
273
515
744
1446
1611
1662
334
890
1080
1253
1495
1617
1726
1748
1982
2017
65
366
808
848
997
1023
1127
1701
2000
48
181
266
728
770
829
952
1014
1069
1178
1555
1819
133
213
364
438
492
538
642
857
1510
252
709
768
804
940
1097
1520
1813
1976
28
541
681
717
780
1076
1089
1215
1735
1811
220
334
492
592
601
1050
1266
1513
1704
1948
40
342
789
994
1027
1144
1268
1321
1543
362
516
723
921
1097
1142
1200
1348
1372
1754
387
759
813
872
980
1060
1396
1511
1531
1942
77
255
540
1122
1196
1469
1545
1605
1807
1828
322
504
703
1106
1413
1454
1551
1814
1844
149
168
1223
1311
1322
1527
1602
1782
1787
1871
418
503
585
1053
1098
1495
1703
1961
2012
86
176
298
536
562
901
902
978
1026
1313
1951
84
117
877
939
1275
1438
1471
1546
1873
542
586
668
708
835
1342
1383
1395
1439
1456
289
339
404
481
772
1117
1278
1563
1678
1794
1996
393
547
564
580
1225
1622
1936
1985
1996
2040
554
673
1124
1213
1339
1460
1491
1638
1650
1780
302
312
522
763
951
1255
1258
1497
1852
391
421
499
623
653
823
951
976
1197
1368
1733
267
278
317
493
507
1298
1426
1813
1833
86
535
782
830
1092
1218
1253
1262
1541
1825
2014
42
851
1162
1165
1514
1613
1795
1934
240
285
377
776
811
893
1309
1474
1552
1855
1919
418
481
590
704
900
1060
1191
1203
1240
39
314
442
573
1072
1138
1140
1248
1369
1575
1593
2043
298
359
392
730
1119
1214
1550
1590
1775
7
337
431
594
1035
1594
1654
238
642
716
1341
1748
1871
1921
1995
2
282
468
487
795
812
958
1602
2044
4
74
275
538
570
1054
1136
1334
1612
1838
2002
325
635
724
790
820
1066
1204
1718
1750
1824
198
441
637
648
915
936
1123
1445
1645
1664
469
633
1101
1151
1198
1201
1332
1564
1673
1735
1742
1782
75
410
659
666
755
783
935
1037
1239
1949
466
503
606
718
817
1355
1731
1751
1759
1880
1931
62
122
452
479
506
517
1040
1102
1353
1437
2034
33
87
744
914
1119
1133
1566
1623
1714
30
153
771
1120
1224
1601
1821
1850
1863
2013
192
207
621
701
791
954
993
1240
1249
1307
1526
1540
138
381
574
609
615
793
1058
1100
1675
35
482
860
985
1075
1230
1465
1828
1946
17
416
462
536
622
1162
1342
1553
1729
1813
1931
341
409
553
780
1463
1620
1784
1843
1928
1957
182
207
244
300
571
618
1248
1487
1515
1822
101
424
721
818
1556
1806
2032
2033
2047
401
973
1061
1276
1379
1664
1934
2016
2046
214
338
671
892
1035
1448
1897
1952
1984
1988
2036
174
449
761
838
940
1140
1219
1670
1741
112
435
682
778
1035
1164
1218
1228
1237
1476
1664
1940
548
558
619
664
1041
1096
1182
1195
1724
1960
39
60
69
287
769
1044
1636
2017
390
608
1172
1366
1394
1514
1749
2031
2037
283
871
959
1050
1173
1291
1298
1316
1875
1937
17
52
91
899
928
1398
1688
1692
1746
395
643
745
902
1003
1205
1249
1356
1721
1936
1939
44
314
695
949
989
1410
1438
1627
2003
37
63
192
415
419
435
936
1026
1350
1707
1714
1761
1937
157
244
391
394
501
518
1083
1652
1754
131
166
331
396
419
439
1006
1108
1461
1677
1960
2036
46
63
381
681
802
904
1194
1281
1335
1340
278
292
415
765
912
947
980
1151
1221
1631
1659
1889
270
304
452
550
556
925
1054
1179
1357
101
529
552
970
1084
1152
1211
1567
1786
1893
372
890
1062
1234
1435
1544
1631
1769
1884
1990
275
293
520
844
1071
1488
1890
1901
1969
254
287
444
680
793
1030
1415
1626
1734
141
147
530
603
771
922
1033
1100
1246
537
579
697
747
1002
1174
1742
1835
1922
828
943
1476
1482
1571
1581
1850
1935
1954
105
162
487
685
1190
1208
1360
1439
1534
65
213
383
469
652
762
1043
1136
1179
1907
719
739
829
1176
1276
1459
1520
1570
1717
1765
1980
151
333
583
790
933
1061
1114
1458
1848
173
661
758
841
853
956
1019
1529
2045
124
235
272
521
702
718
784
1256
1338
1542
20
144
164
1141
1173
1223
1247
1300
1405
1944
126
256
613
707
1339
1570
1624
1718
47
171
350
368
485
620
639
1189
1769
1858
196
271
306
350
405
614
715
1181
1643
423
460
692
796
904
971
1059
1386
1449
1502
1577
1868
266
717
746
821
839
959
1351
1618
1760
1858
1981
2011
5
70
229
243
246
414
773
794
984
1015
1766
815
852
898
1006
1096
1104
1547
1792
83
142
462
511
774
832
1008
1155
1492
1644
1916
66
462
1222
1374
1462
1713
1748
1908
15
100
119
401
858
982
995
1550
1814
442
589
781
786
788
862
863
954
1199
1633
1690
392
472
748
789
812
826
846
1256
1503
535
561
689
883
1156
1163
1374
1458
1746
1977
1986
2021
268
300
437
514
591
598
794
910
1847
1915
13
65
227
689
1385
1685
1807
1959
217
1127
1512
1537
1578
1865
1900
1946
1974
2039
73
233
465
943
1407
1628
1839
1898
251
509
657
760
992
1130
1169
1529
1732
427
446
870
1004
1081
1509
1610
1619
1817
1949
127
311
394
490
508
543
698
1227
1364
2030
16
204
297
441
1309
1372
1614
1703
1718
197
299
714
739
1147
1381
1412
1646
1750
1854
221
422
890
996
1198
1468
1482
1532
1793
1823
557
593
699
769
880
942
1006
1170
1899
1963
116
291
346
380
398
914
1087
1497
1639
1679
1843
250
346
407
429
548
610
655
1790
184
367
497
593
634
753
1219
1371
1413
1809
93
188
381
403
646
887
1303
1756
1841
1888
1984
1998
249
280
1137
1181
1380
1401
1464
1561
1933
183
911
977
1034
1111
1202
1232
1821
1969
1987
195
340
396
531
656
1265
1370
1711
2001
73
216
411
491
495
930
1015
1381
1463
1475
1488
56
228
356
542
1020
1101
1185
1348
1496
1661
1928
98
162
230
1091
1398
1471
1569
1702
1760
1919
158
479
558
864
873
887
991
1055
1487
1526
219
235
481
680
818
848
1228
1424
181
311
354
1117
1131
1197
1373
1649
1810
24
232
596
876
1048
1456
1462
1534
1666
1852
105
298
307
438
543
606
1164
1428
1469
1706
1895
125
523
667
704
1092
1360
1420
1488
1624
2004
253
591
612
814
985
1277
1377
1710
1767
1920
397
696
1059
1063
1256
1427
1473
1549
1554
1801
1952
26
132
790
1160
1183
1250
1377
1428
1781
31
42
323
526
578
630
1099
1545
1602
1620
1823
85
189
348
751
1115
1155
1408
1533
1753
1902
1905
109
234
587
666
747
1033
1257
1289
1694
1784
1860
335
368
1073
1113
1244
1388
1506
1576
132
315
316
1051
1266
1341
1567
1749
1909
107
152
363
626
865
1306
1497
1603
1758
1836
1886
374
519
640
827
1150
1346
1585
1986
97
222
566
703
1074
1231
1352
1596
1929
1954
166
512
516
861
998
1174
1291
1557
2002
88
218
389
433
517
1000
1404
1451
1496
1527
1914
137
157
408
1227
1333
1690
1778
1913
1916
347
378
574
660
1190
1558
1620
1663
1678
1743
172
206
598
880
1010
1071
1094
1692
265
374
390
498
813
1135
1341
1538
1764
81
712
779
1045
1060
1343
1727
1752
93
314
315
466
759
1041
1484
1623
1799
1973
92
112
303
320
484
565
670
768
889
1606
1760
122
171
705
773
775
959
1064
1759
1999
13
572
936
965
1245
1442
1730
1881
1964
2022
31
533
631
778
796
1158
1425
1457
1600
1768
1974
935
950
1018
1228
1230
1525
1553
1685
1844
248
321
344
445
653
851
1112
1142
1591
1994
686
800
894
1022
1285
1315
1352
1534
1610
1809
1828
286
537
770
785
988
1037
1175
1547
1588
1594
474
616
1128
1212
1358
1607
1614
1874
1879
38
96
273
379
386
754
854
864
1167
1172
1716
1
91
492
684
810
1109
1432
1765
1956
1992
2031
19
104
261
378
480
697
891
1485
1873
363
403
426
456
869
1012
1556
1761
1920
1923
113
455
844
874
1058
1212
1312
1333
1555
1723
1747
47
245
358
364
1151
1393
1509
1799
1872
1951
38
161
534
776
832
891
1315
1648
1687
395
399
472
1343
1345
1368
1369
1379
1697
135
144
212
223
382
426
647
942
1067
1583
1791
409
471
727
734
779
1116
1208
1661
1698
1929
2044
2046
58
151
154
740
998
1065
1201
1767
1788
1835
177
182
347
414
458
556
1024
1389
1441
134
524
960
1132
1264
1439
1454
1887
1905
131
513
567
574
819
860
1096
1554
1555
105
139
377
938
1247
1311
1518
1636
1774
1931
44
602
730
842
1085
1284
1565
1640
1876
1979
396
433
622
894
1089
1410
1978
2017
18
644
885
966
1088
1164
1287
1301
1430
1832
39
577
630
662
1028
1133
1209
1592
1606
1684
1699
88
201
819
900
961
1648
1803
1821
1838
2018
37
165
329
434
639
984
1162
1732
1737
1942
2030
71
220
322
595
883
1141
1199
1236
1243
1715
56
77
400
736
818
1082
1165
1362
1408
1409
1765
190
211
556
1009
1344
1489
1770
1848
1927
35
52
161
328
358
563
687
715
780
850
1118
120
749
825
923
975
1299
1586
1708
1878
1921
393
718
793
859
917
1114
1261
1400
1702
68
539
540
635
880
1058
1062
1392
1644
1674
1788
1943
98
260
343
360
367
624
801
1264
1332
1500
28
141
324
528
667
874
1227
1453
1639
2027
3
57
361
480
534
627
975
1647
1752
1829
1885
1971
336
367
824
914
1003
1055
1422
1442
1513
1772
60
149
173
330
486
491
873
988
1400
1876
237
264
317
453
519
679
1337
1629
1671
1870
854
1121
1131
1263
1362
1655
1925
1959
2014
2020
180
373
562
733
903
1007
1008
1173
1335
1349
1706
1800
54
263
277
623
859
1031
1038
1139
1378
1683
1720
1965
91
127
735
761
1297
1324
1360
1830
111
488
495
732
963
979
992
1032
1804
2028
43
384
837
1019
1501
1510
1797
1990
58
61
595
829
1036
1304
1378
1423
1532
1598
1942
483
809
1022
1209
1318
1576
1797
1966
27
48
799
1043
1091
1116
1373
1404
1429
1528
1667
191
325
467
527
528
779
921
1001
1025
1711
1925
2041
185
494
505
536
568
613
823
1504
2005
14
303
590
638
1190
1233
1361
1541
1546
1608
152
285
357
502
687
845
973
1011
1146
1519
336
549
720
873
937
1524
1590
1653
1837
187
473
496
571
867
896
993
1479
1544
2028
339
443
451
496
632
663
1082
1657
1739
1829
1956
26
276
417
446
788
1320
1733
1800
1975
2007
170
342
555
884
913
942
1212
1431
1642
1653
1967
194
399
685
743
1069
1325
1464
1655
1862
1962
2010
10
53
61
161
989
1107
1169
1314
1376
1833
19
84
95
175
580
830
922
964
1968
2
172
497
577
902
1390
1491
1512
1585
1609
1739
1991
694
757
785
822
945
977
1333
1475
1822
1882
1910
50
205
242
454
513
569
917
1406
1789
1936
176
204
284
465
960
972
1358
1502
1543
1696
1882
2024
59
636
845
861
957
962
1434
1440
1586
123
223
265
510
749
1066
1207
1215
1967
190
215
457
524
909
1157
1261
1388
1572
1600
56
260
269
389
855
1039
1259
1324
1361
1484
1498
1505
10
136
345
837
950
1214
1331
1472
1622
215
258
282
550
710
876
918
1126
1203
1446
1736
6
15
713
806
1220
1402
1411
1606
1619
69
895
1122
1637
1720
1810
1840
1993
19
277
305
313
506
1039
1277
1588
1749
162
282
308
570
774
825
1547
1560
1860
74
140
221
638
834
843
982
1133
1150
1507
1508
87
388
586
637
674
703
767
916
1047
1105
1755
17
141
148
248
460
654
719
750
1193
1680
1700
90
97
142
1113
1118
1156
1171
1566
226
281
344
352
514
918
1043
1046
1272
1708
1737
293
362
1155
1178
1284
1384
1568
1594
1887
1970
2007
2029
25
384
856
978
1268
1273
1420
1423
1802
1940
67
291
659
713
869
930
986
1070
1940
8
286
524
605
652
738
925
1982
357
447
649
767
1226
1255
1591
1815
38
78
243
285
551
560
645
1083
1274
1851
304
451
628
908
1110
1221
1231
1484
1840
1944
663
755
798
907
1185
1506
1938
1984
2045
3
222
847
855
1016
1310
1430
1453
1580
1808
1911
153
390
712
807
1032
1504
1524
1775
2042
370
417
641
831
879
1015
1288
1306
1676
1811
1947
1976
46
58
196
257
669
888
1085
1426
1679
1796
1853
2016
199
312
614
1104
1112
1180
1452
1553
1560
1743
489
611
775
1780
1799
1842
1865
1894
2019
29
364
375
970
1112
1226
1363
1705
1710
1891
2048
414
625
756
796
905
1134
1385
1726
1796
1903
284
352
569
594
710
805
1084
1516
1861
579
710
799
963
1065
1346
1523
1610
1807
2022
567
651
1172
1216
1436
1699
1724
1738
1930
2028
45
568
668
1005
1217
1421
1483
1783
1924
1988
546
604
816
974
1109
1146
1254
1297
1595
1895
110
455
705
953
987
1095
1146
1441
1552
1565
1888
198
426
531
592
906
1023
1203
1414
1663
1669
2038
310
456
564
878
1286
1340
1417
1654
1768
59
103
108
706
958
968
1301
1330
1359
1917
348
355
559
655
735
811
932
1521
2024
70
143
435
458
699
768
788
835
852
1286
1902
67
226
582
637
1115
1149
1229
1432
1455
436
581
641
856
870
1094
1126
1128
1139
1397
412
436
806
882
894
908
1166
1592
1671
1851
1932
603
1012
1302
1485
1516
1668
1715
1744
1802
1961
36
283
293
440
443
600
694
916
1070
1344
21
171
1008
1134
1671
1682
1698
2032
159
589
974
1016
1195
1404
1681
1714
1798
1945
43
64
523
633
727
792
1322
1477
258
857
1025
1300
1313
1355
1448
1747
1758
240
397
648
846
1308
1347
1601
1660
1745
1992
86
777
945
1132
1638
1711
1803
2037
264
385
588
608
820
840
948
1223
1230
1433
1665
526
533
604
1020
1289
1403
1637
1827
1831
1990
2039
734
747
774
795
803
831
1128
1416
1582
1641
99
288
474
573
741
757
1125
1145
1427
1806
139
178
290
990
1293
1302
1387
1561
1686
1833
101
236
307
365
376
450
1062
1417
1490
1500
29
427
560
611
994
1323
1483
1684
1759
1989
74
545
1021
1438
1501
1673
1687
1745
1993
280
375
1275
1280
1395
1465
1700
1781
1824
1886
185
549
562
843
853
958
985
1130
1709
1762
1763
1845
1
754
952
1181
1651
1657
1680
1755
1787
1912
30
116
404
706
782
824
903
1785
1805
1868
2006
203
259
406
522
558
1330
1354
1753
1989
100
111
115
116
143
421
478
916
1260
1614
1986
382
533
810
885
988
1056
1279
1660
1847
1955
1958
50
66
321
946
1357
1407
1437
1819
1899
89
96
189
234
332
500
733
987
1056
1454
274
686
769
822
842
1158
1272
1318
1632
1695
2000
301
676
691
1445
1598
1696
1731
1898
1981
2015
195
236
428
629
673
795
855
1419
1864
75
155
642
662
861
1026
1092
1104
2024
178
239
385
451
643
738
932
1206
1344
107
167
289
620
987
1143
1159
1390
1679
1829
217
316
803
1073
1294
1310
1387
1604
1854
2027
9
26
103
129
196
225
764
1081
1387
1866
236
239
263
265
420
874
1569
1883
1972
219
295
374
465
565
1245
1412
1548
1617
1818
11
300
483
570
760
1114
1217
1730
1733
1997
594
825
1204
1211
1284
1295
1552
1816
1846
1971
113
206
385
457
477
809
1140
1625
1666
1808
1995
85
150
288
420
520
1088
1323
1329
1366
1633
1841
2039
145
191
262
276
509
544
591
1093
1129
1234
81
422
573
597
736
784
1057
1276
1434
1945
118
124
150
163
193
206
231
696
1347
1646
1704
188
1102
1251
1414
1429
1695
1773
1866
1924
1980
118
276
785
999
1019
1188
1495
1777
1966
2029
73
107
179
318
549
583
729
1004
1271
1616
1832
337
770
1144
1295
1584
1665
1924
1943
1991
156
250
679
813
923
967
1123
1583
1595
1726
158
237
351
547
654
767
1052
1168
1195
1789
1885
188
366
555
647
730
878
1079
1193
1210
1575
229
349
351
406
420
709
1653
1673
319
360
693
1099
1494
1683
1786
1812
2014
163
353
865
915
1045
1200
1405
1879
1883
2030
106
136
209
490
572
789
869
1159
1486
1654
1915
1933
20
234
467
525
1007
1042
1293
1359
1460
1700
1968
329
423
453
548
893
1270
1280
1307
1528
1642
1727
6
102
447
582
846
927
997
1054
1304
1597
1599
71
82
218
270
297
1068
1078
1459
1668
1771
1926
130
283
354
467
1305
1366
1383
1386
1590
1730
1999
18
133
195
476
929
1363
1394
1549
1579
279
473
683
817
999
1009
1045
1046
1375
1578
1721
1878
68
138
280
383
700
740
1184
1451
1668
1991
607
627
635
764
955
1167
1206
1557
1635
1707
373
601
822
955
1090
1207
1466
1624
1790
1795
191
722
737
743
1189
1209
1241
1323
1357
1413
2048
131
160
677
723
912
1328
1757
1763
1846
1859
1954
36
239
432
674
688
882
1072
1267
1530
1623
2033
147
249
388
708
737
814
841
1102
1455
1791
1861
1892
8
240
253
315
881
1505
1725
1876
1953
21
401
500
576
690
957
1156
1236
1285
1538
115
160
310
379
787
1042
1325
1386
1558
1629
1896
256
554
619
632
781
850
1533
1694
1793
51
470
614
669
837
1152
1159
1450
1672
529
615
624
1030
1367
1793
1830
1861
332
560
1010
1217
1630
1728
1785
1941
1950
350
464
975
1238
1274
1311
1576
1665
1975
2005
95
135
178
270
308
719
727
886
927
981
1935
2032
418
537
612
1390
1391
1431
1477
1648
32
242
295
460
1013
1315
1478
1634
1693
1906
100
108
341
428
632
847
989
1017
1312
1542
1785
1789
21
55
103
301
376
575
645
811
1191
1423
1584
1827
493
605
892
1163
1243
1252
1479
1743
1766
1892
2012
132
210
212
338
664
724
828
899
983
1186
1617
15
264
446
969
978
1121
1504
1532
1686
1709
1901
1958
94
294
346
862
1024
1083
1161
1247
1487
1736
245
525
604
685
689
913
966
1317
1449
1762
1941
590
1029
1120
1166
1580
1902
1980
222
274
519
766
934
1170
1171
1197
2027
160
577
682
821
889
990
1049
1207
1244
1535
272
278
355
631
763
824
1246
1319
2023
2025
2045
323
436
875
1086
1568
1574
1579
1716
1775
2035
2040
227
478
1406
1474
1595
1820
1884
1974
328
409
432
527
728
1027
1457
1503
1578
1604
631
867
924
931
1135
1224
1304
1621
1831
1864
1917
174
707
1044
1187
1467
1489
1519
1521
2003
49
431
750
932
981
1029
1091
1444
1727
1865
1890
1918
67
205
512
729
1296
1467
1719
1767
1827
1
164
387
661
677
722
881
1089
1235
1292
63
128
411
553
979
1433
1514
1560
1815
2008
2034
349
603
698
872
938
1367
1376
1739
1976
169
238
579
821
1175
1196
1494
1867
155
609
910
1314
1353
1918
1983
61
119
286
306
339
476
1625
1849
136
202
241
327
618
968
1087
1285
1290
1338
1382
2003
154
156
634
765
1005
1052
1392
1632
1854
156
408
463
684
702
882
925
1079
1367
2040
129
177
485
803
827
1068
1086
1093
1229
1250
1904
185
618
962
1331
1447
1494
1856
1889
25
210
402
454
634
707
1253
1279
1389
1732
1926
1977
33
302
392
664
1051
1242
1481
1520
1630
1938
251
294
725
809
1145
1177
1303
1616
1716
1722
1735
623
745
865
1127
1397
1845
1994
1997
5
259
302
602
669
1149
1308
1312
1522
1691
1763
169
225
410
553
606
617
676
920
1235
1658
1740
1945
121
834
1278
1435
1443
1500
1892
1964
2000
94
152
297
650
775
1345
1659
1849
1946
361
461
483
701
1011
1063
1184
1568
1612
1701
1903
2012
215
231
413
658
937
1219
1336
1777
1805
2008
407
700
997
1103
1265
1279
1335
1645
1834
1873
1914
79
309
354
729
1021
1558
1573
1788
1869
1894
197
348
375
571
616
1158
1422
1525
250
290
349
545
658
1012
1176
1191
1511
83
274
866
933
965
1246
1351
1431
1615
459
482
665
826
1056
1192
1269
1464
1536
1616
1973
43
149
585
675
805
1057
1922
48
380
393
407
596
649
1596
1635
1880
66
140
244
432
762
784
836
852
1370
1409
1898
334
373
489
838
994
1053
1166
1498
1719
23
54
62
69
480
754
1028
1201
1580
1663
1744
259
321
572
833
948
1289
1588
1862
1893
194
238
341
688
1326
1327
1347
1398
1447
1699
1937
31
208
326
753
909
1399
1436
1530
1713
1797
2011
89
97
134
241
254
587
600
690
1677
1857
79
90
227
269
941
1123
1152
1183
1337
1389
1599
1607
52
80
335
498
678
742
763
772
1125
1157
1371
1961
476
640
688
888
892
1296
1328
1772
1780
2005
2026
41
497
541
566
598
930
1001
1153
1836
2018
57
143
183
369
636
777
1493
1641
1894
7
47
168
257
743
757
926
1424
1587
1911
2038
425
625
675
704
746
1551
1561
1717
1757
1996
12
288
303
449
786
836
1064
1415
1420
1887
256
658
692
751
1067
1076
1107
1468
1771
1970
2044
372
398
1103
1491
1712
1729
1773
1989
34
370
682
741
1134
1283
1531
1562
1581
268
636
752
828
911
1090
1840
1955
1999
72
90
166
378
532
854
1339
1434
1783
117
429
494
714
716
1095
1148
1259
1652
46
359
547
588
800
898
899
979
1374
1499
1545
11
146
287
380
424
1108
1242
1400
1554
1598
1627
78
252
508
621
1248
1518
1573
1587
1966
27
371
583
830
879
1000
1180
1324
1410
1502
486
538
620
660
969
1202
1667
1703
1918
2026
187
218
412
448
928
1322
1383
1403
1539
1740
1774
22
444
705
924
980
1124
1299
1314
1349
1953
72
126
271
884
1215
1388
1486
1508
1697
1756
343
379
464
683
792
802
1225
1368
1650
1927
11
175
323
327
756
1192
1643
1900
199
318
463
901
996
1741
1816
1866
1890
251
305
488
708
858
924
944
1086
1378
165
406
444
478
702
711
863
1047
20
57
220
246
532
1049
1061
1074
1939
338
628
758
1080
1147
1334
1466
1537
1651
1839
2001
22
308
416
983
986
1095
1149
1559
1896
2019
76
607
742
766
1499
1505
1856
2029
53
200
413
515
1066
1147
1161
1529
1572
1790
224
746
909
1034
1251
1294
1364
1443
1681
1842
1948
1
12
22
30
42
51
59
68
78
87
97
107
116
125
136
146
157
167
175
183
194
205
215
226
236
246
256
268
277
286
298
308
317
327
338
346
356
366
374
385
395
403
412
423
434
444
453
462
471
480
492
501
511
519
531
541
552
563
572
582
593
603
615
625
635
645
652
662
673
683
692
702
711
720
730
741
750
760
772
780
792
801
810
821
829
839
847
857
866
876
887
897
906
916
924
935
944
954
963
975
984
993
1003
1013
1022
1032
1042
1052
1061
1071
1080
1091
1100
1110
1121
1131
1141
1150
1161
1170
1181
1189
1200
1209
1221
1230
1237
1245
1254
1265
1275
1285
1297
1307
1318
1329
1338
1348
1360
1369
1378
1389
1399
1409
1418
1427
1438
1447
1459
1469
1477
1486
1496
1505
1516
1525
1538
1547
1559
1569
1581
1590
1600
1610
1619
1628
1637
1646
1655
1664
1674
1685
1694
1703
1713
1723
1731
1741
1750
1762
1774
1785
1793
1804
1812
1821
1832
1841
1853
1863
1871
1881
1889
1898
1908
1918
1927
1937
1947
1957
1968
1976
1986
1998
2007
2017
2026
2037
2048
2058
2068
2076
2085
2095
2106
2116
2126
2137
2146
2157
2168
2179
2187
2196
2207
2215
2225
2234
2245
2254
2264
2272
2281
2289
2299
2310
2319
2329
2340
2349
2359
2370
2380
2389
2400
2411
2420
2430
2441
2451
2460
2469
2480
2492
2502
2511
2520
2529
2539
2549
2557
2567
2578
2588
2599
2609
2620
2629
2640
2650
2659
2671
2681
2691
2703
2713
2723
2733
2743
2755
2767
2775
2785
2793
2804
2812
2823
2835
2844
2854
2864
2873
2883
2894
2904
2915
2926
2936
2945
2957
2968
2978
2990
2999
3008
3018
3030
3039
3050
3059
3067
3076
3085
3096
3107
3118
3126
3137
3149
3159
3168
3176
3184
3194
3204
3213
3224
3233
3245
3257
3267
3276
3287
3297
3306
3316
3326
3336
3346
3357
3368
3377
3387
3396
3407
3416
3426
3437
3447
3457
3465
3475
3483
3492
3502
3510
3521
3532
3542
3552
3562
3572
3582
3591
3601
3613
3623
3634
3643
3654
3665
3674
3684
3695
3705
3714
3723
3732
3742
3752
3762
3771
3781
3791
3801
3812
3824
3834
3844
3855
3865
3875
3886
3895
3905
3916
3926
3934
3943
3953
3965
3976
3987
3998
4009
4020
4029
4041
4051
4061
4071
4082
4093
4104
4116
4125
4135
4146
4155
4164
4172
4181
4191
4203
4211
4221
4233
4245
4256
4267
4279
4289
4300
4307
4316
4326
4337
4348
4356
4366
4377
4386
4398
4407
4417
4428
4437
4445
4452
4460
4472
4481
4491
4502
4510
4522
4532
4543
4551
4562
4574
4583
4592
4604
4614
4625
4635
4643
4652
4661
4672
4679
4688
4699
4708
4719
4728
4739
4750
4760
4772
4784
4795
4805
4814
4825
4835
4845
4856
4864
4873
4882
4891
4900
4911
4922
4931
4941
4951
4962
4972
4982
4992
5000
5009
5018
5026
5035
5046
5056
5064
5074
