512
2048
3073
14
505
1732
1854
22
490
1268
1438
667
1524
1685
1897
15
64
226
451
597
1051
1485
1770
1890
13
118
376
618
1102
1126
1561
518
612
618
1529
1723
1905
473
748
1178
1844
519
695
918
1043
1488
1809
1241
1261
1508
1696
1888
1926
34
116
123
551
611
933
1168
349
1223
1257
1377
1657
1753
262
531
1198
1199
1510
1840
1946
77
544
872
1013
1025
1948
301
569
1448
1539
1678
1987
931
1046
1054
1335
1865
186
1100
1450
1679
417
673
780
1002
1106
1322
1870
44
50
234
285
414
820
970
1348
1548
1918
886
1340
1500
1779
239
276
558
860
1242
1402
41
942
978
1581
2008
2028
6
753
870
1750
1994
278
352
677
891
1010
1341
1409
1777
1921
376
1740
561
688
911
987
1154
177
464
974
1476
1972
7
575
635
652
1039
1055
37
487
852
1008
1685
1752
85
448
468
1498
1638
346
638
725
1353
1626
1662
59
508
608
1090
1170
1287
1903
192
492
1484
1522
1574
1664
1681
1237
1384
1428
1583
1922
1992
217
766
1077
1164
1227
1933
39
154
438
1143
1225
1227
1316
1826
190
759
887
1028
1350
1545
327
463
991
1130
1508
1821
92
255
890
964
1848
124
709
1318
1391
1474
1839
246
365
559
601
1101
1704
264
543
599
1601
1744
159
328
426
653
1166
1614
1848
1888
75
100
191
391
1244
1596
1911
484
1677
288
935
946
1088
1591
1600
1950
272
512
910
1103
1488
1610
90
228
296
329
402
1912
81
450
616
1143
1455
1551
381
1773
1962
267
758
959
1040
1363
1423
2027
277
651
806
857
1560
90
629
1320
1437
1837
394
1230
1354
1712
1723
1840
107
302
336
534
939
1173
1226
1584
461
588
1077
1427
1471
326
443
713
1040
1137
1289
1292
1486
1527
293
741
833
884
1017
1980
247
385
767
895
983
1689
50
584
632
1567
1681
1743
140
1053
1235
1470
1930
166
609
1574
232
560
981
234
351
1505
1699
1861
1982
915
947
966
1458
1493
1598
594
1532
1734
445
682
1020
1794
25
145
210
1570
1828
1901
2003
22
159
1851
134
254
304
1035
2005
34
506
639
985
1328
526
1052
1078
1089
1222
1658
1859
12
301
369
2021
36
69
261
426
428
578
580
1218
1538
1866
275
344
880
1122
1588
1742
1807
38
57
466
1345
1575
1810
2001
309
448
815
819
888
909
1193
1236
1827
1924
124
956
1028
1105
1936
2031
509
1156
1260
1880
1887
20
24
321
514
595
1846
1871
4
116
755
881
942
1143
1651
8
699
972
1476
414
444
699
1013
960
1296
1422
1492
395
1447
1545
1613
646
1043
1557
1691
1966
786
1240
1347
1348
1481
1825
1938
373
406
898
1191
1951
17
388
778
856
1175
137
781
1114
1197
1774
61
352
389
1355
1614
1770
552
1177
1477
1671
1860
1977
231
1217
1677
1792
48
1416
1716
1808
1811
1943
665
939
975
1784
1800
180
257
287
423
890
1726
204
241
427
1190
1258
1280
1305
1540
1566
1857
14
389
909
1026
2028
32
147
295
792
863
1058
1334
1993
897
1055
1145
1202
1492
1636
1659
1818
82
166
524
686
1340
1358
1791
45
888
977
1025
1181
1273
156
427
925
1155
1283
1298
1934
24
355
435
436
533
1213
1308
2014
642
1206
2015
112
356
434
1439
1457
1483
1684
1938
115
163
1482
322
692
1079
1411
1622
1647
1706
542
727
898
1172
1592
574
739
1032
1212
1439
1718
2032
2035
80
227
308
808
1776
30
1292
73
154
213
407
676
963
1623
1696
35
656
1390
1507
1697
1823
169
479
828
907
1193
1419
1702
2020
93
1018
1371
380
516
1701
683
940
1015
1281
1958
112
165
370
1810
1820
131
250
787
819
1370
1813
1881
1910
1987
188
475
694
869
887
1309
1470
1963
313
528
607
623
684
858
1430
293
669
796
1318
1909
354
428
1110
1128
1703
1852
9
443
491
1307
1520
1712
225
470
1018
1021
1186
1831
274
720
931
1495
1509
1663
1666
1796
105
1159
1605
1776
1862
255
435
452
705
921
1297
1337
1415
1557
3
126
216
653
660
1443
1734
1741
664
673
785
853
862
1441
1458
1900
1916
16
45
172
224
1406
1563
188
366
804
1323
1849
1950
1978
90
226
524
659
824
1240
1455
1969
118
208
706
999
1166
1567
1627
1839
1961
1973
1029
1057
1308
1685
1838
2003
160
244
771
1085
1263
1797
158
696
2017
256
299
369
717
824
971
1206
1726
1943
464
575
919
1169
1431
386
1156
1235
1406
43
265
308
547
662
863
1187
1661
241
531
532
538
1088
1160
1624
1795
1801
496
582
899
933
1599
1707
694
1261
1295
1766
40
273
471
785
1163
1168
1176
1827
31
743
1442
29
59
1124
1200
1290
1430
1490
1895
1925
1964
789
1101
1725
1854
760
883
1551
1698
1806
7
242
324
491
1125
1793
97
108
364
1566
1836
1887
1983
2004
420
923
1086
1413
1775
1949
2038
252
338
359
395
799
1593
227
232
814
957
1288
1710
1990
108
271
701
1469
1953
214
516
674
1084
1773
1884
192
284
704
1168
1402
624
679
948
1150
1664
1870
394
623
628
1382
65
651
1047
1220
1385
423
454
1087
1616
1769
155
199
312
350
405
925
1386
36
172
964
442
482
670
1339
1379
1799
1882
1417
100
681
748
1041
1253
1528
705
754
927
1009
1016
1379
1506
1878
86
583
825
928
1381
1845
1875
2037
718
722
1114
1466
1556
1604
66
371
969
1656
1701
1821
1886
249
666
675
1109
1728
1760
1896
1017
1358
1418
56
315
547
1367
1412
249
516
581
617
645
884
1372
1579
1933
2034
23
80
331
1089
1948
1978
2047
55
418
1274
1549
1601
1899
216
914
1456
1473
1483
1871
1985
214
377
1567
1727
1824
398
582
1193
1351
1876
362
481
711
964
1006
1307
1570
248
432
958
1596
882
1005
1108
1549
584
988
1429
1680
1714
1757
127
254
840
1327
1709
1936
1954
2009
157
280
587
606
1668
1804
518
1020
1191
1284
1829
209
466
1375
1832
367
639
307
646
1119
1438
1541
363
1446
1789
1994
222
558
751
1068
1892
1898
1991
182
220
1592
1650
1660
198
274
481
565
663
1036
1135
1462
439
455
519
971
1024
1450
132
333
613
1291
1310
113
689
1765
713
810
997
1003
1697
1818
1929
1974
28
205
355
469
488
1597
1798
1842
89
347
539
629
1034
1124
1215
1713
1852
2027
139
740
1605
1672
1996
2044
104
384
557
1433
1519
1642
1896
2028
284
450
738
886
1004
1073
1286
1695
528
1404
1482
1517
1574
1592
1877
67
380
737
1080
1355
1419
1534
1902
459
689
1004
1186
1196
87
384
1410
1488
1577
1635
1738
1757
86
142
474
149
285
602
757
1147
1358
1446
1543
1928
92
701
932
1468
1554
1988
734
1037
1425
1829
2013
473
563
747
1181
1814
1902
751
1828
2002
590
787
1490
1619
1729
1957
14
190
554
900
1266
1541
1838
158
533
974
1079
345
743
1155
1514
462
631
670
943
1020
1394
317
350
1861
420
609
859
1125
1198
1883
2011
18
400
954
1253
1529
1804
81
132
336
812
849
962
1374
99
786
854
985
1080
1149
1210
1756
838
936
1030
1548
440
848
1209
1224
1479
1811
291
345
841
1019
1170
113
310
525
843
1333
183
336
367
622
1070
1123
1782
1783
1955
2048
311
377
1113
1301
1756
178
242
1740
1876
487
866
874
1074
1288
1683
1788
68
733
1077
1680
1810
1908
141
752
1035
1326
1368
1453
1501
915
1081
1153
1173
1334
1403
1650
605
698
814
980
1521
795
1092
1129
1162
1105
1341
1721
630
650
1048
1374
1450
1504
1895
792
845
1013
1250
1301
1630
1895
1951
38
970
1314
1414
1585
1814
76
558
573
661
1007
1025
183
1067
1537
1643
115
162
449
538
1408
1571
94
1039
1591
1687
1849
504
589
773
1034
1217
1526
1611
1769
78
283
624
52
270
847
1306
416
533
1117
1315
1528
296
420
876
902
1015
1908
841
980
1180
1395
1779
1824
1940
91
655
893
1148
66
257
676
1609
237
622
730
793
820
1435
13
696
865
1188
1497
1678
111
114
601
1000
1337
1512
1550
1620
502
762
838
1286
1417
3
585
957
990
1535
1562
1616
1904
7
152
569
1073
1139
674
744
1015
1277
1427
1555
1627
591
869
874
982
1060
1264
1289
1564
1756
656
693
1085
1133
1303
1312
2008
418
891
1279
1294
1708
1816
1864
511
1679
1824
1874
1876
1913
178
1331
1618
1804
1927
614
958
1273
153
825
1312
1329
1481
1540
1863
954
1019
1208
1420
1624
79
259
421
667
937
959
1107
1739
168
669
1072
536
548
827
875
1537
1901
2009
170
383
683
1349
2042
134
265
913
978
1022
1038
176
393
665
947
1221
1568
1738
74
142
184
1462
1815
1989
69
123
324
1520
196
311
325
404
437
672
1045
1151
1513
405
442
1245
1389
1557
1899
1985
298
680
777
1152
1212
1230
1474
1559
83
578
983
1703
1965
39
311
832
940
1069
1088
1515
1867
47
835
945
1070
1246
101
497
1068
1075
617
700
822
1104
1534
175
201
399
865
1376
1422
19
194
581
712
1302
1720
1912
387
442
513
627
1140
1238
433
550
1489
1538
1989
203
534
851
1106
1423
1625
848
859
1126
1787
1863
807
1045
1939
315
772
947
1321
1617
18
392
511
666
1351
1822
177
182
253
1349
1577
1770
1941
342
452
697
1339
1768
362
867
910
1495
1655
1877
611
1054
1169
1633
1786
1788
1940
230
878
1356
1531
1093
1115
1241
1325
1390
821
1226
1239
1331
74
414
91
130
146
159
596
1298
1518
791
1211
9
26
119
477
483
1128
1376
545
586
1728
1906
206
489
498
811
47
109
189
1062
1778
1845
127
151
790
1586
1649
2024
2044
799
1287
1463
1783
2007
96
655
1247
1382
1844
1892
1981
44
415
496
661
1530
1687
1736
1976
153
631
973
1812
12
291
297
379
568
908
960
1598
21
84
536
1047
1062
1667
1935
2008
87
136
405
831
843
878
1864
2048
334
513
792
797
1016
1040
1496
279
348
684
801
843
888
2016
164
258
286
548
860
1222
1791
1812
70
259
1549
1885
2032
102
136
777
1355
1588
1790
1949
190
246
1653
1843
617
915
930
1461
1799
573
608
831
1035
1511
1808
1887
1957
283
562
635
913
917
1100
1112
1184
1834
749
1318
1352
1722
1787
2013
117
472
546
735
846
881
1242
1801
1992
203
1057
1102
1928
760
1765
321
1184
1788
411
569
610
1044
1666
1888
142
151
219
1737
530
596
885
896
1150
1354
1559
374
419
680
817
1256
1461
1609
1732
1759
716
1066
1189
1245
1716
1902
6
131
357
1248
1539
303
312
847
1058
1203
1520
1831
1881
266
1071
1157
1161
1385
1465
2003
99
592
894
1157
1229
1573
1723
1764
836
845
936
1405
1423
746
924
1641
1880
215
245
341
990
1360
139
450
780
958
1299
1499
1505
1738
1421
1453
1642
1842
110
188
322
688
1059
1167
1555
1856
361
1316
1489
1660
1691
1901
2036
112
319
523
625
748
961
1661
1911
1950
268
499
564
986
1047
1324
1393
1420
1542
51
307
344
1785
77
200
380
542
1362
1505
1780
813
924
1153
1244
1293
1636
1851
1869
272
535
1225
1400
1719
1919
103
358
715
745
987
1243
1282
1913
409
413
563
638
715
815
875
1228
1415
850
934
1377
1565
1790
1936
557
1419
1464
1628
1657
1906
8
147
482
509
517
830
1522
1560
1964
2030
1383
1622
1690
1777
2016
31
368
512
1816
1830
1862
1941
174
304
945
1029
1523
1646
2018
143
468
945
1608
42
202
248
301
807
1304
1698
1962
1991
893
1179
1536
1550
1553
1706
1709
1899
218
488
854
938
1146
1268
1414
129
401
702
1391
1449
599
793
961
1091
1096
1466
1554
1616
1637
1670
1067
1122
1369
1750
15
237
382
840
906
1197
1841
2045
225
474
728
1127
1218
1444
1952
560
627
880
1033
1183
1192
1560
1806
1907
4
40
139
480
1149
1369
1784
1958
398
649
1159
1221
1231
1300
1563
455
212
291
406
658
864
913
1248
150
491
952
1880
1974
527
1027
1308
1491
1984
857
905
1364
1725
1758
2010
27
342
399
889
1068
1146
1253
1447
273
649
797
994
1026
1083
1386
1934
43
438
621
891
1846
1994
416
623
1413
1453
67
236
540
626
1002
1235
293
463
846
1765
1875
1993
237
422
769
1366
1455
1862
2024
393
1352
1874
173
1095
1127
1153
1541
1114
1187
1387
1518
1745
1879
2016
240
607
707
776
803
1812
1815
219
708
939
1098
1437
1990
522
707
818
862
1093
1213
1305
1446
25
218
734
1283
1373
1875
1935
389
742
856
1011
1187
1276
1479
314
1449
1946
1986
193
397
777
812
1292
1755
252
409
524
823
907
1747
1898
521
577
1252
1594
97
179
538
988
1543
1872
1977
2029
388
1807
1953
408
699
801
1061
1239
1307
1867
114
1108
1175
1612
150
191
454
826
998
1009
1853
2030
120
481
572
725
1081
2039
174
466
564
1905
1997
23
256
520
615
1041
1402
1492
1667
550
766
1213
1269
1751
1763
198
341
484
50
247
361
706
1023
1321
1620
576
953
1202
1339
1513
1561
337
750
779
978
1115
1219
1710
1730
1755
1983
10
553
1063
1259
1440
1682
2047
316
458
499
980
1354
1625
1672
76
404
1119
1478
24
526
946
1005
1066
1095
1536
1657
1914
141
832
1502
1569
1886
226
510
518
867
1136
1839
27
992
1424
1661
1920
200
1048
1199
1314
1759
1910
335
391
684
805
853
968
1252
1344
1907
384
649
721
12
848
1162
1507
1695
171
306
808
823
906
1478
1566
59
490
876
1190
1736
81
429
575
765
1224
1891
96
395
477
1178
35
800
809
1000
1046
1113
1205
1568
1606
904
967
1144
1535
1639
215
622
643
886
1083
1208
271
1049
1333
1395
529
975
1183
1223
1621
1965
129
209
245
372
619
1471
802
1384
200
338
534
1094
1514
1653
1746
2047
63
282
759
1410
1555
228
798
800
901
935
1033
1288
1578
1584
1689
299
379
650
693
969
1304
1844
1979
212
280
315
708
835
38
783
1116
1378
1604
1713
71
94
671
1052
1159
1269
386
537
1085
1608
179
400
710
1475
176
736
936
1131
1546
1589
1606
1852
1967
227
460
495
1176
1329
1465
310
372
690
745
1072
17
83
270
485
546
770
1254
1877
1930
230
411
1227
1547
1605
1743
1798
767
802
889
990
1873
70
270
755
866
1201
1468
17
282
657
660
1266
626
864
986
1388
1572
1973
2000
412
1003
1142
1483
1856
221
323
735
1257
1711
1426
1576
1772
16
318
530
790
911
475
711
762
1796
401
592
763
895
1042
1284
1638
1005
1306
1587
2034
2042
98
135
235
335
731
1103
1260
2040
316
765
772
861
1577
1583
1612
1939
999
1146
1215
1252
1540
1740
1
79
100
642
688
950
1021
1306
366
540
718
968
1595
1793
11
106
138
967
1739
1868
641
921
1031
1049
1436
1597
201
1231
1259
1640
1707
1719
1857
1404
1655
1731
197
465
1132
1394
110
182
261
385
803
806
1759
348
916
1031
1037
1705
1720
1997
185
456
789
871
1038
2001
295
318
334
559
821
709
774
1152
1313
60
116
439
1330
1737
1931
2022
1391
1409
1835
1980
359
383
441
1192
1745
2020
556
763
791
1012
1118
1580
1619
755
1220
1414
1795
1934
2037
114
208
1729
1894
167
281
369
1411
1533
193
597
609
655
657
954
1490
175
809
1151
1371
1418
1998
192
230
634
666
985
1131
1337
1517
1761
1970
99
747
1494
1986
265
358
1396
1522
1525
1906
40
636
1141
1864
1917
71
1064
1271
1344
1531
1565
290
1399
1863
1894
2035
250
520
668
704
898
1301
1687
1361
1579
1771
2043
206
687
1014
1135
1556
1644
1978
593
798
1071
1519
1544
1975
437
963
1236
507
731
762
810
1766
19
214
225
885
1381
1772
1792
88
196
565
775
785
794
1480
1692
1710
173
421
752
1281
1563
2013
58
663
900
971
1401
1595
1645
252
711
1165
1215
1907
64
290
1345
1596
1613
1780
333
572
1285
1484
1493
1653
1841
2
162
189
1004
1359
1610
219
295
331
383
446
460
997
1061
49
213
464
547
774
877
979
1385
1767
176
735
812
855
927
1724
2025
231
926
1195
1666
1733
75
103
515
729
738
620
654
1066
1835
1847
1867
2033
88
340
478
658
1065
1526
1646
1767
56
542
1283
1743
1931
1980
799
804
839
961
238
695
736
949
1317
1436
1708
1796
2029
289
307
449
470
672
778
855
1262
1293
1879
115
746
1599
1881
2043
238
1296
1547
1636
822
960
1432
1442
1533
1
5
9
13
22
29
35
39
45
51
58
64
71
77
83
88
92
99
109
113
119
125
130
139
141
146
151
157
163
168
174
181
188
194
200
208
214
220
225
231
237
242
250
257
259
266
272
278
284
287
294
299
304
310
318
323
332
338
344
350
355
358
361
367
373
376
380
384
387
390
395
400
407
411
421
428
435
445
451
456
463
470
474
478
482
486
491
498
503
508
513
519
525
529
535
540
546
556
561
569
577
584
590
597
605
608
616
619
626
631
639
644
646
654
660
668
671
674
679
684
693
701
708
713
719
725
731
739
744
753
761
770
776
783
791
801
807
813
816
825
830
834
842
851
857
861
869
872
882
886
891
897
905
912
918
925
930
936
941
947
951
956
961
968
971
978
979
985
993
1001
1007
1014
1021
1024
1029
1039
1046
1052
1059
1064
1069
1076
1080
1084
1090
1098
1104
1109
1113
1115
1120
1124
1131
1136
1144
1150
1155
1158
1166
1174
1184
1190
1198
1206
1213
1221
1226
1234
1237
1246
1252
1257
1263
1266
1272
1279
1283
1287
1293
1296
1303
1309
1316
1324
1328
1334
1339
1344
1354
1359
1363
1370
1376
1383
1390
1395
1399
1402
1409
1417
1423
1429
1433
1439
1444
1452
1455
1459
1464
1470
1477
1481
1485
1491
1497
1505
1510
1518
1523
1530
1539
1546
1553
1559
1564
1567
1574
1579
1587
1590
1597
1602
1608
1615
1621
1625
1634
1641
1649
1654
1662
1667
1671
1676
1682
1689
1695
1700
1706
1711
1714
1719
1725
1732
1737
1743
1750
1754
1759
1763
1765
1772
1774
1781
1785
1789
1795
1802
1807
1814
1822
1826
1834
1842
1850
1857
1864
1872
1877
1884
1888
1893
1901
1910
1916
1925
1929
1931
1934
1940
1944
1951
1960
1966
1971
1979
1986
1994
1999
2003
2008
2016
2020
2028
2035
2044
2053
2057
2064
2072
2078
2086
2095
2101
2107
2117
2122
2129
2136
2140
2149
2157
2164
2169
2179
2183
2191
2198
2207
2215
2222
2223
2230
2235
2240
2246
2254
2262
2268
2272
2278
2284
2291
2294
2299
2306
2313
2319
2327
2334
2341
2345
2351
2358
2362
2370
2373
2380
2384
2392
2398
2403
2411
2417
2420
2427
2433
2443
2450
2457
2461
2470
2475
2481
2486
2492
2501
2504
2509
2516
2521
2527
2531
2540
2545
2551
2555
2561
2567
2569
2577
2582
2592
2600
2605
2611
2617
2621
2625
2634
2640
2645
2654
2661
2666
2672
2677
2684
2689
2694
2697
2702
2706
2713
2718
2726
2734
2740
2748
2754
2760
2766
2773
2776
2780
2787
2794
2800
2805
2809
2816
2820
2826
2833
2839
2843
2848
2855
2861
2871
2875
2881
2886
2892
2897
2904
2908
2915
2921
2924
2929
2936
2945
2951
2958
2963
2969
2976
2982
2990
2999
3006
3011
3016
3023
3031
3037
3041
3050
3060
3065
3069
512
2048
3042
152
266
995
1052
1590
1815
1834
1907
599
750
886
978
1088
1128
1228
1728
179
474
492
699
1098
1315
1355
1625
42
94
100
283
671
933
1254
1615
624
626
737
1560
1850
1931
208
302
387
579
1251
1866
1927
2040
196
261
617
634
1137
1873
169
640
1054
1409
1742
1779
1350
1361
1708
1717
2008
287
736
759
833
1621
1848
67
132
788
1070
1576
19
322
975
1688
1689
1827
88
96
114
1104
1150
1853
1957
419
457
473
1569
1590
1948
39
224
467
613
725
1034
1242
1525
80
202
250
1083
1148
1640
639
1223
409
509
604
876
1101
1389
1718
1797
47
726
950
1200
1349
1521
527
794
1110
1493
1574
1971
357
464
583
756
1313
1649
1818
1173
1473
1724
472
676
796
819
888
1222
1479
1559
1616
1691
84
180
307
410
491
557
1498
403
609
616
1342
1533
1923
2010
508
653
680
683
905
1640
773
796
847
904
1639
1929
176
596
677
757
853
1450
1934
845
1018
1309
1310
1699
1811
578
735
1451
1530
1778
308
680
887
1369
1631
551
702
739
801
1012
1741
183
316
435
1056
1800
2018
598
1102
1354
1402
1797
878
1150
1231
1325
1830
1891
863
1202
1322
1407
1839
61
295
747
874
1202
1391
1427
1710
101
359
364
864
966
1523
302
396
1022
1345
1920
1944
260
299
318
932
965
1337
1505
1644
1717
1921
1966
84
113
468
639
1870
30
409
548
623
637
842
1011
1175
1240
1455
137
866
893
1462
1776
1113
1332
1377
1691
1729
1786
148
463
969
1094
1397
562
1220
1521
1651
1661
1843
159
247
437
494
1103
1379
1825
1931
228
720
797
1693
1974
106
173
1119
1568
1569
1817
2028
105
806
928
1302
1420
1570
344
532
776
1120
1261
1889
771
846
1132
1504
690
751
817
1074
1141
1388
1440
1752
602
896
1652
27
202
605
620
804
1324
662
740
1458
1759
1940
1962
25
36
533
571
1357
1509
411
1522
1846
1895
1936
135
267
288
684
1285
1351
1939
1990
2042
18
400
686
1014
1208
1364
1397
1489
1716
562
841
986
1137
1444
1961
163
530
829
1153
1230
1578
8
535
1166
1314
1379
1527
1834
1883
1979
542
688
937
1673
1769
1993
2039
282
845
899
1054
1161
1265
1426
663
739
1165
1272
1341
1593
1766
1993
2032
199
516
736
889
1087
1629
1634
1982
36
123
242
317
379
672
1226
512
720
768
906
1336
1711
565
1637
1662
1952
2041
74
148
198
371
1077
1354
1398
1860
403
625
1215
1862
316
889
1381
1924
2030
340
544
581
1384
1821
1916
233
622
499
765
830
976
1172
1781
307
382
494
786
833
1097
1801
373
1058
1517
1597
1708
235
748
1293
1854
1984
185
228
478
668
907
1017
1283
1437
1660
4
87
511
561
1035
1138
1436
1727
111
415
599
603
902
972
1329
1914
329
356
417
455
482
1242
1384
1622
313
438
496
792
913
1583
1664
26
102
339
900
1611
358
755
895
1062
1298
1616
1639
24
673
1004
1227
1278
1895
43
333
653
875
1171
1181
1207
583
891
985
1225
1690
1809
1164
1360
1421
1523
1659
193
367
1060
1328
1401
1682
1824
402
556
797
928
1556
1972
175
537
576
665
1738
1739
526
710
1247
1256
1893
215
1339
593
702
765
862
969
1431
1607
178
798
933
1447
1566
32
820
1267
1751
458
661
1095
1199
1770
1872
378
825
934
1153
1768
1953
62
1343
1636
1713
1864
15
1163
1749
1782
312
930
955
1075
1077
1086
1560
1818
1839
708
1007
1178
1759
107
152
1047
1100
1323
1594
1842
1978
369
480
1806
1908
1957
615
956
1467
1540
1692
1711
1790
324
1540
1542
1762
388
1117
1121
1366
1367
1679
2046
310
430
454
522
604
923
977
1273
1848
423
638
1874
1979
231
817
861
1102
1236
1307
1907
322
451
989
1303
97
182
255
452
573
1010
1676
1726
1880
232
1131
1302
1405
1414
1612
1809
1862
55
317
957
982
1321
1607
2
709
751
1056
1271
1723
2034
171
1460
1788
323
1087
1410
1461
729
849
1060
1337
1983
3
471
734
982
1007
1466
2014
431
693
1303
1412
1423
1996
427
1008
1051
1272
1333
1982
206
223
490
675
859
1772
189
517
1058
1897
102
624
906
1122
1219
1869
1923
1487
1674
1713
1802
485
1079
1125
1474
524
635
1323
1852
2
788
863
1299
2038
1
201
915
990
1996
156
470
948
1853
1205
1590
23
464
490
1686
1769
392
810
1081
1237
1562
1697
220
670
675
1138
1186
1187
1575
1720
367
810
853
28
440
503
713
912
1331
1396
732
1155
1286
1401
1706
1789
2047
815
1079
1565
1737
563
1261
1815
104
523
1107
1193
1446
1752
112
309
524
575
862
1700
1796
1828
63
269
555
911
362
375
382
449
1502
1525
1595
1772
1888
339
664
7
229
399
733
1290
1308
1543
1958
57
145
546
1004
1549
1591
1749
652
1106
1306
1450
1707
1913
275
606
1255
1415
133
618
797
1166
1378
325
531
1015
1037
1123
1212
72
83
1125
1457
1678
270
489
512
659
1257
1335
1894
292
602
798
966
1351
1694
33
372
416
1157
1173
1387
1856
236
335
349
828
1468
1756
79
153
760
796
806
1171
1276
1416
1435
227
677
991
1272
1876
1933
1966
621
875
1218
1464
1543
1878
1999
48
924
1720
1904
10
174
244
374
435
793
1950
2004
2033
1016
1386
1519
1701
1979
22
32
52
487
504
582
1297
1810
2001
2002
126
493
695
848
852
1182
338
387
884
889
1819
93
1253
1792
1911
106
282
392
700
1203
1606
357
437
566
1251
1718
1089
1336
1586
1816
1991
82
111
715
774
1412
1413
1891
2034
251
270
1076
1617
1647
1779
2013
192
1844
650
770
1657
1925
1957
124
617
790
898
942
1190
657
689
811
1199
1317
2038
673
953
1154
1710
1974
69
156
422
718
1116
1135
1856
92
502
943
971
1866
149
1010
1129
1266
1592
1653
1890
2046
841
1195
1224
1264
1386
1517
1534
1994
336
613
1796
1878
1903
226
445
469
561
419
709
1112
1595
1939
1971
534
544
642
773
1513
1548
1667
158
256
447
541
674
748
955
1278
163
1011
1026
1155
1214
1319
1468
1499
1791
1898
856
1139
1277
1639
1666
1859
1917
340
474
638
920
1516
1638
1809
1892
173
421
656
1531
1812
807
932
1066
1222
1351
1794
1825
848
1098
1171
1283
304
447
704
800
1842
167
279
607
776
1570
1684
1816
118
456
936
1179
1312
1433
1481
1924
1995
351
763
1066
1922
768
1708
1844
1975
218
772
210
434
1375
1870
1965
90
311
1044
1617
98
960
1967
153
340
974
1609
1906
104
134
380
1456
1606
52
484
592
963
1385
1746
1850
572
1114
1350
1918
20
610
1005
1161
1335
1393
1448
1760
1964
110
600
809
4
246
486
606
1023
1109
153
241
352
656
717
1496
1714
62
68
451
1525
1734
1763
454
724
866
1071
1602
1699
1767
1792
1868
50
73
760
961
1005
1836
434
1714
1754
1791
203
344
888
1030
1157
1209
1599
1645
184
754
856
1035
1132
1675
1846
174
791
867
1038
1611
1670
397
587
608
994
1149
1549
1561
1712
142
465
824
1222
1805
453
922
956
1074
1411
1736
545
690
795
1677
1833
428
1043
1398
1773
518
829
915
1154
1168
1353
1362
1600
80
309
1091
1349
1373
1893
59
156
936
1342
1383
1875
1988
336
465
838
989
1313
1374
1987
593
1858
53
988
1058
1169
1598
1912
1969
268
497
831
892
1032
1201
1420
1715
152
218
1021
1155
1886
1
691
778
1546
1648
328
1320
1544
1937
1951
2039
644
738
759
832
870
196
433
504
1076
1311
1574
1954
399
839
1187
1822
1931
1954
2037
205
378
641
874
927
1233
1262
1279
1545
460
464
940
1684
1775
345
707
1453
2005
103
192
298
1717
1748
1765
236
546
812
1609
1636
1650
144
385
456
478
813
1018
1637
1992
80
634
1780
1835
1872
1939
284
287
938
964
1173
1576
1820
582
899
1040
1688
1786
1936
360
1011
1072
1110
1393
1410
1554
1722
1946
33
136
983
987
1049
1508
1805
441
479
547
605
1073
1235
1610
195
288
536
648
929
946
1107
73
331
355
424
1597
96
233
238
444
712
1103
1129
2041
493
787
808
979
1068
1314
1695
1805
198
379
1037
1126
1539
1881
17
254
535
1130
1269
1996
254
1853
1867
1905
536
643
1481
1527
1712
1790
1953
475
1149
1476
2043
60
225
466
632
1172
1662
1969
86
356
1417
1487
1632
497
734
275
946
1190
1628
1855
204
847
1254
1287
1901
51
1001
1073
1751
1942
2023
750
870
1145
1373
1406
1634
1760
161
264
346
353
630
1079
1305
1456
1469
1549
19
423
513
1393
1852
671
1447
1489
1506
1724
1814
604
878
1279
1986
76
191
194
472
912
990
1312
1862
1929
560
1131
1478
1680
276
550
576
1598
1934
1946
26
162
664
830
1482
2029
410
1356
1553
1628
1654
198
221
1088
1191
1400
1441
200
398
1147
1623
1678
1701
1991
71
1338
1604
424
446
577
993
1017
70
160
361
1308
102
406
706
881
1544
1645
1841
912
1046
1142
1413
284
644
810
1041
1437
1609
1814
106
107
615
957
1438
1577
1920
650
879
1185
1552
1669
1804
1866
231
272
774
938
1529
1928
13
141
394
1029
1110
444
914
966
1143
1193
1627
116
332
592
700
774
1189
1820
1049
1206
1593
2027
2028
2046
373
612
767
980
1216
1458
1626
75
498
729
1205
1287
1765
1820
1994
2045
154
199
784
841
1169
1683
1833
27
219
327
835
978
1488
394
427
789
852
1588
17
850
1749
1859
1930
1938
2031
238
386
1298
1467
1695
539
1432
1736
17
286
385
404
421
901
1287
1832
28
150
316
343
1160
1428
1874
1100
1340
1380
1389
1471
1621
1951
389
687
694
740
925
1304
1443
1527
1614
1692
38
78
1228
1448
1995
296
703
758
964
1170
1198
1483
1919
2026
2032
172
1034
1382
1509
1877
52
297
532
546
598
1594
1718
1823
82
225
234
384
929
1073
1225
1390
213
418
762
1335
1347
1475
58
769
1589
1671
1729
358
446
675
1213
1423
1822
1828
785
831
930
1207
1970
514
840
1522
1605
126
395
457
827
1086
1477
1565
257
696
746
1106
306
310
431
1113
659
1388
1400
1510
1823
125
995
1266
1496
177
875
1310
1874
2031
405
538
662
1892
1900
199
398
988
1143
1642
1658
1817
339
511
633
642
1406
121
363
606
894
926
1295
1368
1622
20
117
466
567
680
807
1357
264
391
1216
1280
1738
60
313
678
347
1085
1300
1436
1897
1908
1291
1377
1960
64
127
265
374
1089
1559
1744
1794
77
412
827
1024
1216
1530
1730
1750
1943
154
242
495
794
1227
1320
1826
1901
1967
95
916
1152
1740
1757
1890
23
192
301
552
636
784
1444
1702
9
684
725
793
1199
1455
278
326
1125
258
337
390
523
903
1480
1637
11
458
704
710
1777
1845
1978
14
129
160
442
298
1293
1469
1657
1795
122
932
1307
1755
37
627
822
893
1681
1771
1811
901
908
1095
1116
1571
1678
1821
1861
108
330
369
685
832
1009
1833
34
225
313
1768
306
498
873
974
1094
1416
1520
1915
75
188
872
1674
790
1000
1518
2044
116
1353
2015
462
637
1021
1382
240
297
397
443
551
778
945
1838
10
308
1067
1183
1632
243
301
965
1017
641
695
1094
1192
1417
328
1530
1693
315
1248
72
742
854
949
1045
1106
1709
661
1181
1507
1693
1916
1983
1524
1926
150
166
571
814
1033
1239
1569
361
1166
1239
1503
1918
271
933
1250
1782
243
392
719
876
987
1399
1481
1769
1037
1557
1611
351
1218
1339
45
486
839
1319
1485
679
697
917
1022
1160
1240
1304
462
950
274
285
719
872
1475
1910
1932
2002
390
617
818
957
501
1154
1334
1348
207
1673
1781
741
1329
1599
1873
1213
1321
1613
1863
2014
210
417
962
1014
1108
1196
1704
1756
1841
1902
2036
465
754
1077
1273
2023
2024
616
781
1208
1270
1664
1753
1884
217
293
461
882
920
1000
1449
123
959
1167
1183
1615
1852
731
883
1419
1985
1997
401
699
1204
2022
582
717
1066
1174
1383
1417
252
735
770
789
1255
1487
1687
1776
329
667
1050
1346
1451
2010
346
887
908
1006
1573
1630
137
495
808
1497
1551
230
256
420
756
786
939
1263
1762
1851
254
513
701
961
1045
1663
294
834
1755
1855
1878
132
940
1235
1316
1669
1942
350
413
1514
1690
1998
824
1353
1567
191
727
1003
1184
1909
386
716
791
1237
1603
128
425
580
628
881
1104
1610
1658
565
1500
1666
1737
1930
1958
197
495
697
1052
1142
228
315
515
733
768
880
1057
1819
100
686
734
1830
15
185
354
409
662
1623
1731
1890
1933
165
483
714
1395
1968
142
237
348
493
1460
1471
1847
735
879
900
916
161
321
656
822
937
1282
1804
645
1104
1263
1330
1362
1598
1777
38
526
1358
1977
139
342
816
965
1409
1813
143
762
892
1092
1319
1381
1462
1507
1786
89
139
628
1624
1884
1956
463
1078
1839
1847
1980
2019
61
914
993
47
547
895
1422
1464
2
404
574
809
135
151
292
628
716
970
1281
1389
76
171
1136
148
670
1326
1352
1596
1802
190
281
348
350
352
1867
91
180
645
981
1512
1628
1638
376
418
499
540
1203
1770
53
57
872
196
214
219
345
610
718
1261
1604
1723
1064
1241
1260
1544
1610
1654
1732
172
408
483
1638
1641
48
625
870
876
1009
1294
1684
170
547
836
1214
1355
1985
214
226
507
925
963
1107
1163
1765
823
1020
1318
1605
120
533
1232
1424
1477
1603
1908
286
697
816
888
1387
1747
74
93
144
685
799
916
1192
1971
502
727
1394
1526
1633
1787
179
300
428
485
510
1508
1789
72
79
462
584
815
896
1036
1042
1586
1859
8
336
1069
1669
282
319
448
727
816
1134
1548
1238
1976
105
224
730
1536
42
66
129
267
385
1275
1430
1294
1344
1355
1401
1552
1876
159
1030
1149
1185
1630
2010
31
215
1162
1463
1475
1844
1857
2013
189
271
318
782
1008
1493
1758
1764
1212
1935
14
463
528
1356
1552
1696
97
187
438
744
953
1105
487
1435
1760
1813
58
300
491
1480
1857
21
453
1196
1358
1502
1891
42
638
829
835
1093
1198
1234
55
373
484
643
1089
1483
1770
326
576
892
1555
1733
269
272
366
484
666
700
1177
575
940
1153
1299
1505
1659
1734
654
1070
1241
1285
1289
1497
1565
1581
1586
317
360
552
1274
1872
2003
2012
165
763
1024
1082
1184
1411
1871
263
652
1121
1932
110
167
169
433
771
996
1209
320
673
843
1448
168
681
1352
1521
1025
1161
1350
1442
1486
1492
268
360
928
1430
6
239
281
920
1899
1972
436
726
805
1422
1439
1626
304
512
1064
1114
1152
157
800
934
1864
503
523
574
605
897
969
1067
1204
1651
99
407
663
1072
1135
1642
1807
1861
140
1221
1380
1462
1633
298
532
1051
1432
1969
35
777
860
937
994
1780
401
476
631
1339
1542
1779
1782
330
1053
1141
1162
1185
1284
1311
1472
68
163
245
1062
1615
50
98
115
1363
1374
1577
1583
1881
95
146
1347
1407
2006
223
643
1015
1519
1635
262
938
1712
1725
1774
1795
1944
253
329
564
1072
1131
1620
1911
2026
40
73
646
1069
1344
1434
1491
28
273
910
1191
1584
1900
122
305
390
751
1414
1936
1981
1158
1507
1514
362
422
539
549
555
1630
1883
1896
83
94
721
1430
1506
1963
441
838
842
1445
1726
1879
2003
277
811
871
1146
1528
1902
404
406
991
1041
1329
1670
2025
186
241
1127
1136
1829
1952
54
521
595
663
1009
1167
1603
1645
109
779
960
1013
1093
1570
19
103
305
1033
1124
1130
24
212
376
377
681
1159
1174
1716
1722
110
194
467
1644
1787
1926
1997
91
1385
1409
1602
1955
290
296
1408
116
479
665
1234
1534
1865
706
954
1831
1917
39
381
570
857
1277
1536
1884
325
527
1214
1531
1989
29
1086
1441
1501
1681
181
823
1520
1865
1947
2026
111
580
1405
1668
1776
711
911
1715
248
1049
1510
1787
1797
70
377
589
631
1044
1427
1479
264
755
959
1584
1713
1858
468
711
1321
1404
1928
595
1259
1314
1333
168
349
375
780
882
1095
646
651
707
712
729
1099
1366
193
1201
1746
87
1118
1568
47
363
388
563
635
1286
1442
5
342
579
1139
1150
1438
1511
1731
195
369
1282
1367
1807
2043
2045
1
9
17
25
28
33
39
47
53
59
64
70
75
81
88
94
102
108
110
118
124
130
137
140
150
157
164
170
176
183
189
194
199
205
211
216
222
227
235
241
247
254
258
263
273
278
284
289
295
303
308
315
321
327
331
339
342
348
354
360
365
374
383
389
395
404
411
418
427
435
442
448
453
461
465
470
476
478
484
491
496
501
510
518
526
534
541
546
553
559
566
572
577
584
590
596
601
603
610
615
619
625
631
636
640
649
653
661
666
673
677
684
693
697
704
708
717
725
731
738
741
745
750
757
763
769
775
779
786
790
794
798
803
808
812
814
819
825
833
836
843
850
854
857
863
871
875
884
886
894
901
907
911
916
922
927
934
940
947
953
962
969
976
980
989
994
1004
1010
1015
1019
1025
1030
1035
1043
1050
1052
1057
1063
1069
1074
1081
1086
1094
1102
1107
1111
1117
1124
1132
1142
1149
1157
1162
1169
1173
1178
1185
1194
1198
1202
1204
1209
1213
1216
1221
1226
1233
1237
1246
1249
1255
1262
1268
1277
1283
1287
1295
1302
1308
1316
1321
1327
1332
1336
1344
1350
1357
1364
1366
1373
1381
1386
1391
1397
1402
1409
1416
1425
1430
1434
1440
1446
1454
1460
1467
1473
1482
1489
1496
1503
1508
1516
1524
1530
1536
1540
1547
1551
1558
1563
1565
1570
1575
1581
1588
1598
1603
1609
1613
1622
1626
1632
1638
1643
1649
1656
1659
1664
1668
1675
1679
1686
1693
1700
1706
1711
1717
1724
1730
1737
1746
1753
1759
1764
1771
1776
1779
1787
1794
1801
1811
1816
1826
1831
1839
1847
1853
1858
1865
1870
1874
1881
1885
1889
1894
1898
1903
1908
1915
1920
1928
1935
1940
1943
1949
1952
1960
1969
1978
1984
1992
1998
2001
2008
2015
2019
2024
2028
2035
2043
2050
2054
2062
2066
2070
2073
2077
2085
2090
2094
2099
2102
2104
2111
2117
2119
2126
2131
2135
2143
2146
2149
2154
2161
2163
2171
2175
2179
2182
2186
2191
2202
2208
2215
2222
2228
2233
2237
2243
2251
2257
2263
2268
2277
2283
2288
2294
2299
2302
2307
2312
2320
2326
2331
2339
2343
2352
2357
2364
2368
2375
2382
2386
2392
2401
2407
2413
2416
2421
2425
2433
2436
2442
2448
2455
2461
2464
2473
2480
2485
2492
2498
2506
2510
2517
2523
2531
2537
2544
2554
2558
2565
2567
2571
2578
2584
2590
2598
2606
2608
2614
2620
2624
2629
2635
2642
2649
2654
2661
2668
2677
2684
2691
2695
2702
2706
2710
2716
2720
2726
2732
2737
2741
2750
2758
2763
2768
2774
2781
2789
2794
2802
2807
2812
2819
2827
2834
2840
2847
2850
2858
2864
2871
2877
2884
2890
2898
2904
2910
2919
2926
2931
2934
2940
2944
2951
2956
2961
2967
2972
2975
2980
2987
2993
2998
3002
3008
3015
3018
3021
3028
3036
512
2048
3071
125
322
326
837
1454
1997
101
370
387
483
709
830
929
1112
1457
2045
54
290
658
732
826
2012
4
46
498
1716
1830
1890
1683
1989
288
1050
1564
1614
1909
279
434
1032
1133
1152
1626
1703
215
300
773
1595
1869
96
138
1200
1435
1663
58
269
861
1682
1945
1969
801
871
1246
1493
1771
1858
2005
737
918
1261
1674
1979
48
171
937
1289
1752
1921
91
1158
1269
1319
164
229
640
656
1300
1775
1991
185
209
427
1626
1779
1912
87
346
681
784
872
1282
1964
148
459
670
1189
1330
1750
1110
1125
1359
1438
1503
1676
1758
120
158
806
1030
1445
1625
402
448
536
1112
2019
83
109
264
340
678
729
1124
1363
1415
1534
1686
280
294
975
982
1568
1754
1873
249
1469
1634
1832
1947
57
155
839
923
1335
1652
1702
132
168
493
680
1163
1317
1368
1440
469
719
1267
1389
1651
1688
1866
2007
795
1420
1559
1699
1823
884
998
1368
1463
1747
1797
110
360
840
1075
1090
1878
145
1078
1079
1277
1745
198
287
543
702
732
742
1254
1583
52
67
251
303
673
1056
1333
1733
5
122
733
918
979
1023
1065
1258
1947
597
882
1027
1160
1198
1662
1860
1941
2026
712
1255
1375
1673
205
233
642
1428
1635
451
996
1174
1410
1501
1526
1586
1665
692
742
1467
1632
1815
2007
429
901
919
941
1216
1739
2038
266
325
1720
105
332
1299
1543
1761
2023
130
317
361
682
989
998
999
1730
1975
501
555
661
914
1042
1353
1700
1429
1648
1676
930
1692
1850
5
52
121
181
199
591
919
1074
1509
1800
381
761
1123
1441
1789
2017
2018
15
220
1196
1735
2019
117
554
571
1250
1699
189
273
1111
1443
1495
148
771
1083
1603
1659
1977
170
229
991
1009
1439
1915
1956
1984
95
781
1216
1654
2036
89
1499
1618
125
133
1189
1642
235
298
469
827
932
1179
2004
422
425
492
951
1195
1530
475
1022
1324
1572
1737
1787
756
984
1405
1607
2043
65
104
887
1576
403
674
955
1053
1056
1533
1829
2002
2046
218
390
1008
1021
1070
1134
1225
1630
41
634
1180
1280
1910
323
589
727
1018
1363
1669
1939
2023
135
725
923
932
1265
1714
1781
1932
2029
493
692
1097
1422
1730
1868
1945
396
962
1010
1140
1232
1718
1774
1985
269
698
894
912
1010
1272
1323
63
220
314
570
836
905
1553
243
600
1437
1648
1814
1859
55
73
351
784
1322
1754
355
701
1109
1501
1528
1751
1813
1879
407
532
804
1360
1460
1872
184
486
548
753
1255
160
245
943
1232
1598
1858
28
32
111
133
340
1981
256
1096
1174
1219
1332
49
178
195
364
640
1162
1431
1643
1831
1916
3
359
1011
1158
1783
300
318
944
1001
1255
1513
1758
1944
417
1380
1487
1544
1629
1883
1953
706
1313
1349
1919
1937
726
1087
1267
1979
107
440
507
920
1032
1137
1378
1823
839
889
1154
367
438
588
952
1909
1938
30
126
1278
1669
1705
1903
1914
811
870
873
1081
1327
1631
1764
267
470
556
602
1028
1469
46
402
453
928
1050
1485
1805
645
883
1274
1923
120
543
561
789
1693
32
246
292
439
705
1654
1894
164
453
539
585
1100
1407
1736
1826
306
579
1329
1851
10
42
1412
1600
146
1773
1954
49
571
637
651
1022
1310
1317
341
585
644
1139
1263
1523
1634
1644
152
302
463
1280
1649
1665
1811
1962
342
758
1076
1078
1128
1142
1545
2041
78
379
557
581
694
1431
1704
1762
184
788
1173
1279
1342
1366
1394
1516
1819
47
303
313
520
934
1302
1421
1472
494
723
2021
2022
852
956
1067
1345
1375
89
1122
1171
1274
1320
1326
1682
187
197
304
576
1818
479
582
704
719
1033
1234
1826
610
734
487
616
675
1748
1757
62
259
781
1095
1694
1955
185
262
412
941
1458
1822
1974
247
580
796
851
1024
1045
1631
1686
568
917
994
1138
144
299
607
1312
1412
1503
1724
1853
1967
1972
712
935
1118
1126
1714
1727
2026
20
593
1050
1207
1299
1452
1834
633
727
908
1175
1295
1516
88
163
433
509
589
1101
1121
1290
635
912
1265
1802
477
1323
1481
1570
1794
1937
263
281
410
672
1136
1382
1496
365
1263
1401
1546
1882
233
591
1461
1467
1573
1960
5
465
1671
1693
2031
324
791
1411
1524
1582
1604
28
119
929
1069
1102
1249
316
595
798
1330
1398
1732
754
836
1285
1645
1674
1744
2030
244
266
335
744
797
1498
1580
1885
102
125
413
537
1336
1760
419
650
1228
1449
75
130
392
429
992
1373
1668
1918
993
1182
1214
1525
68
738
764
1928
830
1256
1486
1565
1791
44
471
902
1130
1397
1987
510
869
974
1116
1216
1715
1766
72
157
641
817
1502
1530
1532
1603
1782
588
719
1024
1137
1188
1407
1593
1911
444
1281
1291
1646
690
794
2005
611
1161
1407
1576
1915
365
842
1572
1580
1133
1297
1602
239
1120
1870
1990
97
1134
1334
1587
1688
2014
424
1908
1999
1087
1204
1623
1942
373
571
619
729
1142
632
900
922
1094
1234
1251
228
926
1396
1764
1898
1971
84
131
297
417
565
861
901
1132
1621
1622
1920
2026
525
766
838
874
1721
1803
360
418
855
1061
1186
1793
2044
1111
1144
1234
1367
1556
472
648
927
1129
1742
126
211
222
223
1397
1904
1923
587
794
1185
1275
1314
1362
1615
549
580
710
722
1119
1305
1443
1611
1855
551
779
1075
1440
147
305
878
929
1387
1517
1553
1650
1690
18
144
479
1165
1279
263
837
1251
1390
1478
1922
371
457
982
1034
1717
1945
263
451
691
827
1935
1968
687
879
1163
1285
1694
1725
337
488
529
1229
1591
1029
1639
828
879
1600
1749
1771
1802
626
1203
2025
85
586
610
726
890
894
1194
1380
1819
53
358
1406
1893
2018
2033
338
1179
1942
2031
333
916
995
1036
1309
1713
95
137
1049
1273
1432
1558
1731
223
224
478
615
1372
1512
539
1668
1695
2046
504
771
802
1294
1617
1670
183
579
1002
1447
1527
1883
555
782
1177
1211
1627
1658
1889
1052
1064
1204
2039
128
744
770
1169
1297
1573
217
276
1315
1474
1552
1866
1931
1442
1465
1523
1562
1590
1645
579
1387
1426
1970
43
98
309
374
460
496
199
391
598
963
1148
1456
1487
300
375
606
1982
1995
93
210
223
378
834
1233
1275
1702
26
203
500
643
739
769
911
21
68
857
1121
1214
1233
1988
526
1242
1246
1364
1731
2039
94
895
1398
1648
1924
1937
1999
46
462
614
1249
152
953
1086
2041
58
765
1094
1240
1613
155
473
592
1575
1871
1930
1966
253
519
834
946
1111
1561
1719
327
842
1722
64
497
1786
1842
31
169
258
663
695
1466
1675
1794
207
679
723
847
882
1599
1825
703
1172
1211
1662
1669
2011
577
764
124
643
1134
1209
1532
1942
1970
390
505
1097
1123
1665
1691
1904
1965
167
254
296
1145
1201
1206
86
756
786
950
1201
1237
1264
1929
2
809
1480
1896
69
240
814
1397
1537
1632
1789
1961
892
1259
1825
278
590
973
1065
1315
1430
800
1257
1282
1500
241
602
685
687
431
943
1060
1995
435
541
816
992
1048
1115
1822
425
578
750
986
1224
1838
202
229
236
240
297
305
845
976
1819
778
1064
1610
1752
1803
1975
505
1155
1861
62
345
404
1041
1270
1715
107
143
668
922
1865
1884
186
196
400
415
495
686
1014
1441
1971
368
445
600
916
1681
566
833
1361
1518
1629
1663
474
628
1347
1371
84
1060
1082
1096
1107
1623
1799
161
257
614
1138
1841
382
408
500
858
1268
1341
1562
1693
452
546
899
1467
1678
467
604
995
1150
1157
1790
2012
409
523
659
834
153
329
743
1286
1319
1705
1795
2048
375
503
667
782
912
1275
1287
1452
1855
221
349
605
1243
1971
129
832
1106
1946
2010
455
660
1514
1590
61
485
490
713
25
63
211
275
413
476
854
1343
1510
500
503
554
556
567
844
1733
483
544
601
1184
1781
1892
1959
458
613
763
952
1131
33
514
627
984
1139
1491
728
1059
1378
1494
1631
1785
600
1188
1633
1634
2037
1
411
631
720
941
1310
1508
2004
161
462
1117
1473
1917
1927
1958
231
431
441
782
928
972
1607
179
319
598
844
1044
486
619
641
1091
1147
1728
171
625
1475
1535
2034
757
1038
1587
1603
325
422
594
972
1074
1262
1309
1433
1976
2006
308
403
552
570
1027
1084
1183
1640
167
846
1148
1191
1445
1542
1926
320
685
817
951
1472
1617
1727
2011
243
268
319
343
406
441
489
1384
306
397
1098
243
551
570
1544
2000
2036
150
221
376
620
662
1097
1167
1434
2010
332
437
568
633
849
893
1552
1850
696
1519
21
1585
39
875
1331
1343
1688
1932
1072
1552
1741
330
522
1353
1619
1832
1922
337
501
717
1092
1302
1516
397
740
767
1109
1293
1435
1742
269
531
724
1444
482
714
717
816
844
904
1404
1780
213
217
604
1581
1893
156
664
732
970
1379
343
720
1711
1816
127
260
399
430
773
1089
1344
1601
1717
216
292
445
892
994
1141
1554
1724
749
1076
1135
1217
1889
51
495
955
1051
2017
141
467
636
1037
1059
1233
1294
1343
1405
1620
508
950
1220
1436
1512
251
1000
1082
1174
1226
61
239
387
731
997
1944
1959
681
850
914
1093
1769
10
210
908
1165
1670
1809
1837
1996
148
169
456
562
621
180
277
586
721
955
48
284
408
965
1635
1848
2006
1
590
599
736
1338
1753
1918
195
595
883
1586
1612
360
447
484
813
1262
2038
574
962
1357
1624
2000
2019
29
937
981
1082
1776
1785
145
298
577
780
1388
1454
1762
286
899
1210
1258
1277
1510
1651
1900
761
1196
1629
1900
72
654
1199
1594
1890
498
788
993
1138
1416
1786
403
1424
1451
1460
545
831
1247
1327
1721
1817
1860
279
339
1350
1425
1808
60
101
829
1383
1618
85
503
868
1342
1365
1749
1817
312
521
788
1403
1451
1621
1660
20
504
529
657
1398
1748
446
508
1221
1266
1373
1735
53
807
1014
1156
1370
1903
92
123
394
703
1582
1664
1944
236
339
648
775
1551
535
716
757
1105
1241
1272
1536
1686
258
867
1249
1571
1835
1846
181
796
957
1214
1231
1473
1952
137
320
759
1298
1511
1637
106
108
959
1228
1336
1654
66
135
415
967
1820
321
1057
1230
1248
1254
686
1121
1164
2020
497
691
922
1116
181
715
949
1947
195
289
375
562
594
644
1421
1432
1753
1837
1960
841
1054
1071
1223
2021
73
507
613
934
2027
202
222
700
858
1272
1671
1981
2032
53
118
211
628
769
1154
1290
1611
430
813
1007
1207
1768
282
447
449
697
1325
1427
1641
1778
1963
42
555
905
1925
1955
425
549
1178
1506
1531
1675
632
730
1107
1484
194
612
707
1706
2045
77
629
953
1172
140
251
432
645
1044
1741
334
478
833
944
1597
1763
461
1244
1380
1774
515
1051
1204
1360
1369
1813
1921
29
740
1145
1694
1943
98
201
378
501
870
1012
1755
1821
1951
1180
1320
156
180
783
1840
1872
19
354
739
1267
289
433
515
1582
1968
1999
465
566
933
1042
1515
1859
339
1158
1356
1575
1628
1761
1797
1982
564
573
722
1271
1504
1632
1707
1932
671
879
1734
128
410
428
920
1998
480
976
1444
320
678
822
868
1053
1433
510
1271
1718
1833
1854
349
553
1905
41
313
368
877
907
1260
1952
2009
362
1400
1673
1973
208
708
1476
1578
1696
1915
956
989
1408
1448
128
559
1181
1367
1451
1674
1781
170
872
977
1332
105
865
1472
1855
1960
161
278
328
347
398
1502
1897
2040
121
144
440
1031
1434
1606
567
1372
1700
1891
1893
138
262
737
750
819
2
238
344
723
787
1316
1350
1424
1748
756
784
1016
1019
1656
1717
136
274
826
1104
1956
714
1203
1335
1386
1426
1729
1869
232
277
1046
1151
1185
1658
1874
22
353
499
1062
1602
523
1477
1509
353
502
1161
1628
1701
549
550
724
752
852
944
1913
2022
678
1076
1171
45
352
521
544
583
1017
1762
329
457
486
615
1212
1332
1806
356
446
747
1529
1847
133
248
593
638
698
965
292
432
506
677
1238
1923
283
892
951
1194
401
436
683
1136
1482
620
897
1452
1468
1589
1683
1998
157
1030
1120
1324
1328
1498
326
330
1001
1205
1276
1511
2014
235
330
821
948
1359
1393
1749
1834
72
79
396
850
988
995
1003
1497
1585
1959
275
370
987
1590
1638
1684
390
494
1238
1303
1914
177
468
726
1006
1055
1392
1667
1850
204
545
823
1164
1219
1454
1885
62
447
808
920
1276
1400
74
294
630
793
1325
527
612
1428
1607
193
430
1677
603
679
741
1250
1463
1711
172
618
1103
1381
1581
119
514
856
902
1500
1569
616
768
810
973
996
1130
1578
2024
8
541
630
811
1200
1336
204
567
1503
1608
1827
1843
1927
1983
353
476
825
1104
1208
1237
1347
1828
255
363
1108
1649
194
212
323
621
1166
1296
1525
2042
11
162
454
659
682
1117
1195
724
924
930
1247
1969
733
942
984
1389
2023
386
583
1149
1160
1232
1538
1633
1722
27
356
377
664
1886
374
436
572
718
966
1207
1784
453
489
770
829
1311
1868
34
372
675
818
1388
1735
1996
1069
1366
1399
1571
1594
457
1321
512
1322
1584
1800
276
424
431
1099
1239
1326
264
636
1006
1304
1416
165
646
721
1099
1434
2041
416
710
764
866
1140
1236
1726
522
606
665
714
881
1086
1311
2025
82
1485
1916
2006
174
175
327
566
1712
1798
1856
1917
331
378
849
1462
328
768
1118
1182
1264
1817
1873
1995
381
633
1471
1689
1792
1849
410
931
983
1328
1637
95
317
772
864
1170
1346
1593
104
776
795
818
1190
1295
1547
2015
143
302
513
868
1499
1542
1652
1690
233
493
1506
1569
1858
2046
332
648
1357
1976
1346
1496
1803
1929
1933
421
903
1470
1521
1746
1968
314
608
1218
1940
1984
689
761
993
1655
1988
56
117
134
146
979
1480
151
160
541
668
1141
1647
1889
407
502
700
1365
71
443
540
676
1479
1805
186
197
244
288
506
530
1176
1194
1370
35
820
842
1222
1362
1401
165
187
480
561
1878
109
166
690
1012
1351
1459
1504
1521
458
584
605
977
351
1098
1197
1348
1361
1884
1961
965
1284
1365
1760
1768
93
685
906
1011
1080
1132
1192
1853
2002
250
603
790
1058
1459
1507
1708
122
305
388
393
751
1278
1527
2040
553
877
938
1110
1448
897
904
1205
1564
1754
1992
13
70
103
350
537
1460
1487
1836
424
853
1256
1346
1395
1464
363
647
885
1007
1099
1374
1418
1548
366
745
1144
1497
1539
1630
37
598
634
910
1291
1550
1652
1056
1408
1680
1746
1767
535
1311
1377
1475
760
803
82
652
754
1338
1356
1456
1639
1672
525
560
654
969
1278
1477
1641
1807
149
187
348
774
1063
1209
1692
347
434
860
1801
1966
511
576
624
716
749
1647
242
426
862
1008
1413
1417
102
261
730
1092
1177
1579
1777
1778
1956
871
1113
1399
33
309
596
776
851
163
357
528
587
1026
1245
1300
647
768
1659
1891
281
837
863
1715
1926
2033
113
1091
1392
1558
1684
1775
30
191
385
476
703
1524
1640
1679
55
65
758
1167
1643
1744
2001
23
78
357
625
1303
1383
1457
1836
285
989
1073
1243
1313
1704
1925
76
206
574
637
940
966
1090
1615
1802
371
873
917
1491
2035
396
456
828
903
909
1845
54
896
1352
1396
1833
1920
1957
60
234
260
1546
1948
149
173
272
563
783
1751
121
224
382
286
485
647
779
1319
1644
268
287
467
815
1084
1270
1429
1589
343
746
873
921
926
996
1185
106
903
925
1609
1809
1865
859
880
981
1147
1675
1949
9
392
412
552
1001
1182
1843
1972
37
80
205
876
1127
1171
1747
354
603
653
1039
1338
1392
1656
702
775
949
1357
1558
1588
36
207
532
669
1986
33
364
671
677
753
1376
1486
1830
11
968
1229
140
419
662
938
948
1782
1993
527
637
691
991
1403
1698
1833
1882
6
346
693
816
896
976
1202
1393
1409
1709
271
444
728
805
1270
1364
1700
1954
2012
51
122
459
517
824
1063
1120
604
741
1023
1340
1697
1763
697
1265
1489
1897
54
644
835
1963
1967
207
492
652
1251
1342
1602
1857
1129
1425
1615
1820
1924
154
1210
1459
1494
1515
1676
1772
253
260
267
310
1445
1847
168
373
494
517
640
16
26
57
461
639
1673
1919
111
423
829
1036
471
1464
1805
294
472
805
1043
2015
1
7
17
23
29
31
36
43
48
53
59
66
71
77
81
88
94
101
107
114
120
125
136
143
148
155
163
171
176
182
188
193
201
209
218
227
231
236
244
250
257
260
266
275
282
285
288
298
305
310
315
320
326
334
339
342
346
353
359
365
370
374
383
391
396
404
413
420
428
435
442
448
454
462
468
473
479
485
490
500
505
513
520
525
529
537
540
546
553
560
566
573
577
582
589
597
601
605
608
615
623
631
639
647
656
664
668
673
680
685
692
694
699
705
712
720
724
734
741
748
754
762
766
772
779
784
790
795
801
807
813
820
828
834
838
846
850
854
859
865
872
881
889
893
896
901
905
908
912
918
921
925
930
936
942
954
960
967
972
977
984
991
1000
1004
1013
1018
1024
1030
1036
1042
1047
1049
1055
1058
1067
1073
1077
1083
1090
1096
1100
1106
1112
1119
1123
1129
1136
1142
1146
1152
1159
1164
1172
1179
1186
1192
1199
1203
1207
1212
1219
1226
1229
1233
1241
1248
1254
1256
1263
1271
1277
1285
1289
1297
1300
1306
1310
1314
1318
1325
1331
1340
1346
1349
1355
1361
1370
1375
1381
1385
1392
1397
1405
1410
1417
1421
1429
1438
1443
1448
1452
1456
1465
1472
1479
1484
1490
1496
1501
1509
1516
1523
1528
1534
1539
1543
1553
1561
1568
1576
1584
1587
1593
1602
1610
1612
1614
1620
1623
1629
1635
1642
1646
1654
1659
1664
1668
1677
1685
1690
1695
1705
1710
1715
1722
1727
1735
1740
1745
1752
1759
1764
1770
1776
1782
1789
1797
1801
1806
1812
1816
1823
1828
1833
1840
1847
1853
1859
1865
1872
1877
1885
1891
1898
1904
1910
1915
1920
1924
1928
1932
1943
1948
1953
1961
1969
1974
1983
1988
1994
1998
2003
2007
2013
2019
2023
2030
2035
2044
2046
2051
2055
2061
2067
2075
2083
2086
2091
2094
2100
2105
2108
2116
2120
2126
2130
2137
2141
2146
2154
2160
2165
2170
2179
2185
2190
2197
2204
2209
2212
2217
2225
2228
2235
2242
2247
2253
2259
2263
2268
2275
2281
2288
2296
2306
2312
2317
2325
2332
2338
2343
2347
2350
2356
2361
2367
2375
2381
2389
2397
2401
2409
2416
2421
2426
2434
2439
2446
2452
2455
2459
2464
2466
2470
2476
2481
2487
2494
2502
2506
2514
2518
2526
2532
2537
2544
2552
2560
2566
2570
2575
2581
2586
2591
2597
2604
2608
2614
2623
2629
2634
2642
2646
2653
2658
2667
2674
2682
2687
2693
2701
2707
2715
2721
2728
2733
2737
2739
2745
2747
2755
2762
2767
2773
2779
2788
2791
2796
2803
2807
2813
2819
2827
2834
2842
2849
2858
2863
2869
2876
2881
2887
2890
2896
2904
2911
2917
2923
2931
2938
2945
2951
2956
2964
2967
2974
2982
2992
2997
3001
3008
3014
3018
3023
3030
3035
3042
3048
3053
3060
3064
3067
512
2048
3102
85
353
1526
1563
1657
745
840
597
730
851
1824
1858
1907
562
1529
1538
1557
1883
1911
184
564
855
1075
1412
1429
1602
1880
1940
2002
220
481
832
867
1177
1735
1764
150
278
1042
1044
1494
443
587
769
971
1228
1537
1814
128
519
1082
1240
1470
1719
1914
216
1250
1792
1851
1901
134
785
1334
1913
1995
473
1168
1238
1394
1757
1925
133
286
524
553
819
1649
6
221
370
1128
1158
1326
1371
753
1065
1668
1685
2007
49
1259
1588
1623
1662
1998
284
1449
1459
1836
2022
240
351
416
432
1402
1751
200
857
1134
1418
1547
124
287
689
782
783
1520
256
647
921
929
1531
1674
1801
197
1428
1518
1608
1767
548
1122
1391
1410
1721
1790
33
303
570
1699
1764
20
121
1362
1656
737
1027
1468
1775
188
211
253
467
477
766
1381
180
260
408
694
836
1224
14
216
865
983
993
1720
70
77
752
1250
1306
1563
1837
481
630
944
401
864
1235
2017
1257
1491
1646
1732
1896
11
1399
2040
81
230
834
1109
1418
1512
1784
2047
227
326
890
1206
1236
1336
1028
1039
1112
1761
61
802
842
963
1533
461
543
776
923
968
1470
323
420
612
733
807
861
1031
1164
1709
836
1221
1331
1580
1729
1987
470
766
1719
636
869
1211
1301
1711
127
559
649
1097
1439
1496
1635
1746
1826
201
219
480
689
1271
1799
1873
1992
2001
245
1145
297
633
657
1387
1585
209
544
567
1189
1195
1274
1812
10
23
235
728
1324
1421
1880
545
619
685
894
973
1551
1647
246
384
571
585
627
747
13
122
1591
2020
660
948
960
1460
1582
1763
1943
185
248
250
475
613
1299
1454
1811
2009
18
568
728
803
1006
1031
1140
1836
74
598
917
1572
1703
263
712
901
1002
1626
1842
113
1148
1290
1625
1919
2041
266
370
601
1105
1229
1582
1882
34
143
195
718
777
818
996
1295
1395
1799
2038
951
1029
1267
1973
330
402
410
687
1018
1032
1164
249
408
972
1378
505
981
1653
985
1047
1126
1268
1660
905
1024
1258
2020
124
1276
1465
1646
1865
603
1453
1585
1904
1975
21
94
1027
1512
1750
1854
136
682
757
877
1080
1831
377
821
1245
1268
1885
90
620
880
1271
1700
1876
1982
260
525
885
939
1003
1486
1879
118
190
590
654
1270
1327
1794
175
293
594
723
1650
1962
569
607
1238
1490
1503
1707
2001
1889
749
927
962
1121
1165
1465
1945
157
984
1180
1660
631
900
1627
1727
1772
237
769
770
853
1028
1486
2045
363
414
418
921
1180
1190
1540
1677
272
780
1564
1822
64
139
977
1001
1012
1026
1071
1348
1370
681
949
1023
1364
1727
2011
767
826
833
1122
1253
359
814
967
1619
1750
86
368
380
988
1404
1885
276
477
744
890
1096
1146
5
227
471
688
970
1050
1085
1803
25
469
619
687
910
941
952
379
570
629
895
1187
208
355
848
1457
81
275
452
1189
1221
1702
1909
387
658
773
786
804
1158
1183
1477
203
922
1230
1421
1424
1425
1604
1665
1950
25
245
502
1124
1483
919
1033
1055
1696
221
263
956
958
873
1300
1376
1806
50
1346
1425
1987
44
173
1498
334
403
1317
1372
430
622
667
1203
1476
1654
1656
1807
468
530
693
806
908
1194
1696
178
644
879
897
1201
187
197
274
295
696
877
1088
34
43
492
1391
1459
271
311
519
739
1090
1130
1735
1894
1975
2021
423
970
1069
1452
1571
1771
486
494
799
803
1587
1832
231
560
1175
1485
1849
98
698
1063
1200
258
838
1170
1208
1249
1332
1742
1926
92
1832
391
588
713
883
117
1909
1924
400
460
1127
1180
1612
1903
125
496
1365
1682
182
391
407
910
997
1665
1838
2012
321
500
953
1827
1930
2044
455
805
1370
1431
1826
36
45
554
616
695
877
1898
1224
1283
1489
1597
1843
1984
586
819
864
1115
1600
1774
1789
13
951
985
1539
2039
457
591
962
1061
1340
503
837
1075
1119
1808
1825
527
575
1309
1606
1848
1906
324
732
1377
1984
128
413
812
1316
1580
1686
1994
166
186
234
314
862
1041
1055
1472
35
660
1229
1591
1658
980
1545
1584
1667
1704
1745
1999
2023
186
400
692
1083
1386
1394
1741
2048
222
342
741
925
1433
1580
1761
109
584
618
621
1298
1773
138
248
257
597
1977
730
763
1043
1624
127
439
968
1698
31
95
137
388
417
508
976
1019
78
347
627
692
839
858
979
1210
1898
85
652
817
978
1167
1599
2003
140
376
389
579
590
1027
1246
1938
29
296
382
828
1371
1428
1464
1812
2020
141
176
412
501
651
1143
1322
1463
383
801
909
1550
1798
1938
129
183
214
361
808
1059
1282
1834
2006
181
249
458
525
545
1013
1133
1747
164
581
596
1368
1380
1555
1766
395
601
1093
1144
1838
1934
147
249
840
1040
1082
1737
1977
16
273
779
869
1469
1885
355
792
1284
1297
2033
101
278
420
640
1092
1714
1726
67
232
522
642
795
1269
1528
553
626
683
939
1783
525
572
941
1501
1804
428
975
2011
267
436
470
531
999
1288
1441
2000
522
1758
1846
189
259
405
459
823
868
1458
314
764
947
1232
1285
1921
893
945
947
1181
1561
1808
232
323
488
813
922
146
208
212
235
761
1946
251
516
1039
1129
1325
1344
1620
12
319
450
473
618
668
1197
1234
1293
1522
120
289
389
1128
1301
1682
1817
557
911
968
1296
1402
1473
1587
1875
92
581
647
222
1301
1323
1367
2008
2027
343
777
1142
1318
1400
1583
1661
1840
290
459
1257
1331
1516
1642
1888
488
608
902
1244
1978
84
170
629
1177
1210
1286
1967
365
551
593
597
671
850
1479
1505
578
655
1147
1281
1474
1947
220
897
1233
1395
1588
2032
41
397
406
825
1292
1759
528
775
1230
1643
1648
1943
1989
2036
121
650
782
1510
1912
1959
669
1414
1459
1542
1677
212
794
1117
1243
1288
1651
8
211
556
761
1262
1359
1631
1986
26
57
268
440
931
1322
1384
206
247
815
837
1593
1944
82
538
557
743
1057
1330
1650
187
658
753
1870
77
250
795
924
944
611
855
909
1326
1506
1941
407
518
566
1048
1338
1680
44
151
466
1091
1739
1927
16
312
686
987
1160
1461
2029
831
948
1050
1305
1333
1474
1912
1950
136
758
850
909
1043
1589
1960
165
520
1229
1991
414
1139
1426
1528
1910
24
29
103
550
882
1023
1209
1877
1903
207
241
1031
1297
1655
1679
1816
600
1429
1627
1784
253
709
866
1220
1701
63
174
251
1202
1251
1829
497
507
759
881
1081
1274
1372
1548
1632
1734
131
207
1345
1502
2025
217
1392
1511
1515
1671
526
772
878
1213
1306
1845
1315
1829
1887
1966
315
440
1265
1276
1317
1498
1561
1778
596
1558
1592
1709
1974
54
155
226
230
648
1029
1252
1376
1571
612
1182
1361
1368
1574
1961
213
395
461
481
708
1225
1233
1619
108
321
615
1052
1100
1518
1537
1631
11
348
517
592
931
1341
1343
1392
1905
626
670
1493
1886
1941
109
194
478
999
1495
1608
472
946
1174
1932
65
506
1281
1673
1863
1869
32
58
205
218
482
649
973
1118
614
1067
1232
1455
1575
1618
300
678
781
830
1617
1755
65
867
1622
477
552
630
1629
2035
277
492
601
1217
1360
1965
847
1140
1364
1447
1683
1753
1916
1993
898
1056
1157
1947
1956
48
514
930
954
1263
1614
1784
1923
2005
798
1247
1703
1922
857
992
1070
1256
1517
1554
2047
311
679
1446
1895
1899
100
149
559
860
1312
1686
1942
2016
39
144
166
2011
301
364
647
244
280
530
749
1316
1589
1646
299
411
659
904
1178
1556
1560
97
540
586
639
743
1156
1687
2017
9
341
505
534
603
607
696
884
123
126
743
1705
1092
1231
1655
1728
1897
261
1211
1342
1347
1451
441
789
1035
1179
1616
1960
1964
188
383
1445
1453
1955
76
480
653
989
992
1076
356
374
519
541
1040
1613
1672
1896
337
1025
1488
2008
170
698
1016
1141
2006
238
529
1197
1294
1600
1953
133
611
624
703
1218
1666
2036
421
455
691
1013
1634
1725
67
588
610
851
1034
1068
229
425
586
690
753
1226
1264
1524
1097
1685
145
215
412
1471
69
498
826
1752
1840
117
1253
1538
1747
655
1255
1385
1771
162
450
792
818
1360
1535
1705
1798
1915
325
861
936
1541
1882
2021
491
1176
1649
135
203
439
1064
246
541
1120
1292
1369
1798
1837
1928
1945
161
426
488
645
658
698
755
1091
1490
1733
93
676
883
1334
1601
2030
453
505
537
824
942
1080
1114
1425
1543
1922
204
310
1118
1133
1433
1690
56
292
343
1564
1681
1732
115
334
372
954
1103
171
209
554
558
856
1186
1258
1494
302
1268
1305
1503
291
378
425
802
1099
1241
1352
159
935
1324
1340
1559
1607
1992
40
88
352
778
1275
1722
1728
2022
646
1300
1793
2000
280
913
1269
1781
1819
338
349
994
1004
1370
1405
1791
30
257
538
683
874
1372
1889
1065
1337
1407
1739
64
66
471
1490
1550
1605
1919
49
131
437
1246
1365
1618
1731
764
1078
1163
1256
1420
490
507
577
996
1068
1245
1434
60
568
1138
1144
89
112
873
1296
1478
1532
1800
573
703
738
742
1007
1126
1445
1963
191
692
758
1036
1111
213
588
754
820
1918
233
262
318
967
1289
1382
1538
746
1026
1047
1258
1818
1905
40
43
720
1108
1423
1721
168
182
384
634
706
980
320
788
860
1296
1945
290
364
1051
1223
1388
138
141
154
368
885
1192
1567
1576
146
577
585
918
958
1096
1363
432
564
775
1369
1566
1810
328
370
427
611
678
791
1151
2048
479
813
955
1194
2042
623
1485
1504
1515
1672
1694
1861
35
160
451
854
1358
1432
1484
96
485
1002
1191
2028
162
868
1568
1698
1743
682
952
1431
1719
1860
1959
240
309
371
725
973
1803
16
114
274
416
521
1015
1349
475
722
790
1697
1948
2012
30
620
742
1019
1053
1211
1748
193
1008
1356
1573
151
224
433
529
561
721
1252
1308
447
760
1683
1849
2009
1061
1226
1396
1403
1546
1793
265
280
859
891
1303
2042
107
691
998
1212
1773
1881
2015
9
705
1332
1484
1573
1647
1698
383
931
1020
1215
1435
1558
1835
1856
12
338
708
747
1019
1557
1706
1962
312
422
496
587
1105
1292
1904
1973
1821
2027
749
750
771
821
902
983
1259
595
784
904
1046
1219
1354
1766
589
1021
1558
1564
331
803
1120
1643
285
432
452
905
1472
1524
1743
1988
322
537
1179
201
951
1006
1330
1392
1757
1869
366
649
945
1499
1519
1937
262
332
354
852
1048
1320
1390
1478
125
283
443
805
914
1065
1457
569
688
998
1156
1378
1633
1663
1697
1887
335
394
665
858
1001
1461
293
520
1365
1379
1641
1775
56
88
209
514
1302
1806
1855
2025
599
854
1511
1835
2009
71
239
535
674
1636
1741
1948
3
640
1406
7
200
289
981
984
1115
1291
1758
1915
1921
22
560
667
1109
1470
1491
1575
78
350
715
837
1036
1270
1494
1989
572
865
1045
1390
1566
1831
294
295
345
591
903
2017
51
368
438
1010
442
602
2004
2013
2044
130
559
1090
1102
1111
1408
1539
2030
2037
476
501
1061
1450
1454
1492
1653
780
899
926
1133
1200
1328
1621
1730
1902
4
871
950
1108
1156
1808
223
398
568
1186
1648
1703
1783
216
426
434
499
732
1084
1178
1198
2019
176
327
682
723
1346
38
324
731
886
921
972
975
1970
12
365
740
986
1847
1913
101
202
239
801
896
1087
1871
1949
59
119
566
668
1446
243
270
454
563
1361
1427
1579
7
143
845
1434
1704
1740
1785
1111
1694
1768
1851
542
674
886
1419
1526
1643
108
365
609
1184
1536
1933
2000
431
448
489
573
1003
1080
1578
134
415
534
1193
1553
1572
1663
1736
1899
825
964
1055
1612
1867
1976
2029
119
705
723
1465
1906
46
341
435
500
1529
357
536
553
1071
1514
1624
1793
177
426
804
942
1028
1081
1127
1236
1777
305
344
414
516
935
1059
1707
1403
1443
1463
1620
358
393
474
923
1182
1196
1374
1672
1985
114
918
1244
1280
1325
1990
594
664
1452
1785
1929
359
654
1112
1188
1413
1532
1783
190
543
1145
1169
1197
1676
132
521
531
637
736
1970
81
99
419
672
1480
1495
1635
266
518
583
1085
1247
1581
1986
327
800
1205
1523
1723
764
868
1147
1288
1440
1596
56
752
979
1217
1687
115
705
1063
2037
783
1495
89
130
145
405
448
1762
520
629
849
935
982
1689
1738
273
1098
1313
2035
445
676
903
1249
1311
456
506
745
1449
1800
1910
55
429
846
907
974
1215
1827
247
307
436
565
1176
1408
1426
1456
155
756
779
1159
1162
1375
1482
1594
2015
210
704
761
1671
1952
1955
18
347
590
600
669
924
1562
211
366
843
1170
1239
1260
509
625
677
741
259
578
589
976
1341
1515
236
476
574
1488
1516
415
1277
1466
1840
504
827
844
944
1743
1879
1965
1972
2024
304
651
1280
1359
1676
1841
413
1063
1547
1854
1949
22
894
1396
1556
1656
1691
1968
79
320
1090
1172
1375
1761
1988
1248
1309
1535
1680
281
288
449
1025
1244
1476
2034
229
244
375
919
1940
3
386
635
1541
1592
1976
66
85
234
299
1022
1482
1652
1857
1980
164
483
506
633
722
1188
1254
1652
1715
1780
62
558
1206
1242
1424
1675
1702
1
372
393
449
846
1117
1217
1304
1796
1981
131
393
515
715
997
1418
1730
1810
169
482
898
1194
1981
2007
54
279
346
511
672
984
1168
1237
1053
1101
1563
1581
1710
1745
277
381
802
991
1411
306
331
713
961
71
158
509
865
919
1151
1813
1888
442
661
821
1175
41
424
820
1152
1307
1534
1744
1959
812
998
1099
1868
46
53
906
1084
1165
1363
65
333
487
880
1012
1176
1900
69
335
648
1577
1795
1135
1223
1492
1724
550
714
783
1753
157
337
721
917
1134
1754
217
684
1046
1260
1275
1803
1849
2018
294
500
1048
1289
1291
1327
1587
41
1327
1376
1661
1877
2014
120
142
772
1083
1513
1579
1964
59
289
941
1273
1419
1578
1608
6
353
1115
1284
1473
1961
528
1124
1579
1700
1744
621
622
655
762
849
1371
1823
1935
765
828
1002
1399
1582
1983
1310
1692
1937
402
724
884
959
1343
2048
204
265
319
636
745
1144
1159
206
276
716
1875
285
701
722
855
926
1893
1949
1951
90
167
869
915
1497
91
542
623
1533
1545
1973
2016
269
1659
1998
46
844
1572
1837
1925
934
1243
1641
1745
508
549
660
814
1195
1227
1551
5
947
1113
1315
1357
1452
1845
809
1123
1774
2033
580
1038
1057
1416
1504
1954
119
567
787
977
1243
261
584
781
1032
1398
1625
83
726
793
799
1735
49
510
822
1439
1562
1958
2007
87
104
175
887
1532
1644
1894
2043
164
183
445
701
863
927
1397
1437
1535
1941
222
517
569
1005
1062
1116
614
746
1188
1348
1500
1601
1655
1788
1868
1990
138
1665
1863
1963
105
341
641
826
1550
556
757
1373
1415
1927
1997
242
381
632
1074
1767
2040
147
255
469
858
1266
1618
113
719
943
1030
45
515
529
694
731
811
1513
1596
1892
177
429
766
1042
1140
1207
2019
444
971
1101
1123
1882
140
549
748
1137
1554
1619
1815
1935
258
510
513
702
967
992
68
255
396
679
871
1136
1824
181
439
1245
1956
37
314
619
785
949
303
308
334
693
354
1295
1383
1785
2016
711
1290
1499
178
835
1119
1436
1508
1733
1914
608
738
775
1016
1466
1537
1754
205
548
594
657
666
1860
362
558
859
1204
1249
1585
2024
380
744
913
958
1366
1500
291
717
843
918
1220
1429
1629
1763
1830
489
533
890
997
1415
2035
371
714
834
1328
1799
303
891
1338
1788
2031
555
666
1146
1278
1685
1917
158
446
543
1444
1546
1640
1264
1484
1725
2004
1078
1716
1802
1886
2005
179
291
767
1267
1675
399
707
1039
1262
1595
1801
1020
1132
1210
1252
1668
1695
1920
333
411
1248
1756
63
149
367
429
710
986
1246
1614
1843
990
1467
1613
1705
1740
130
728
1509
1887
44
1148
37
396
460
591
1038
1151
1403
332
430
539
1084
1359
1547
1601
1778
51
75
99
172
1828
851
1060
1219
1679
1742
1864
118
252
632
885
1014
1265
1664
1968
27
147
184
259
1054
1748
1999
752
1345
1404
1454
1721
614
999
1422
1440
1670
1980
2018
943
952
1442
1689
2021
155
237
724
907
1688
1871
279
554
609
737
1231
1438
1706
669
787
1059
1279
1555
86
252
283
1000
1096
1443
1501
1567
15
21
450
540
699
844
1318
1667
1850
31
112
459
585
995
1541
1553
1
6
8
14
20
30
37
42
49
56
61
66
72
78
85
90
96
101
107
112
118
125
126
130
136
141
145
149
156
162
168
175
178
182
187
190
198
204
208
213
219
228
234
237
242
251
260
262
267
274
281
288
294
298
305
314
322
327
333
339
346
354
357
361
368
372
375
380
384
389
394
400
406
411
418
425
432
438
445
446
453
457
462
469
477
481
490
496
501
506
512
518
526
533
538
542
549
557
566
571
575
579
583
587
590
594
602
609
614
621
626
636
642
648
653
657
665
667
671
674
680
684
692
698
703
710
716
723
728
733
739
745
749
756
764
769
777
785
792
798
803
807
811
819
828
835
843
852
860
866
875
883
890
896
903
903
909
914
921
928
933
938
941
949
952
959
965
971
976
982
989
999
1006
1014
1017
1023
1031
1038
1043
1050
1058
1064
1070
1076
1084
1090
1095
1101
1109
1116
1122
1129
1133
1138
1144
1150
1156
1163
1171
1178
1182
1187
1196
1203
1207
1212
1218
1228
1233
1238
1244
1248
1256
1261
1270
1276
1284
1292
1301
1306
1312
1316
1322
1330
1336
1342
1345
1350
1356
1364
1369
1378
1382
1389
1394
1402
1406
1409
1416
1423
1431
1439
1443
1448
1453
1460
1465
1471
1479
1483
1488
1494
1501
1507
1513
1521
1523
1527
1532
1536
1540
1549
1555
1558
1562
1571
1581
1587
1597
1603
1609
1614
1622
1626
1633
1640
1648
1652
1657
1664
1671
1675
1682
1689
1694
1701
1705
1712
1720
1725
1730
1737
1743
1749
1755
1760
1765
1773
1780
1786
1794
1799
1806
1813
1818
1823
1829
1835
1842
1848
1855
1859
1867
1872
1878
1884
1891
1898
1906
1914
1922
1924
1931
1938
1942
1946
1954
1957
1964
1970
1978
1985
1994
2000
2006
2014
2019
2026
2029
2039
2046
2054
2060
2066
2070
2075
2084
2091
2100
2106
2113
2122
2127
2135
2141
2149
2154
2161
2168
2172
2178
2185
2192
2195
2201
2208
2213
2218
2225
2234
2241
2245
2254
2260
2265
2272
2278
2284
2291
2298
2303
2309
2314
2318
2320
2326
2333
2337
2342
2348
2355
2363
2372
2378
2385
2391
2395
2401
2406
2410
2419
2425
2430
2437
2444
2448
2455
2460
2466
2475
2485
2492
2502
2510
2516
2524
2530
2535
2539
2547
2551
2559
2563
2569
2576
2581
2585
2589
2595
2603
2610
2616
2623
2630
2636
2641
2649
2655
2658
2664
2671
2675
2683
2688
2695
2698
2703
2707
2714
2721
2725
2731
2736
2742
2747
2754
2762
2772
2778
2788
2792
2797
2803
2809
2815
2819
2828
2835
2840
2848
2854
2861
2865
2870
2874
2879
2882
2889
2896
2902
2909
2915
2924
2930
2935
2940
2946
2952
2956
2961
2966
2972
2979
2983
2992
2997
3001
3003
3010
3018
3023
3029
3037
3044
3049
3056
3061
3067
3074
3079
3087
3096
