256
512
1536
33
76
130
131
149
164
224
248
50
112
130
161
168
254
77
89
331
368
433
511
17
35
133
270
284
323
14
110
235
413
440
73
145
237
312
354
444
52
102
197
265
317
491
26
44
58
61
80
501
50
224
306
364
384
392
74
91
105
177
247
322
48
229
432
468
499
170
200
309
344
378
415
21
63
119
311
423
453
103
178
182
341
404
430
94
106
107
367
434
449
123
132
215
265
314
412
93
94
129
148
241
388
23
124
150
244
350
507
110
141
199
343
359
378
9
109
243
344
381
19
65
388
419
437
495
19
144
240
304
367
8
132
152
199
213
263
62
78
179
292
402
444
109
153
206
227
451
504
95
193
198
347
422
492
128
165
170
260
409
496
140
150
157
191
299
320
34
117
143
235
272
347
186
207
305
403
496
233
295
319
323
443
50
225
269
469
473
486
12
99
250
331
383
451
39
297
369
411
461
499
66
81
133
135
138
183
362
10
16
140
333
428
482
119
180
203
336
395
454
24
65
101
126
259
386
471
26
53
67
146
198
317
19
45
108
150
463
490
239
276
308
385
455
6
161
222
373
409
434
480
28
71
163
294
398
418
16
21
328
450
459
510
145
290
366
374
379
466
66
172
299
349
398
462
15
71
97
230
263
466
259
327
328
440
483
507
10
20
225
329
334
403
153
250
271
277
380
187
197
214
237
431
500
27
49
51
237
255
388
90
147
263
264
279
376
22
79
85
208
360
445
35
41
104
171
274
480
171
278
280
391
476
88
105
180
222
351
447
36
107
141
175
289
448
173
177
201
287
439
502
211
359
435
442
497
506
11
14
254
311
402
484
14
47
69
294
321
403
462
102
130
192
355
406
410
81
156
231
367
373
425
42
63
303
340
365
421
26
111
118
293
358
362
31
168
284
302
306
397
30
68
176
254
394
446
84
184
238
262
277
418
43
132
295
297
472
490
33
113
281
314
356
374
392
73
155
236
339
389
417
177
302
332
353
386
409
55
64
311
407
421
449
32
210
259
312
315
334
2
68
137
174
439
488
12
36
89
288
463
478
79
178
189
297
315
420
10
48
128
143
246
438
115
152
270
300
329
452
71
83
85
194
415
479
226
299
314
360
426
464
42
162
298
338
342
366
24
45
48
163
225
483
185
333
356
406
462
512
2
170
197
280
432
450
38
84
111
155
210
477
37
56
66
369
410
445
13
94
144
151
221
411
427
281
424
444
451
489
496
83
146
172
344
418
436
38
182
288
293
336
353
407
98
101
171
339
358
379
46
153
169
183
232
491
22
267
337
476
493
507
57
92
266
301
316
360
25
41
78
275
282
398
56
88
158
166
362
380
505
158
160
226
375
448
487
260
405
413
416
491
504
59
82
227
457
476
488
93
135
207
252
285
369
6
46
86
288
442
469
191
195
300
338
457
467
123
125
129
231
324
404
505
68
164
407
416
454
499
60
99
204
286
381
505
64
238
244
396
441
460
51
169
283
290
322
469
4
90
97
308
354
397
60
282
298
347
431
506
17
138
175
247
343
458
9
43
86
98
481
492
116
300
327
363
371
402
22
99
151
408
421
436
488
24
121
183
199
256
329
39
108
146
258
449
482
90
190
215
332
396
437
122
242
318
346
425
25
134
182
296
389
479
29
41
114
190
204
284
5
40
268
397
497
511
115
230
323
326
385
445
8
23
96
278
390
474
67
173
187
212
385
468
4
38
243
257
258
389
83
257
375
414
483
502
249
302
310
413
435
490
15
32
72
77
184
198
142
186
213
296
468
472
1
3
55
126
232
274
7
62
159
168
181
231
115
204
243
318
361
443
23
100
191
387
396
399
37
119
272
399
466
508
184
291
306
474
484
497
80
87
279
291
423
467
126
241
350
426
438
455
82
236
252
325
436
439
74
93
159
271
427
475
75
78
87
269
471
472
44
95
114
220
258
339
174
218
277
328
463
475
52
87
156
174
412
464
61
372
435
484
494
510
181
307
386
441
447
470
194
251
307
357
440
450
456
11
40
125
228
330
429
157
176
262
335
346
424
57
241
338
340
401
479
31
76
195
250
370
501
113
129
379
391
477
512
59
69
154
160
223
305
72
131
290
316
394
475
11
156
238
313
371
434
320
381
387
400
406
494
52
188
309
337
411
509
240
253
353
354
371
502
13
18
227
233
261
454
261
287
322
325
366
481
179
207
214
287
429
487
37
229
392
486
498
80
135
228
321
372
474
63
70
136
148
165
175
212
5
25
64
86
266
416
117
249
276
348
430
39
151
196
245
426
432
1
246
324
352
465
478
20
118
178
190
246
424
16
29
201
283
460
461
46
70
357
420
428
437
75
201
375
395
452
456
106
118
121
176
382
456
92
113
211
327
384
500
89
162
219
253
355
400
104
116
315
477
489
96
112
195
282
320
340
100
264
267
335
341
503
8
106
160
251
267
420
13
145
152
211
212
242
303
308
318
334
357
368
473
159
189
255
293
304
487
6
91
141
155
405
492
82
110
292
330
470
59
193
202
236
316
337
51
127
206
291
310
342
55
74
81
142
240
260
162
220
245
252
271
278
136
234
235
359
458
493
67
181
216
221
486
512
1
21
29
100
196
234
140
169
214
370
425
442
283
342
345
373
382
443
28
40
137
193
298
382
77
185
272
301
422
446
69
194
220
244
341
401
54
210
248
256
310
501
114
142
218
219
317
361
139
161
276
356
395
467
57
72
104
189
203
270
85
120
377
447
459
47
206
251
352
489
498
42
185
361
380
412
509
17
192
215
296
303
446
18
58
133
230
313
364
45
120
365
390
438
485
20
139
144
167
495
498
7
154
285
309
349
384
5
34
54
265
415
471
165
232
239
352
355
390
18
101
217
346
480
485
154
209
256
358
459
481
164
187
222
274
275
304
2
27
61
120
202
332
15
49
91
167
319
430
134
216
262
374
393
427
27
205
228
289
441
482
103
149
209
363
364
460
12
122
167
301
343
345
148
465
473
493
495
511
70
97
108
348
351
470
35
53
131
137
157
350
88
205
268
417
423
433
109
128
234
273
394
448
3
30
255
269
393
405
205
209
336
387
428
508
53
173
266
292
378
419
32
273
363
410
509
510
9
44
125
218
261
494
143
333
372
377
391
504
124
365
399
404
503
506
3
49
117
134
221
253
123
180
242
331
377
422
36
98
103
138
295
400
33
58
116
233
285
503
105
208
219
281
414
60
149
280
326
414
433
112
179
313
330
393
452
65
202
208
245
286
307
30
92
95
127
268
326
419
96
166
319
376
431
453
485
28
47
166
188
217
457
139
200
223
376
478
111
147
172
216
248
275
56
73
188
223
289
335
54
122
257
370
417
453
62
147
158
312
325
408
79
124
200
247
401
455
102
196
213
249
279
345
4
203
226
305
368
500
192
286
349
383
464
465
75
84
239
321
351
458
7
76
264
273
294
383
31
121
127
163
217
429
107
136
186
229
461
508
34
43
224
324
348
408
1
9
15
21
27
32
38
44
50
56
62
67
73
79
85
91
97
103
109
115
120
126
131
137
143
149
155
161
167
173
178
183
189
195
201
208
214
220
227
233
239
244
251
257
263
269
275
281
287
293
298
304
310
316
322
328
333
339
345
351
357
363
370
376
382
388
394
400
406
412
418
425
431
437
443
449
455
461
467
473
479
485
491
497
503
509
515
521
527
534
540
546
553
559
565
571
577
583
590
596
602
608
614
620
626
633
639
645
651
657
663
669
675
681
687
694
700
706
712
717
723
729
735
741
747
753
759
765
771
777
783
789
795
801
807
813
819
825
831
837
843
849
855
861
867
873
879
886
892
898
904
910
916
922
928
934
940
946
952
958
964
970
975
981
988
994
999
1005
1011
1017
1023
1029
1035
1041
1047
1053
1058
1064
1070
1076
1082
1089
1095
1101
1106
1112
1118
1124
1130
1136
1142
1148
1154
1160
1166
1172
1178
1184
1190
1196
1202
1207
1213
1219
1225
1231
1237
1243
1249
1255
1261
1267
1273
1279
1285
1291
1297
1303
1309
1315
1321
1327
1333
1339
1345
1351
1357
1363
1369
1375
1381
1387
1393
1399
1405
1411
1416
1422
1428
1434
1441
1448
1454
1459
1465
1471
1477
1483
1489
1495
1501
1507
1513
1519
1525
1531
