410
2048
3040
92
505
932
1047
1177
1499
973
1393
1828
610
993
1256
1638
1842
1863
1964
15
675
888
1161
1207
62
576
618
1430
1835
81
123
612
897
966
1137
1408
1448
190
1271
1274
1494
519
531
765
841
1371
2046
18
53
345
417
433
544
1619
1800
34
96
336
412
1174
1409
317
934
941
1082
1100
1424
129
228
811
847
1127
1256
1399
1923
1954
379
607
785
831
1106
1339
1454
50
233
301
315
438
1828
1971
38
310
449
612
790
865
1018
1739
1798
68
202
281
671
950
1376
163
251
1118
1283
1754
1813
1825
6
44
573
632
1038
1589
1648
176
282
928
1050
1311
1644
1974
77
266
1065
1144
1604
645
1007
1011
1047
1286
1876
1928
280
698
1508
1680
1720
1871
1890
1999
461
792
833
992
1080
1796
1893
376
460
752
863
883
1069
1200
1666
1870
1885
28
102
354
537
688
1426
1651
1813
1851
400
765
983
1570
1714
1891
1980
162
605
1024
1141
1564
94
146
487
515
689
865
1066
1224
1730
1821
1909
2007
19
85
641
973
1127
1473
1685
1875
98
346
485
630
718
1402
130
270
410
790
1230
1289
1317
1340
1593
180
190
762
1313
1622
1629
1748
661
1231
1242
1244
1586
1762
1919
283
510
1132
1160
1776
1778
2016
793
1786
1600
1710
1744
1798
1940
323
573
1343
1399
1459
1853
13
426
1305
1332
1370
2002
52
444
999
1415
1647
1672
373
601
999
1102
1416
275
611
678
688
958
1619
1763
159
1014
1093
1169
1415
1470
1654
1738
1904
1914
2034
84
98
328
349
1030
1674
1752
1783
1843
11
90
144
465
766
868
949
989
1521
1619
1711
1814
1829
381
656
1209
1349
1393
1590
1995
717
805
890
1136
1445
1555
1716
1902
1929
185
296
398
933
1293
1394
1590
1680
1872
1882
138
295
591
629
729
1675
136
261
360
585
1723
1858
1981
247
714
1060
1074
1207
1728
1852
344
651
713
802
1327
1329
1585
2018
22
421
440
1117
1310
1327
1438
1890
1980
166
614
1108
1321
1475
1975
336
580
877
943
1191
1497
1597
383
980
1401
1413
1558
2041
79
167
211
318
451
825
1862
1915
544
958
979
1075
1369
1392
1733
1821
1835
337
548
779
1202
1264
1759
25
208
446
584
747
1207
147
248
311
887
1395
1898
203
405
432
619
687
904
1368
1514
1862
40
142
263
304
445
893
1146
1906
2029
69
71
83
977
1159
1326
1751
134
311
437
1509
1686
45
47
176
265
292
626
777
1172
1975
184
1066
1099
1322
1460
1511
230
235
821
1053
1192
1217
1526
1554
1781
539
672
1210
1371
1533
22
506
668
1104
1626
1683
1778
283
507
532
680
1183
1775
436
468
849
1067
1624
1665
1755
38
39
290
595
925
1001
1005
1014
1366
1537
731
754
769
1210
1606
1694
1837
494
578
845
884
1301
1786
1968
1972
444
509
785
886
946
1109
1328
1595
18
24
430
743
810
859
1061
1660
1689
1808
1839
275
395
1358
1476
1498
1900
1947
172
857
962
1445
1538
1694
114
315
362
555
710
768
910
996
1042
1190
1279
1658
1742
88
213
666
1053
1274
1405
1510
4
735
738
1168
1196
1350
1383
2015
630
699
866
995
1151
252
375
460
514
834
1573
1768
1845
1995
2040
94
193
733
855
878
959
1064
1173
1646
1918
182
974
995
1245
2
56
137
659
765
791
1525
1553
1715
9
119
446
686
1062
1145
1718
1826
1884
238
257
464
616
654
1148
1502
1592
1836
206
462
500
519
758
1025
1335
1632
1673
1965
231
327
1189
1714
1720
2024
151
389
436
733
1687
180
723
876
1635
1674
1932
1995
159
161
524
658
745
1792
44
47
704
862
929
1421
1970
1994
497
731
1380
1413
1573
1844
24
643
976
1272
1400
1734
1887
2041
326
390
958
1609
109
136
254
276
1660
238
858
1262
1867
4
436
1111
1442
1520
1698
1745
1793
1858
372
642
655
813
825
1211
1221
1266
1593
1715
167
415
431
483
703
861
1624
66
800
1064
1108
165
291
327
683
737
1304
1695
1797
84
286
471
1510
1622
1727
1791
91
991
1370
1443
1509
1806
283
590
985
1186
1230
1597
1630
1815
1818
175
300
410
687
1069
1404
48
138
317
472
516
542
815
1329
1592
1991
776
906
1056
1111
1210
1704
2020
80
229
513
748
1468
1609
185
795
844
941
1099
1111
1429
1711
1924
1990
2014
407
617
921
1124
1494
1533
1886
219
686
787
955
1004
1182
1240
1353
1410
1469
1696
1891
164
806
1077
1109
1316
1726
321
345
427
493
1334
1418
1482
1527
143
443
448
684
1299
1731
1839
6
56
83
104
415
1162
1163
1299
2026
541
719
1095
1188
1224
1367
1493
1879
382
404
689
1486
435
592
628
1019
1175
1201
1259
1419
1789
1993
1999
117
186
660
1057
1158
1794
2030
2048
409
600
614
842
997
1253
1905
2036
187
898
906
1628
1897
2044
188
375
450
846
1116
1165
1221
1805
131
186
605
659
931
1157
1159
1533
1554
129
208
351
664
668
1480
1658
45
198
245
297
329
976
1084
112
166
546
642
817
920
1166
1197
1277
25
110
524
953
995
1189
1388
1540
717
884
1191
1275
1409
1440
1738
1753
224
361
1651
1779
1849
2030
61
67
233
523
713
951
1458
2022
349
535
603
638
1003
1035
1058
1234
1260
1960
1973
241
317
322
369
741
750
1280
1398
1404
1489
501
747
818
945
1143
1392
1413
1688
1697
1706
1925
1977
784
1325
1352
1539
1629
1655
250
1294
1559
1766
1985
256
500
531
715
918
1204
1718
1805
1913
59
363
483
803
1090
1418
1508
1621
122
1007
1289
1310
1733
1996
33
40
537
874
927
1670
596
968
1142
1308
1637
1976
647
1182
1223
1530
1546
1954
2031
348
411
512
1073
1412
1535
1838
1892
1907
174
347
554
652
1072
1323
1571
1616
2009
5
324
1083
1125
1875
2002
535
560
892
1095
1913
220
368
864
910
1390
1543
1749
1889
95
434
1096
1848
143
491
728
776
931
968
1097
1551
1555
1735
1866
1970
654
937
941
1046
1322
1950
647
840
950
1148
1617
1699
1802
1930
243
281
701
845
1220
33
218
405
511
1071
1086
1177
1427
1569
1678
172
268
271
568
627
634
886
1679
442
491
727
1220
1224
1615
1768
1907
192
527
649
1040
1292
1312
1637
1939
475
493
812
889
939
1015
528
1465
1725
1932
2006
150
848
1096
1779
1934
23
423
501
797
951
1231
1555
1618
1829
664
875
913
1017
1138
1351
1412
206
1180
1342
1595
1898
149
355
522
740
895
905
1108
1576
1873
1926
224
315
769
1366
1895
581
784
1255
67
76
343
467
838
891
954
1152
1231
1268
1296
371
811
887
1726
1744
314
994
1376
1471
1796
1807
1813
1962
156
645
817
1184
1263
1435
1639
387
804
875
1010
1117
1430
1872
1873
32
127
563
636
980
1486
1557
210
1000
1519
1699
1917
1984
148
1000
239
1234
1348
1651
1834
107
127
733
943
1265
1707
354
735
1034
1408
1438
1677
364
419
562
1285
1477
1633
1963
447
532
760
822
856
1101
1222
1269
1282
1379
6
218
507
936
1212
1216
1951
556
603
812
975
1113
1615
1898
1945
140
363
453
518
595
775
1008
1268
1661
30
584
645
1081
1206
1238
1419
1634
1905
805
1023
1134
1326
1892
2038
520
590
928
1023
1062
1120
1137
1273
164
179
298
454
662
810
1267
1290
1422
1493
1835
1973
222
652
689
1124
1246
1711
1769
574
809
1022
1340
1349
1770
1771
2003
292
565
646
1332
1493
1503
1720
1803
439
766
778
788
1180
1309
1364
1653
1666
2026
89
517
1316
1444
1646
1967
2045
463
706
1034
1214
1623
1633
1689
1747
1918
32
576
657
766
886
1039
1142
1242
1402
1476
508
1042
1473
1560
1868
1953
434
517
579
778
807
949
963
1114
1300
1935
67
139
316
518
1052
1164
1258
1611
339
423
494
557
1104
1633
1769
260
867
1003
1516
1527
487
494
1213
1251
1344
1423
1528
1552
149
152
312
461
499
714
1652
1694
1770
20
76
236
459
1154
1484
1495
2000
557
804
917
991
1044
1121
1201
1565
1817
142
487
876
1229
1313
1431
1562
1755
1807
1843
2011
181
376
996
1288
1540
1547
1761
1853
92
320
364
551
786
796
905
1558
1620
473
535
667
850
1094
1112
1409
1452
66
746
848
1279
1462
1517
1965
429
649
685
704
1019
1036
1222
1394
1677
1827
569
700
711
1311
1538
1802
1946
2018
14
73
306
349
715
988
1155
1610
1935
222
727
871
966
1048
1053
1089
1105
1281
88
118
751
1197
1222
1288
1297
1976
534
611
631
911
1015
1277
1339
447
507
780
885
922
934
961
1094
1383
2018
900
974
1324
1359
1513
1675
1992
211
693
819
1665
1703
1857
2047
591
670
1009
1223
1262
1577
1704
1748
113
1045
1655
1776
42
209
336
840
1604
1670
386
400
509
628
650
815
842
1585
1602
1851
178
316
706
710
900
1061
1082
1337
753
1084
1178
1367
1368
1463
1497
183
244
629
1530
1693
1866
2011
119
299
311
549
561
1539
1754
1875
291
464
753
1179
1328
1545
5
278
411
926
1030
1648
1931
156
324
335
1094
1122
1482
1502
1824
1983
68
432
1226
1614
1857
1966
17
201
595
650
1091
1161
1226
1312
59
392
782
802
1006
1249
1854
780
990
1226
1227
1254
1759
372
965
1057
1433
1703
1706
1993
270
588
906
1424
1528
1642
1702
1725
115
318
428
608
767
2000
1121
1214
1387
1913
2042
70
401
1071
1382
1578
1906
217
255
289
328
660
671
909
1764
16
44
465
907
1315
1598
1728
1868
709
1179
1910
2027
72
841
1738
1856
1878
79
183
208
512
789
1086
1363
2019
449
730
1014
1602
1997
226
313
316
484
559
619
1411
1422
1435
1748
288
504
955
1284
1506
1736
1882
272
943
965
1250
1251
1816
2034
91
114
135
191
417
856
976
1596
1699
106
676
837
1039
1456
1836
865
1132
1143
1287
1613
1757
2005
105
228
642
1479
1744
1747
1752
111
755
926
971
1278
1290
1301
1443
2040
126
490
571
830
1110
1132
1311
1343
1719
622
1184
1384
1525
1920
262
439
468
534
746
758
767
1657
238
588
674
1061
1151
1234
1704
1773
223
441
805
877
1373
1673
1883
3
418
523
567
587
609
763
1052
1329
1388
1390
107
247
569
750
752
1552
1791
1793
1909
1953
457
511
794
1395
1859
1899
443
981
1909
274
851
953
1029
1591
2001
153
1032
1668
1792
1845
232
356
721
826
1336
1362
1706
1766
259
836
1150
1202
1237
1603
1751
193
530
1028
1799
232
457
827
828
950
1021
1063
1193
1393
1780
157
170
324
416
879
1861
1907
263
915
994
1270
1405
1792
2048
352
597
1140
1271
1300
1587
36
74
329
529
1308
1357
1397
1474
1514
1575
1758
275
873
1127
1134
1245
99
196
593
898
1037
1863
159
369
370
724
726
814
1526
1705
1881
390
497
580
636
1069
1532
1657
1669
1765
1848
34
53
206
225
401
986
1074
201
321
396
908
1682
1690
1986
12
214
712
971
1077
1139
1400
1485
1692
1789
95
217
1163
1235
1499
19
527
578
1063
1358
1488
1586
1892
72
534
593
1087
1343
1461
1543
2047
98
116
128
421
447
504
1003
1785
294
387
663
854
936
1237
1385
1459
1989
295
772
795
1232
1576
1678
1974
511
545
565
773
1024
1102
1855
1900
1912
1980
2033
8
17
173
203
1285
1765
1981
1998
627
1129
1429
1471
1492
1669
1688
414
526
834
1837
1926
1194
1213
1397
1750
26
177
194
388
1092
1741
729
876
1116
1153
1259
1389
1601
1612
1714
476
855
924
975
1107
1517
1967
93
287
406
592
620
948
1902
1959
2019
253
1819
542
723
791
1440
1582
1997
58
119
959
1365
1634
1866
778
833
1286
1777
1877
88
583
881
1171
1295
1612
1878
115
162
1582
1782
1869
1948
54
147
770
1068
1330
1717
1782
74
423
686
762
821
1133
1462
1481
1529
1888
91
253
386
449
572
1531
14
45
370
377
1049
1200
1639
32
572
658
836
1098
169
457
586
1205
1433
1563
1596
2033
679
709
1756
1774
2005
269
797
972
1085
1502
1822
1986
115
721
1008
1199
1439
1575
1695
30
691
843
1006
1411
1702
69
164
241
410
512
536
954
1418
1750
2015
58
70
296
656
807
1004
1157
1213
1470
1994
136
163
772
972
1789
1820
209
322
646
936
1682
1788
2020
21
676
771
861
871
1710
1809
522
670
775
854
1063
1550
1729
1859
1951
169
334
1106
1749
62
685
783
818
975
1298
1317
1896
188
258
295
735
993
1046
1437
1439
1643
795
1040
1123
1152
1280
2035
102
294
760
800
903
1087
1236
1581
1871
158
578
881
992
1109
1794
2008
202
380
475
1017
1048
1106
1558
1614
1746
1911
148
340
915
1306
1608
165
1140
1414
1561
1664
566
787
923
1149
1348
1417
1803
1812
411
452
1032
1097
1137
1265
1746
1879
1984
3
84
109
142
197
623
1022
1384
1386
1740
145
160
1571
1650
1736
354
732
781
803
1350
1766
1912
2012
443
836
839
1284
1381
1522
1836
1944
122
151
225
493
1503
1931
2027
274
530
894
1732
172
341
480
660
702
366
452
503
676
684
989
1078
1724
126
357
451
476
506
746
1298
1488
1939
118
305
788
911
1458
1957
2007
2012
16
153
429
455
553
1306
1404
1886
325
613
673
713
1112
1318
1392
1535
1625
2012
43
90
584
1168
1377
1463
1503
361
554
655
903
923
960
1155
1479
1670
1937
601
853
913
953
1046
1129
1345
1537
1728
2003
2006
205
490
798
1092
1180
103
161
662
1486
1947
110
250
952
1073
1549
29
319
381
815
997
1162
1176
1573
319
486
789
1079
1334
1712
13
105
117
265
514
625
1168
1227
1382
1565
121
908
1110
1455
1577
1806
1855
1948
1990
2037
1276
1601
229
1037
1897
1964
1992
21
471
598
1726
1904
1937
1982
8
52
716
743
946
986
1646
97
148
343
598
638
861
1355
2007
31
214
235
552
730
774
1470
1693
1942
1999
252
427
870
1336
1636
1842
2025
482
576
620
1570
1889
108
125
248
325
426
441
587
893
918
1066
1219
1338
306
403
469
516
863
1307
1427
1518
395
551
1657
1682
1880
320
350
390
401
662
1817
191
202
319
905
1342
1352
1422
1936
2013
104
983
1302
1641
1930
1947
1956
21
403
422
925
1023
1091
1772
1774
1923
113
221
474
692
748
1122
1149
1543
1780
1943
269
574
623
785
998
1243
1487
1621
330
589
754
903
1270
1278
1534
1550
1660
1831
1894
78
398
604
856
1139
1436
1812
1946
312
397
732
1009
1090
1145
36
385
658
814
816
916
1191
4
734
904
1500
1578
1881
337
724
1378
1416
1512
1847
371
485
1243
1254
1426
1535
1551
1650
73
291
342
626
1050
1484
1647
1716
1856
2006
2015
343
463
701
1140
1228
1273
1292
1330
1441
1567
1824
56
217
422
456
942
1454
1811
1841
393
416
516
640
849
1192
1295
1840
27
61
173
236
260
268
991
1080
1134
28
362
1252
1451
1831
1896
1952
216
240
508
1531
1920
69
456
486
702
1041
1092
1337
1453
1676
1756
1950
1960
80
552
720
725
914
1167
1627
1808
55
300
671
1372
1434
10
307
1374
1454
1614
1667
1712
1880
2022
49
214
499
588
1156
1380
1808
2039
3
9
360
839
974
1064
1170
1403
1436
1539
1801
1901
205
284
524
681
742
889
1086
1093
1762
1763
1
248
521
727
802
1377
1468
1732
438
811
938
961
1024
1067
1119
1209
1260
1617
1697
1903
527
800
1261
1280
1403
1685
1921
33
346
374
737
1564
1672
1888
267
320
389
439
481
599
1580
1626
1965
46
644
831
870
944
980
1608
1663
2013
120
484
1118
1123
1128
1415
1423
1702
1795
1815
1927
42
220
1021
1151
1228
1771
271
307
663
996
1401
191
402
453
550
651
828
853
1033
1457
341
1449
1700
1972
57
1278
1306
1709
1959
1998
1114
1640
1861
1979
355
379
519
571
952
1193
1220
1627
1761
35
53
403
481
492
585
979
1277
1680
10
14
361
545
564
828
1195
1420
867
1364
1369
1417
1487
1501
1523
1638
1876
716
1141
1436
1610
1823
1987
89
1265
1685
1703
1908
1923
1950
13
394
1125
1542
1588
1780
104
339
618
955
1150
1375
1810
734
935
1042
1101
1887
93
258
335
474
597
616
829
321
384
520
759
1056
1154
1250
1941
185
479
648
748
1723
1752
1
7
10
17
22
27
35
39
45
53
59
65
74
81
88
97
103
110
117
124
129
136
144
151
161
170
177
182
194
202
208
217
224
231
238
240
245
251
257
263
268
275
286
295
308
315
324
334
340
347
354
362
371
377
384
390
398
407
413
419
425
434
443
450
455
464
470
479
484
491
497
504
514
521
529
537
548
555
561
574
581
589
594
604
614
618
627
636
645
655
661
666
673
679
687
693
701
705
710
714
723
733
740
744
752
759
765
774
780
790
797
803
814
821
833
839
847
854
863
871
875
886
894
902
908
916
925
932
939
948
956
964
970
978
989
999
1011
1017
1022
1031
1039
1045
1051
1057
1064
1073
1082
1088
1093
1101
1105
1117
1123
1131
1136
1146
1154
1162
1170
1176
1181
1186
1195
1202
1207
1217
1222
1225
1236
1241
1249
1256
1264
1271
1277
1279
1284
1290
1296
1303
1313
1320
1328
1337
1346
1352
1360
1372
1379
1387
1395
1405
1412
1421
1431
1437
1447
1455
1462
1467
1475
1484
1492
1501
1512
1520
1529
1537
1544
1554
1562
1571
1580
1588
1595
1605
1612
1619
1627
1631
1637
1647
1655
1662
1669
1677
1683
1690
1699
1705
1713
1720
1726
1733
1741
1747
1752
1758
1766
1774
1778
1783
1791
1796
1806
1813
1820
1829
1835
1842
1849
1858
1867
1872
1880
1888
1895
1906
1916
1922
1925
1931
1936
1944
1951
1955
1965
1972
1979
1985
1996
2001
2007
2016
2026
2033
2040
2050
2055
2063
2071
2079
2088
2095
2106
2114
2121
2126
2130
2136
2145
2152
2161
2163
2169
2175
2180
2187
2193
2200
2210
2216
2223
2228
2236
2241
2248
2255
2261
2271
2281
2287
2294
2301
2310
2314
2322
2331
2337
2346
2353
2363
2368
2373
2381
2390
2400
2405
2413
2421
2428
2432
2437
2445
2454
2462
2470
2480
2487
2497
2508
2513
2518
2523
2531
2537
2547
2557
2559
2564
2571
2578
2586
2596
2603
2608
2620
2628
2633
2639
2648
2655
2664
2674
2682
2693
2701
2707
2714
2720
2726
2734
2745
2756
2764
2772
2781
2788
2793
2805
2813
2818
2827
2835
2847
2857
2865
2877
2884
2891
2900
2909
2920
2926
2931
2940
2944
2950
2954
2963
2972
2980
2989
2995
3002
3008
3015
3020
3027
3035
410
2048
3059
280
322
400
625
1033
1432
1622
1867
1993
386
414
611
769
792
865
925
1348
1439
1669
1930
2039
823
836
936
967
1007
1170
1389
1537
444
586
920
1023
1272
1671
1951
1965
2022
142
573
693
726
799
1166
1392
1702
1986
159
1041
1054
1157
1533
1616
202
495
880
951
953
1089
1346
1355
1705
1878
140
544
754
920
989
1071
1082
1594
109
117
232
1054
1656
1746
2023
419
879
971
996
1522
1657
1851
146
428
1166
1306
1314
1330
1404
1826
1892
408
990
1151
1850
1942
2031
615
1043
1212
1236
1414
1443
1731
1969
85
229
319
369
1034
1252
1286
1371
1582
1848
537
657
715
1217
1220
1824
201
305
517
711
1014
1168
1238
1601
1603
239
316
1103
1215
1251
1474
1646
1821
680
710
1103
1381
1449
1605
1963
1999
106
126
134
366
828
837
1785
104
316
1220
1575
1640
1664
1670
1822
1833
1874
298
459
685
711
914
1365
1591
1788
864
1306
1363
1424
1607
1752
1879
19
201
367
791
1276
1377
1622
2047
18
220
293
1955
2010
108
515
703
1178
1388
1509
1660
51
744
926
1385
1391
1606
1812
597
797
813
995
1244
1364
1699
1983
1994
2023
816
951
1645
40
358
510
1009
1240
1733
1874
223
372
544
550
628
830
948
956
1338
1484
84
407
447
708
757
1712
261
325
595
846
864
1185
1193
1218
126
132
167
422
499
1226
1251
1453
239
318
480
725
1266
1748
1808
1870
213
292
359
377
462
541
977
1268
1427
1869
1872
469
1163
1183
1327
1518
1580
1876
58
218
238
317
523
533
745
1105
1124
264
379
488
524
932
1467
1709
1873
1991
99
164
257
524
577
609
700
731
126
403
465
538
720
755
1335
1351
1448
1840
128
658
924
1072
1372
1631
1657
1778
72
804
1287
1672
786
1018
1064
1660
1775
1807
314
551
1608
230
358
607
632
740
1424
1438
1483
446
535
580
949
986
1697
280
655
1417
1616
1808
2017
490
752
952
994
1190
1260
1275
1365
82
109
162
473
491
774
790
1999
372
458
631
652
1223
1243
1508
1623
1675
1701
312
672
710
1052
1132
1205
1818
205
482
640
1311
1388
1555
558
562
1039
1080
1240
1429
1525
1591
1981
2007
100
428
1057
1317
1349
1653
1785
118
156
179
468
737
1035
1172
1452
1704
658
822
1494
1677
1861
1896
1907
219
1000
1519
1668
1683
86
198
870
1190
1300
1312
1411
1492
1603
1779
348
442
820
918
1165
1171
1585
1686
335
448
579
1043
1109
1168
1461
1504
1774
1834
55
257
430
802
1192
1353
1532
135
520
574
914
1414
1761
16
177
402
875
900
1705
1839
1848
1857
175
520
772
920
966
979
981
1243
1608
1955
12
62
166
250
381
1358
1860
17
105
548
855
981
1179
1320
1987
87
917
1050
1070
1636
1996
172
429
905
1072
1301
1441
1475
1900
1951
2033
157
392
580
698
844
961
1729
2047
80
465
770
975
1297
1320
1641
1718
1857
212
303
456
973
976
1480
1708
523
583
802
978
1573
138
182
733
1146
1287
1295
1818
1949
30
208
305
487
549
1049
1480
355
392
736
835
854
1092
1796
27
929
1066
1292
194
296
657
670
748
1196
1451
1742
159
224
489
780
983
1367
1482
1509
1707
1829
684
877
1764
26
617
774
785
875
1121
1548
1891
21
92
949
1084
1337
1489
1738
1184
1226
1230
1284
1678
1840
1855
1882
1925
387
391
738
1331
1736
93
441
780
845
1947
56
336
588
1241
1242
1341
1651
1742
1994
228
883
1186
1421
1502
1853
2048
355
439
507
1042
1238
1275
1939
148
208
542
980
1257
1442
156
329
1134
1827
1972
45
73
233
940
1457
1564
1754
1841
1849
56
251
421
510
688
715
760
1288
1410
1422
172
390
914
1564
1852
1858
1884
1999
311
321
990
1027
1073
1140
1456
1540
1750
1929
252
309
478
1051
1367
1392
1586
401
509
954
1002
1515
1706
1749
1852
429
545
860
865
959
1513
1818
205
229
285
853
957
991
1019
1043
1157
1399
1809
222
386
439
525
716
813
1005
1228
1285
1904
175
202
585
602
682
921
1019
1249
1669
2032
127
536
1019
1629
1865
1957
69
283
543
1792
1811
308
320
416
567
880
1423
1909
368
893
916
936
1198
1199
1364
1418
1426
1588
1792
2017
64
88
445
555
1283
2025
55
241
385
477
575
891
1666
1896
184
492
760
945
973
986
1062
1434
690
815
1622
1802
1971
282
683
1178
1595
1768
1777
1779
1830
1833
23
354
908
1756
1761
30
170
480
999
1510
1684
1769
122
228
234
493
514
1033
1770
1806
1983
26
94
1024
1122
102
107
200
265
690
707
1014
1505
25
1496
1980
276
370
423
615
896
1059
1204
1402
1836
90
511
569
693
978
1524
1557
1912
241
257
796
1213
1282
1413
1904
1935
281
596
887
1142
1621
562
958
1235
1255
1288
1812
2022
34
168
259
447
466
902
1148
1782
1979
542
1128
1350
1486
1920
68
275
315
823
1370
1409
1593
63
283
493
630
672
1086
1446
195
367
472
1017
1341
1924
1942
1958
557
616
825
1036
1468
1954
378
1267
1445
1919
2006
66
776
845
1118
1439
1887
1961
146
506
556
929
1426
1523
1551
1648
2016
571
813
1380
1985
1992
395
524
734
790
1003
1469
1798
9
532
589
1216
1665
1880
2030
89
163
610
671
715
738
901
1411
1785
386
668
968
1381
1512
1587
1771
294
313
374
842
1312
1624
147
623
1511
1675
1696
110
425
902
1173
349
441
477
660
803
1011
1187
1225
1553
1750
42
432
441
724
1339
1685
1753
1772
1809
1901
92
854
863
1296
1347
1681
1725
2027
390
509
1087
1530
1970
2031
65
131
543
585
795
1463
1618
1697
1915
300
382
457
478
663
874
1245
1717
82
143
255
753
973
1560
1618
1886
1909
2030
86
143
915
1087
1442
1755
1856
2019
635
1184
1751
1794
1984
192
718
726
885
1084
1959
112
183
342
864
1519
1568
1604
1856
1888
151
264
409
788
868
1362
1647
1865
2038
28
61
232
1120
1329
1782
1905
93
200
292
325
488
869
937
1143
1385
1977
2006
766
1199
1606
160
243
516
1240
1337
1344
1459
1513
1641
164
195
656
1132
1133
1527
1987
138
249
492
758
811
1393
1479
1501
1869
686
1108
1500
2029
157
499
614
666
742
1400
1554
59
666
1172
1247
1780
1940
2005
129
213
1205
1511
1516
1652
412
506
614
862
1183
1577
1634
1695
1931
1015
1044
1271
1447
1573
1637
1772
1926
110
184
360
413
486
776
833
1066
1245
1585
599
911
1253
1390
134
152
282
531
544
648
656
1117
209
344
598
725
878
903
969
1351
1973
84
278
347
582
2003
101
135
160
383
436
1554
1657
1673
1708
41
418
598
700
884
931
1277
1443
1631
1799
1935
1018
1747
1962
48
202
952
1040
1069
1082
1321
1354
1424
1889
211
651
839
1413
1535
1565
1752
563
619
806
1126
1345
1379
1401
1611
368
572
704
901
1416
1758
1889
91
258
273
384
394
736
944
1210
486
566
1010
1102
1268
1349
1563
1596
1633
130
487
605
769
1079
1467
1529
1531
1620
1668
1676
1827
1956
397
563
891
996
1050
1357
1521
1645
1757
1769
169
313
612
752
797
867
1386
1755
162
667
780
859
1098
1639
1680
246
340
486
1304
1384
1410
1483
1966
2046
53
481
729
1188
1967
346
551
726
1373
1440
1885
145
687
702
1178
1265
1781
527
566
968
1748
1796
1902
1201
1340
1355
1962
533
843
1116
1203
1429
1547
1721
1940
193
546
886
934
1358
1472
1723
1936
720
1420
1527
1982
111
141
329
385
819
1053
1717
1727
667
678
686
972
1516
1937
260
315
401
1079
1180
1232
1325
59
85
747
993
1320
84
368
433
650
962
1291
1944
376
477
796
1727
1998
350
1001
1395
1952
1995
43
112
310
620
1258
1326
1468
1842
92
431
741
1032
1712
1528
1534
1576
1906
1989
2020
7
139
374
569
602
1025
1278
152
176
217
385
1222
1650
1677
1708
1747
1869
326
754
925
1074
1162
1961
2024
488
522
587
904
907
1892
208
639
689
810
1175
1256
1387
35
156
1115
1752
1759
2044
760
787
828
1650
229
349
923
1254
1823
1854
2015
45
100
420
759
1036
1344
1542
98
181
1032
1181
1501
1699
1976
11
263
518
557
676
912
1578
2012
298
502
677
935
1412
1774
196
247
304
612
1297
1383
1717
426
483
866
1419
1556
70
558
611
1095
1356
1733
1910
72
148
432
601
1673
1803
183
830
1008
1123
1247
1305
1546
1912
453
694
1319
1734
1816
73
181
1338
1654
1660
1710
1788
1924
217
489
565
1415
1428
1614
2009
140
608
1221
1377
1406
1734
1813
115
350
554
903
988
1144
1214
1231
1450
1464
1775
247
268
518
944
1427
1612
1823
1908
2026
24
1121
1491
1640
1805
269
1096
1343
1431
1895
2010
446
518
605
619
1478
1537
1548
1670
485
588
679
872
894
1371
2032
2041
95
185
203
307
443
738
1267
881
1120
1681
1694
1753
1820
1821
1906
1969
14
654
708
1065
1316
1505
1696
289
373
482
609
1018
1854
56
107
371
655
771
777
992
1373
1536
338
439
842
891
1853
2004
2014
255
274
293
389
440
671
1129
1384
115
240
369
798
1068
1360
1687
1859
1941
125
688
707
1307
1334
1389
1535
1734
1845
259
362
1538
1588
1692
1773
1950
78
417
1118
1309
1324
1361
1396
1865
88
396
481
581
712
965
1155
2029
71
353
855
1218
1706
1731
1768
2004
82
178
274
968
1446
1914
1993
231
333
381
1307
1434
1469
1576
120
565
698
974
1085
1380
1598
1606
1682
1707
1952
63
633
1041
1101
1174
1293
1351
1725
1878
1898
1984
876
1154
1208
1518
1862
1891
2037
253
585
684
778
882
1044
1130
1196
1635
1880
282
305
919
1286
1588
1693
530
762
884
1076
1208
1221
1438
1724
79
155
416
737
840
1005
1445
1776
262
507
867
1459
1676
1723
1964
356
574
988
1190
1344
1430
1829
1880
1898
138
289
631
802
822
1107
1233
1418
17
152
399
784
987
992
1741
629
857
1111
1368
1595
34
129
1056
1463
1775
2007
117
123
243
455
1074
1256
1453
1508
1720
231
863
1273
1400
1561
1655
1911
1918
17
26
671
1235
1383
1485
1996
221
528
764
939
1025
1252
1757
1786
303
981
1138
1783
227
339
629
1085
1101
1147
481
571
713
893
907
1067
1205
1457
1763
38
144
210
379
382
662
736
788
1118
1325
1592
1953
219
249
408
469
892
951
1760
1903
2009
503
546
1083
1744
1813
1859
1877
1889
1970
150
196
719
1195
1652
1817
1870
83
775
1504
1550
1611
1704
1712
1872
105
185
215
550
635
683
899
1113
1143
1294
1422
1443
1997
820
895
1569
1667
1955
177
750
906
917
1054
1217
1345
1541
1583
406
456
579
664
1297
1512
1838
233
277
727
771
873
1250
1744
1770
1799
1281
1871
1918
1975
52
311
359
654
946
1315
1406
1643
1984
2021
369
680
923
1285
1293
1441
1444
1592
1620
1921
21
245
279
325
1022
1177
108
666
801
857
1906
168
722
934
1007
1621
1751
1920
1941
69
120
764
772
795
1034
1462
1899
122
321
1739
1835
1896
1968
54
210
254
783
898
997
1280
1530
1534
3
872
967
1016
1084
1111
1988
25
198
272
821
940
1112
1850
78
314
412
651
1255
1956
2001
57
81
584
1579
1832
25
81
641
977
1398
1407
1658
1903
206
1259
1365
1974
193
637
669
1211
1476
1636
1971
44
68
365
722
761
1388
1601
1789
118
192
693
829
876
879
1094
1160
1631
1831
54
174
552
593
1133
1159
1177
1207
1689
2028
38
272
1100
1151
1216
1348
1512
1800
2044
98
324
649
1244
1728
1885
406
597
657
1027
1091
1101
1633
1835
505
928
1050
1386
1457
1798
561
566
642
701
831
841
1133
1421
1630
1807
1919
1948
206
767
840
1075
1500
1539
1585
1749
1806
2003
3
504
591
1045
1186
1210
1310
1612
433
507
552
640
1477
1525
1684
1731
1900
2034
389
743
1033
1367
1409
1791
1824
564
705
789
792
989
1162
1430
1763
562
753
768
1174
1250
1433
1625
1754
594
1412
1596
1719
1812
53
166
338
490
622
1270
1475
1591
1711
415
742
1322
1451
1537
1672
1739
1946
301
459
597
641
1303
1539
1577
1720
1819
236
423
851
1822
1925
51
242
294
346
471
854
1248
1592
1790
10
268
391
636
1016
1485
1805
1898
351
365
512
834
1766
1826
1848
1876
341
548
590
805
1090
1764
1875
1886
2005
278
435
500
1416
1664
1795
339
451
624
1184
1189
11
192
267
337
958
962
1188
1359
1762
2014
67
470
832
1295
1323
1574
1892
2008
372
417
811
849
1212
1473
2034
116
342
511
1271
1465
2030
58
133
199
468
574
719
735
1069
1315
1554
1809
57
150
688
1149
1506
1843
314
747
879
1685
1691
1695
288
343
479
653
1020
1209
1471
1522
1604
309
724
778
1381
1758
335
363
407
646
927
1647
1953
2020
32
781
971
1327
1858
1907
450
619
691
735
1366
1416
1451
1698
2037
2
95
186
452
848
1249
1490
1687
1804
13
214
550
878
1061
1602
1751
1788
1114
1261
1418
1492
1659
1729
147
664
913
1041
1311
1582
1927
142
180
572
621
644
699
856
1099
1398
1694
1
78
311
461
832
1437
1954
24
165
955
1167
1369
1472
1921
669
1062
1120
1427
1454
1483
1943
1960
187
503
672
740
788
1155
1156
1212
1333
1482
1820
41
75
80
401
501
875
1648
1884
2035
226
260
455
815
1246
1627
1928
1982
367
667
986
1108
1216
1649
77
1735
1743
1946
2042
59
299
1200
1246
2028
2035
484
1395
1614
1781
1907
660
1230
1250
1528
1538
1632
1826
1932
148
267
630
1063
1393
343
406
1679
1975
478
527
595
748
766
792
827
1488
1589
1613
124
337
994
1089
1186
1897
1990
90
151
341
768
1049
1104
1125
1130
1719
1724
2023
332
751
922
993
1370
1488
1864
153
500
608
741
1055
1094
1498
1551
713
1352
1481
2026
687
1035
1445
1866
8
89
103
124
349
350
1281
1313
1420
1762
1846
1857
45
194
230
328
568
625
649
1741
1748
1810
68
197
215
831
871
935
1637
1783
1894
43
248
906
1117
1399
1574
1814
31
248
617
744
919
1282
1728
131
1006
1167
1316
1347
1845
120
261
301
313
440
1045
1248
1995
2045
76
96
348
438
1121
1275
1431
1459
1735
888
1201
1685
35
716
890
1532
1659
1743
1825
111
408
680
932
950
1299
1401
1415
1737
2002
1
377
474
742
753
929
1091
1127
1800
248
453
1234
1461
1578
1715
2041
307
705
918
1067
1095
1227
1487
1529
244
265
463
1096
1215
2015
42
207
491
904
1433
40
137
770
834
897
1289
1579
28
154
490
586
188
539
580
812
941
2018
2036
90
588
678
841
930
1276
1336
1590
1825
590
1110
1403
1561
1619
1943
1971
2024
258
429
582
646
1002
1314
1357
1890
31
134
336
487
712
816
1161
1360
2048
213
226
687
890
970
1155
1658
1207
1547
1559
2044
27
1004
1237
1619
1270
1294
1391
1661
1665
1677
1931
55
554
765
1076
1629
1665
2045
255
982
1000
1310
1361
1466
31
312
496
1060
1261
1555
1973
235
707
727
817
826
847
1656
1759
1933
2008
189
489
1604
1811
960
1009
1474
1494
1744
2014
238
330
541
560
948
1064
1495
1703
1846
1876
81
565
685
876
1024
1404
1635
42
357
834
976
1127
1140
1437
154
390
530
817
66
180
458
1153
1783
1815
428
766
942
1126
1366
1726
1912
140
567
599
560
892
1013
1192
1432
1765
1837
1970
144
232
1148
1222
1688
1722
1909
1975
2036
327
484
987
1138
1412
1571
1877
709
1093
1162
1479
1514
1741
119
235
376
1350
404
557
775
1046
1228
1556
1586
1635
1895
277
461
475
521
1169
1319
1467
1553
1886
1891
158
882
1493
1498
1777
1832
262
338
422
448
613
770
786
866
887
1097
96
528
720
803
904
1008
1161
1948
1985
13
32
378
584
592
627
958
1472
1581
1627
1688
336
1206
1251
1698
1755
2040
268
606
1229
1321
1794
1806
1842
199
737
852
944
1721
1987
89
380
696
906
1300
1465
99
161
351
758
885
1482
1968
188
214
280
505
634
849
1037
1477
273
513
692
825
871
959
1204
1558
1828
1904
33
558
852
1061
1580
1584
1964
1967
171
375
492
520
721
819
846
1825
1903
1939
420
730
913
1098
1289
1290
1746
1871
2040
119
326
437
696
785
798
1518
460
471
596
789
801
1034
1194
1895
1
10
22
30
39
48
54
64
72
79
86
95
101
109
119
125
134
142
150
157
167
175
182
190
195
202
209
219
222
229
239
245
253
261
269
280
287
296
305
313
323
331
335
341
344
352
358
364
372
380
390
397
403
413
420
429
436
441
451
459
469
476
482
491
501
508
516
522
532
540
549
556
561
569
576
583
587
595
605
608
616
623
632
637
642
651
658
665
671
676
685
695
703
713
720
728
735
746
756
766
772
777
784
796
802
810
818
823
832
837
844
853
857
865
868
877
885
893
898
905
914
919
926
933
941
947
952
959
968
973
980
987
996
1003
1009
1014
1018
1028
1038
1046
1052
1061
1069
1079
1087
1092
1098
1107
1116
1123
1134
1137
1146
1153
1162
1166
1173
1180
1186
1195
1203
1213
1217
1225
1234
1239
1248
1259
1262
1272
1279
1287
1294
1302
1311
1324
1334
1342
1349
1358
1363
1369
1375
1381
1385
1393
1401
1405
1413
1419
1426
1431
1438
1443
1448
1456
1461
1467
1474
1484
1491
1497
1504
1510
1514
1521
1528
1535
1543
1549
1556
1561
1568
1574
1582
1587
1595
1602
1609
1620
1629
1634
1640
1648
1656
1663
1672
1679
1685
1694
1701
1709
1718
1727
1734
1742
1750
1758
1765
1772
1783
1794
1801
1811
1817
1825
1833
1840
1849
1857
1864
1869
1875
1884
1892
1899
1907
1911
1917
1926
1938
1947
1956
1963
1971
1984
1989
1998
2005
2014
2018
2028
2038
2044
2049
2057
2065
2071
2080
2087
2094
2101
2106
2114
2118
2125
2133
2143
2153
2162
2168
2176
2182
2194
2204
2212
2222
2229
2237
2245
2250
2259
2267
2276
2281
2290
2298
2306
2315
2321
2326
2336
2344
2351
2357
2368
2374
2380
2389
2394
2402
2408
2417
2426
2434
2440
2447
2457
2464
2471
2479
2490
2499
2507
2513
2518
2524
2529
2537
2542
2546
2556
2563
2574
2581
2589
2593
2597
2609
2619
2628
2635
2642
2648
2657
2666
2669
2676
2686
2695
2702
2710
2716
2721
2728
2732
2739
2748
2756
2764
2773
2780
2784
2788
2795
2802
2808
2815
2825
2829
2835
2845
2852
2859
2863
2869
2876
2879
2887
2896
2903
2909
2913
2922
2932
2938
2948
2957
2968
2974
2981
2987
2993
3000
3008
3018
3026
3036
3045
3052
410
2048
3104
384
751
945
1142
1340
1945
64
391
473
1018
1218
1501
1723
195
285
305
510
1534
12
116
137
477
518
590
1241
1318
1568
133
350
554
691
1099
1115
1143
1188
1771
1983
2030
135
420
615
872
907
948
1610
1867
259
594
1331
1579
1659
1785
234
635
1668
2028
20
99
477
885
1616
1640
1846
59
245
263
533
1547
1784
77
215
299
425
562
589
1332
1478
1880
1988
132
285
338
430
1153
1381
1465
1781
1888
2045
613
801
896
1483
1583
1915
1966
186
239
555
1185
1459
1618
1739
2047
757
986
1126
1135
1286
1303
212
334
799
1001
1319
1541
282
525
652
703
732
835
1233
37
558
911
1359
1397
1883
1919
835
1152
1324
1335
1351
1580
1588
1607
345
1043
1089
1248
194
677
1175
1312
1520
1838
1910
1911
1916
94
832
1071
1370
1448
1449
1477
1581
1926
125
448
869
871
914
1031
1130
1455
179
433
546
796
829
154
429
508
566
635
1104
1958
192
784
1081
1215
691
755
1004
1376
1396
1661
1721
1996
282
501
1027
1115
124
230
414
538
697
1281
1471
817
1075
1120
1406
1664
264
327
558
745
901
985
1269
1167
1429
1574
1599
1662
1831
245
391
690
1187
1480
1886
38
246
339
1076
1258
1846
1951
221
420
589
877
1102
1443
78
1305
1524
1609
1663
2009
2040
402
804
868
1133
559
1113
1362
1434
1705
1961
170
296
592
599
1119
1187
1672
1762
365
1141
1563
1837
1895
1902
75
90
161
366
565
793
860
884
1284
1541
1922
416
502
616
1020
1030
1185
1395
1453
1722
696
763
1072
1884
424
956
1131
1175
1353
1446
1817
1994
2
235
329
786
873
1131
1566
257
762
873
891
1314
1365
1978
2020
608
641
969
1054
1128
1313
1574
100
138
267
348
982
1039
278
632
768
870
1233
1691
2038
525
704
709
1348
1689
1882
18
385
394
719
1189
1508
152
302
385
549
1249
1257
1467
1504
1538
2
550
648
822
928
981
1492
1958
2029
140
383
499
1252
1933
110
479
521
556
693
826
1035
1162
1457
1713
375
682
739
1007
1100
1531
1547
1760
1849
1850
1889
50
549
1011
1567
1851
1943
133
359
667
821
878
1914
1957
1969
1987
2029
218
655
749
755
891
1002
1656
1900
85
254
486
488
502
560
912
1371
41
114
145
358
639
690
843
896
946
1322
281
325
678
1029
1309
1790
1864
1940
358
594
657
669
677
1020
1472
1896
2037
137
175
326
610
880
1219
1275
1498
192
210
683
939
947
1557
1730
1760
1834
2042
79
404
526
698
1098
309
393
442
621
801
1121
1641
1974
579
729
1068
1505
1557
1636
1724
1770
1921
123
224
726
984
1258
1266
1420
1776
204
620
962
1245
1705
1757
1935
770
820
880
1115
1375
1523
1941
699
1091
1303
1551
1917
344
433
695
793
959
1572
1755
1865
1425
1519
1743
374
437
782
899
1437
1526
1594
1833
391
1105
1568
1820
1936
550
808
1283
1556
2033
175
290
774
847
1380
581
777
1051
1608
1767
353
978
1147
1261
1735
1858
885
927
1107
1146
1564
1575
212
333
1240
1363
1475
1945
1972
204
910
1194
1199
1238
1372
1869
61
289
300
1248
1294
1725
1799
1977
64
223
1122
1159
1346
1562
130
241
340
466
789
938
1110
1165
1225
1302
1388
1475
1487
1749
48
68
152
189
356
389
452
803
1297
1565
1709
1929
103
483
736
859
952
1060
1144
1344
1382
1784
1915
547
586
695
798
1146
1178
1607
46
166
489
672
675
847
1354
1484
2021
11
1431
1464
1790
2010
2013
2023
26
75
156
665
718
1476
2043
473
1365
1890
1894
307
1131
1455
1690
1847
661
1055
1469
1686
1700
1715
631
1020
1078
1288
1321
1490
1553
1683
1809
1927
2039
31
379
533
829
1144
1201
1248
1303
1357
1591
1894
322
470
1631
665
764
848
1613
1840
127
153
427
513
757
1171
1479
1788
1854
46
279
808
1281
1414
1428
1566
1681
1696
1734
1998
213
505
714
927
1290
1428
1491
1548
1910
1993
112
424
496
381
883
933
1260
1750
1769
1884
141
425
568
1017
1317
1345
1701
171
331
812
1047
1828
1864
288
574
867
982
1203
1268
1700
227
431
635
1198
1294
1391
1448
1556
1802
131
174
190
846
944
1059
1308
95
154
297
869
916
1751
1931
196
203
328
528
683
1084
1139
1444
1745
15
370
435
640
1005
1059
1764
1938
428
496
1188
1299
1662
1698
1814
1824
87
236
858
1414
1606
134
715
1059
1183
1661
1787
2001
112
257
421
562
656
832
909
1353
1971
2042
105
250
419
1058
1316
1631
1718
1786
1819
1830
648
1193
1442
1630
1650
1870
2017
264
400
696
1518
1713
2027
445
833
1051
1156
1246
1405
1466
2011
2037
680
722
743
857
1369
1456
1587
1692
1871
57
491
690
1275
1400
1451
1453
1464
1640
1664
1683
146
470
604
653
678
1067
1149
1507
1970
1977
1988
2002
151
280
523
719
1347
1477
1589
1604
165
500
543
705
1074
1174
1364
1511
1840
155
160
303
540
667
998
1282
1319
1826
1989
132
216
458
687
917
1055
1542
122
312
412
882
1244
1506
1948
266
918
1731
2025
2043
139
970
1698
1985
70
360
413
564
627
862
1126
1211
1721
388
852
879
1187
1707
1832
380
464
1013
1088
1304
1765
1791
1804
1812
2046
93
366
844
1291
1460
1630
268
272
332
350
909
1195
1472
1563
1645
1783
358
424
781
834
1632
1852
542
563
1002
1123
1296
1679
1772
458
631
929
1408
1441
1462
1778
1826
1963
2028
438
547
754
1001
1043
1118
1199
1652
31
242
538
606
682
830
1116
1939
200
496
1055
1062
2004
2016
15
249
420
570
619
915
37
167
273
286
904
1287
1298
1516
1638
130
181
745
771
806
1208
1432
1901
179
243
422
555
984
990
1549
1709
1775
1961
397
759
859
970
1051
1552
1663
171
304
338
557
570
1383
1521
1669
509
685
1166
1190
1584
1818
7
108
357
525
1529
2043
2048
102
149
170
298
1844
212
359
749
761
1217
1318
89
189
1040
1112
1182
1605
1767
1827
42
242
406
476
599
967
1583
1690
1732
139
837
1293
1330
1743
382
1307
1456
1985
376
679
681
739
1033
1075
1230
30
41
406
437
768
942
954
1089
1154
1335
480
670
716
717
718
956
1756
1983
2034
425
863
908
922
1654
1919
199
285
1490
1545
1622
666
720
1385
1814
1944
65
86
773
782
912
1016
1352
1815
2046
213
382
445
1232
1356
1644
54
243
705
724
1599
1722
1860
23
55
234
249
287
399
827
1457
1740
272
430
649
969
1113
1232
1519
1722
1883
43
106
121
407
749
794
999
1458
1566
1645
249
647
752
858
872
988
1126
1184
1350
1588
60
392
921
963
1011
1602
133
260
269
293
840
924
1083
1170
1416
216
256
779
1081
1777
377
600
617
708
823
1678
1863
1933
495
639
669
739
1164
1710
1753
1934
37
467
481
677
850
1194
1274
11
237
607
706
879
982
1287
1574
1598
1916
121
169
184
1155
1251
1398
1518
160
359
397
412
466
820
964
990
1005
1010
2008
838
947
1315
1441
1623
432
1584
1992
2017
178
538
919
1407
1437
1741
1795
1952
126
459
862
937
1060
1257
1775
1816
1864
409
604
1387
1624
1629
1649
1784
280
444
1198
1363
1708
1968
2041
16
97
1176
1272
1601
1692
1849
1961
132
1027
1255
1450
1504
1569
367
440
779
1250
1465
2004
23
274
279
654
1012
1209
28
150
455
585
1381
1406
1481
1514
1675
1737
1806
1874
1964
85
373
539
1130
1469
1492
1712
1978
174
699
712
787
1666
1753
470
504
1008
1662
1885
1938
253
469
471
1239
1338
1472
1617
1648
82
333
484
644
1013
1341
1396
1463
1852
458
740
894
1021
1430
1599
757
1065
1202
1354
1494
1549
1895
1955
1982
284
310
1261
2021
198
226
640
741
1164
1247
1542
1684
1737
47
50
226
237
255
302
1240
1357
1942
22
111
146
529
1090
1297
1512
144
526
581
734
809
920
1050
1236
10
141
528
695
1103
1233
1681
118
304
313
602
688
1198
1227
1333
1398
1505
1745
1167
1264
1635
1953
2028
24
497
684
940
1177
1253
1488
1891
86
415
451
902
948
1161
1183
1464
1946
1966
187
303
940
1247
1420
27
395
807
1070
1078
1333
1506
1673
1797
35
108
1223
1359
1419
1567
181
262
917
1124
1272
2010
81
144
644
1038
1387
1434
1916
2008
262
462
582
970
1006
1012
1049
1148
171
1293
1346
1373
1546
568
609
633
742
860
1029
1319
1607
289
622
673
1169
1378
1426
1594
1954
200
935
1009
1120
1320
1736
580
593
1206
1208
1530
1554
1782
372
700
989
1300
1368
1374
1625
1743
1958
2044
365
643
1083
1153
1496
1545
1561
1739
177
271
478
697
835
874
1445
1949
352
529
575
783
797
1068
1548
1562
1772
1930
71
276
367
672
938
1328
1649
1659
1811
1975
140
440
575
707
1054
1073
1171
1474
1505
1637
1742
725
1158
1499
1544
1819
63
465
693
860
973
979
1107
1307
1333
1379
1480
227
622
744
1267
1544
1572
1857
29
377
468
537
1496
1532
1546
1596
242
515
650
736
813
852
1495
1855
7
75
888
932
1266
1271
1584
227
495
758
1269
1452
141
1249
1360
1513
1693
1797
378
792
963
1355
1507
1570
1708
1790
39
794
868
1048
1389
1482
1536
1949
492
600
738
1041
1100
1315
1592
1688
1733
270
310
564
822
1033
1157
1438
1497
1501
1676
2003
2036
17
83
419
624
708
841
919
1038
1197
1279
1862
86
530
626
846
1412
1431
1997
41
475
945
1082
1613
1844
1938
1949
76
362
463
764
993
1394
1527
2039
657
1052
1239
1577
1600
1937
100
128
553
711
712
882
1129
1147
1295
1447
1571
128
365
480
510
902
934
1214
1512
1550
97
543
708
730
1331
1893
653
892
967
1136
1203
1361
1987
2026
228
335
347
966
1407
1544
1969
239
450
533
819
921
1012
1450
1534
764
864
920
1225
1406
1582
1605
1620
1636
1971
331
737
1432
1560
1625
1801
2035
277
540
722
1305
1500
1681
5
81
219
907
1015
1229
1276
632
741
916
1076
1323
1496
1707
1740
1
7
694
696
1037
1424
1687
1867
601
1172
1853
1928
197
326
353
826
1225
1325
1861
293
1360
1603
1978
60
201
353
418
935
1016
1018
1045
1103
1304
1656
1783
131
134
456
461
551
965
1473
1585
1591
1626
1721
1911
178
305
559
925
1742
2023
168
182
774
790
1686
116
536
615
942
1036
277
351
472
977
1016
1342
1489
1667
1899
1960
222
265
334
1019
1211
1560
1803
1833
1228
1347
1461
1611
722
808
964
1044
1145
1794
1804
2024
92
234
371
634
854
1135
1580
646
981
1160
1386
1515
1996
157
609
665
707
1034
1246
1758
984
1150
1204
1467
1529
1701
330
747
875
1119
1548
369
638
1229
1467
1920
744
819
944
1000
1221
1428
1579
428
586
832
901
987
1103
1579
1667
1885
478
506
666
824
1035
1360
1517
1561
20
57
1218
1292
1331
1717
194
301
520
1399
1498
1509
101
261
298
330
426
442
1070
1176
1254
1427
177
223
617
1027
1215
1391
1491
1524
196
338
1070
1237
1612
1659
19
333
448
679
751
761
806
8
183
618
792
1320
1373
1421
1795
1823
892
901
1241
1768
1798
1955
124
392
399
514
897
972
1044
1267
1346
1483
1611
2022
62
309
541
603
1349
74
162
276
513
598
855
1282
1576
1969
352
606
612
824
1138
1631
1773
1990
49
378
545
1174
1347
1642
1701
460
572
630
643
1114
1524
1787
1832
1874
2045
58
342
567
809
1451
1807
1984
383
515
961
1324
1536
1963
255
373
552
579
769
890
895
983
1979
43
230
231
323
857
1239
1537
1684
1820
2032
199
454
738
960
1236
1374
1628
331
1256
1345
1628
1727
1877
1904
210
611
694
896
1085
1310
1833
176
478
596
929
1093
1339
1691
27
682
1054
1598
1917
374
1212
1647
1793
155
258
414
489
756
1206
1285
1320
1334
1386
2014
34
204
498
614
1028
1296
1515
1593
1936
1940
189
387
664
1811
1821
64
477
577
773
1026
1410
1741
1933
435
453
1096
1433
1976
96
125
207
710
897
924
1200
1291
1423
1621
1644
1653
2004
405
818
880
1031
1076
1205
1934
1959
2023
264
308
1729
1873
1943
12
124
215
355
498
663
845
888
1235
1257
1695
1717
1796
1897
96
1461
1589
1645
1655
2024
101
356
767
791
1389
1587
278
290
434
633
636
842
1097
1208
1262
1942
297
726
962
1962
240
378
548
602
728
763
914
1192
1583
35
87
606
939
1166
1460
1623
1838
82
143
279
786
1495
1879
1899
1908
246
348
566
1138
1605
2014
2044
73
346
546
864
883
1043
1351
1356
1962
259
313
431
459
770
912
1101
1169
1344
293
302
479
505
541
930
1520
1541
1757
2031
233
810
1172
1217
1504
1684
1823
107
240
332
536
681
761
1185
1314
573
823
1468
1586
1830
1925
123
273
669
759
813
816
930
1013
1173
1887
502
608
1105
1860
2031
71
117
229
402
474
569
1065
1336
1654
168
607
895
1556
1774
1914
1918
303
368
700
978
1676
1787
1903
2032
120
314
839
1252
1507
1876
9
99
610
668
1361
1366
1478
1642
1922
244
467
495
605
728
824
1160
1196
1321
1532
596
659
673
723
827
1181
1446
1758
215
407
561
703
742
957
964
1156
1238
1928
251
771
820
852
1079
288
680
705
1026
1196
1809
1854
1905
188
469
692
957
1205
1242
1522
1834
1881
2038
287
408
937
1165
1341
1767
1773
2025
52
109
386
625
1002
1057
1186
1500
1513
1841
1850
158
1010
1841
1955
1956
299
344
393
503
532
597
780
1215
1255
1906
368
544
899
985
1045
1098
1173
1485
1528
244
744
923
1087
1361
1652
1779
1825
211
221
634
932
998
1204
1760
1979
51
556
831
887
900
1489
1687
1893
409
575
661
940
1022
1289
1417
1440
1848
1952
485
1325
1435
1536
1643
1691
1716
63
82
308
1041
1355
1375
1827
103
147
441
567
1407
1616
1724
77
364
582
720
919
1639
1860
266
913
1522
1679
1719
2036
462
772
1354
231
232
273
413
517
591
1276
1800
1924
1989
301
413
756
760
1028
1077
1411
1658
2035
1
187
641
707
1302
1401
1578
1649
571
947
971
1085
1323
1474
1708
129
199
624
701
816
851
949
1026
1635
1653
2016
163
394
489
799
1264
1447
1641
65
261
1203
1425
1839
1842
454
492
1263
1384
1432
1856
1924
150
309
624
960
1178
1385
1390
1559
633
702
837
1442
1713
1967
2000
40
308
674
284
488
594
1025
1147
1314
1367
1396
1523
1908
39
100
756
866
1247
1799
2021
889
894
902
1158
1590
1800
1878
65
482
651
874
1133
1378
1490
1515
1603
1729
237
357
674
1337
1362
1727
1730
1847
1859
66
155
225
455
1301
1697
1805
332
560
843
890
893
1025
1379
1421
1719
1956
55
173
363
628
878
1403
1446
1615
1677
63
396
621
625
930
1481
1627
1868
286
1080
1410
1759
1777
396
531
637
675
968
1088
1179
1216
1763
1932
1991
323
399
583
788
1358
1600
135
547
570
978
1553
1810
1822
1872
548
623
814
1450
1540
1874
1912
1968
540
582
783
844
1058
1181
1597
1643
111
482
698
1186
1618
2017
220
922
957
1391
1447
1620
1781
1810
219
251
881
1117
1163
1219
1568
1606
1674
1988
51
207
351
731
969
1036
1095
1253
1327
1594
25
80
418
753
1088
1511
292
417
587
653
987
1801
1822
1929
314
1056
1356
1846
1973
193
209
277
398
1031
1283
1402
1525
1991
48
254
340
692
711
776
967
1243
1485
1634
1737
1754
157
583
1136
1870
1925
195
621
1569
1572
1668
1832
36
522
637
823
1049
1190
1326
1452
1595
1865
1922
1927
182
252
318
408
740
869
951
1235
1830
1865
825
882
1128
1263
2009
367
577
777
1761
51
180
388
613
872
1195
1425
1788
1903
113
408
561
838
987
1338
1449
1665
1818
154
198
577
602
615
697
750
1181
1696
1986
54
195
488
539
849
898
1372
1491
1764
1845
1981
168
207
347
558
725
1216
543
639
830
850
992
997
1212
1309
1825
29
72
798
1377
1521
1671
101
145
267
450
637
977
1273
1478
1483
1829
294
341
553
629
1516
1746
1941
26
120
380
466
1439
1671
1734
1850
246
256
342
384
694
1291
1656
1671
1957
2001
2032
49
87
205
337
498
1079
1130
1341
1731
306
472
503
926
1072
1244
1466
247
933
988
1466
1581
1843
2010
775
851
1444
1877
2005
60
200
1135
1170
1270
1559
1816
1921
1982
184
563
736
853
931
1218
1510
197
521
721
796
994
1632
1804
2019
404
490
799
801
1259
78
106
446
866
899
956
1125
1241
1747
1785
158
781
1032
1735
1869
1901
1944
1
7
14
19
28
39
47
53
57
64
70
80
90
97
105
111
117
124
131
139
143
152
161
169
174
181
185
193
197
204
209
216
222
228
235
241
248
252
258
266
272
283
292
296
304
311
319
326
332
339
345
351
360
369
374
384
395
401
411
419
427
437
445
454
462
472
477
485
494
502
509
516
521
529
532
540
545
550
555
557
560
566
572
579
586
594
600
614
626
637
644
653
660
667
671
676
682
693
704
707
712
721
732
742
745
752
759
765
772
781
788
795
804
812
820
825
832
842
852
859
865
874
883
894
906
914
923
933
940
947
952
956
965
971
981
987
997
1003
1010
1020
1028
1036
1042
1048
1057
1065
1075
1082
1090
1096
1103
1108
1114
1122
1131
1136
1140
1147
1157
1166
1172
1177
1182
1191
1197
1204
1213
1222
1232
1242
1248
1257
1262
1270
1278
1285
1295
1302
1313
1318
1322
1330
1339
1346
1353
1361
1367
1373
1379
1392
1400
1406
1412
1420
1429
1435
1444
1448
1457
1466
1473
1481
1488
1499
1504
1512
1522
1527
1536
1542
1548
1556
1564
1569
1577
1585
1591
1598
1608
1616
1624
1634
1644
1655
1660
1671
1678
1686
1694
1701
1706
1712
1720
1728
1737
1749
1760
1767
1775
1783
1789
1800
1809
1815
1823
1830
1838
1848
1855
1861
1868
1876
1884
1888
1895
1899
1911
1923
1929
1934
1939
1949
1957
1961
1969
1976
1982
1989
1995
2000
2005
2012
2021
2029
2035
2041
2051
2059
2065
2072
2081
2087
2099
2104
2113
2121
2128
2138
2145
2151
2160
2170
2177
2184
2191
2198
2203
2207
2218
2228
2233
2241
2246
2259
2268
2273
2287
2293
2299
2309
2313
2322
2330
2338
2345
2354
2363
2373
2380
2388
2394
2404
2409
2418
2425
2433
2439
2448
2458
2466
2476
2481
2489
2499
2507
2518
2523
2533
2542
2550
2558
2566
2576
2583
2590
2597
2604
2610
2613
2623
2632
2640
2647
2658
2665
2671
2678
2686
2693
2696
2706
2713
2720
2730
2739
2746
2756
2765
2773
2778
2789
2795
2803
2811
2819
2825
2833
2843
2853
2859
2867
2872
2881
2893
2898
2904
2916
2926
2931
2935
2944
2953
2963
2974
2980
2989
2995
3005
3012
3020
3031
3040
3047
3054
3059
3068
3075
3083
3088
3098
410
2048
3085
173
198
717
731
837
1191
1363
1671
113
263
758
787
819
1302
1374
1625
4
393
455
515
596
642
1193
1439
1521
1573
1738
593
631
831
1087
1756
1938
103
623
984
1773
504
757
1030
1089
1478
1489
1515
1621
1792
231
454
494
517
571
985
1449
1452
1686
181
324
328
333
466
530
578
886
933
1055
1392
451
570
838
953
1026
1027
1377
1815
94
128
355
426
516
1075
1420
1477
1952
221
241
250
310
804
342
839
1370
1805
1835
66
328
682
1137
1211
1881
1986
324
449
1059
1086
1141
1723
1778
286
501
704
739
850
1763
1767
1798
39
411
678
911
1181
1737
1923
1954
1974
63
472
645
811
964
1026
1061
1339
1407
13
432
908
1209
1634
1808
1866
2022
97
122
638
1016
1040
1093
218
287
415
421
1138
1182
1262
1487
1498
1500
1570
132
135
283
1028
1695
1705
348
398
399
1200
1729
2000
101
398
568
856
996
1232
1317
149
633
980
1071
1197
1448
1484
1489
1590
1690
49
361
383
762
799
1139
1675
88
340
483
600
665
675
824
880
1269
1382
1963
7
273
392
508
833
1107
1641
1926
149
626
732
815
897
966
1158
1176
1260
1507
1722
93
469
509
749
757
998
1405
1444
1840
464
662
856
892
912
1195
1284
1463
1601
1873
2
164
352
374
603
1100
1219
1290
46
353
943
1141
1231
1301
1366
1397
1710
1797
87
174
661
898
938
1008
1115
1584
2007
538
679
809
1356
1497
1549
1706
10
356
689
1048
1273
1279
1299
1375
1471
569
661
1015
1099
1408
1718
1854
117
179
236
354
538
775
1462
1575
1864
1959
2002
269
435
545
773
833
1369
1400
1578
2018
37
105
798
1288
1469
1736
1888
39
116
449
734
1253
1486
1533
1551
1819
339
435
1249
1914
902
1104
1192
1239
1243
1989
402
601
638
1053
1198
1217
1507
1852
1890
1933
1942
22
272
826
900
954
1526
318
618
861
912
937
1165
1318
1617
1628
142
474
721
800
1332
1360
1698
303
583
1257
1617
1668
1754
1884
380
662
1028
1048
1391
1447
1523
1956
2005
422
603
1070
1122
1135
1191
1229
1943
133
334
344
577
582
910
1316
1922
322
410
714
1236
1318
1352
1434
1911
186
261
599
1017
1382
1423
113
423
728
846
1294
1887
1949
535
548
763
844
1145
1156
1612
1765
127
139
950
1355
1650
320
357
514
121
251
317
1152
1244
1329
1497
1515
1838
61
118
197
648
1085
97
309
531
939
1080
1323
1827
1991
216
581
852
1224
1266
1421
2010
220
971
991
1153
1508
1936
404
624
909
1123
1513
1539
184
364
1051
1740
1762
1863
479
714
808
1609
1883
168
169
191
1435
1617
194
266
270
275
591
659
836
1125
1662
1749
851
923
1047
1072
1122
1206
1219
1305
124
219
835
1136
1376
19
454
795
963
1529
1655
1834
103
242
526
809
848
1092
1682
1739
1963
962
999
1038
1172
1332
1715
1922
1946
48
371
446
604
1090
1314
1620
1711
1716
1791
18
463
561
755
1078
1781
1992
2019
111
327
331
361
438
476
702
1073
1285
1403
1715
1758
100
717
941
1029
1648
1789
204
256
304
356
458
668
1049
1330
1626
1992
64
76
536
675
998
1090
1340
1357
1395
1540
1725
22
511
651
793
922
941
1031
1233
1673
1736
24
234
900
1137
1331
1504
1534
1577
1630
1659
1844
2025
2033
109
375
607
771
1058
1145
1336
1398
1811
1875
1998
2020
16
264
430
632
865
1057
1088
1877
745
801
898
1031
1279
1516
1541
1769
1829
14
225
983
998
1165
1599
1690
1772
108
246
689
907
1203
1514
1645
1774
568
859
1259
1455
1558
1793
1851
6
170
377
554
623
816
1589
1949
2015
1319
1609
209
1210
1919
144
294
686
1505
52
176
191
212
549
961
1335
404
926
1274
1350
1363
634
743
829
888
1390
1580
1678
1767
370
521
685
984
1593
1666
1801
1979
62
179
810
1284
1286
1378
1436
1574
1916
1938
154
216
479
1012
1106
1568
1642
1756
1757
67
378
452
718
774
877
1300
1740
1962
28
307
1497
1901
379
868
1264
1926
237
606
763
921
1289
1303
1305
1713
1745
1989
2033
52
160
584
607
659
885
909
1610
1881
1980
230
508
556
614
1784
1837
512
829
1353
1815
394
578
695
1338
1790
83
331
676
713
729
950
1010
1491
1566
1644
1858
445
462
749
807
890
997
1493
1527
1595
1944
70
326
577
794
1663
1701
1836
1837
1930
11
19
104
106
310
371
749
960
1131
64
334
418
913
1146
1327
1610
1767
170
276
643
874
1052
1890
2021
187
612
818
1154
1214
1278
1533
704
1176
1296
1343
1417
1460
1584
1816
204
345
475
1207
1347
1990
34
110
190
652
729
1298
1607
1870
79
287
701
779
844
867
1063
2019
23
30
212
526
648
905
1063
1098
1481
1499
1636
424
425
499
794
797
1499
1611
1974
146
567
621
709
1465
855
1029
1071
1146
1428
77
316
677
730
1795
1861
1996
2039
86
697
858
1029
1160
1196
1404
1475
1644
214
618
744
793
1326
1567
1930
74
536
969
977
1170
1596
628
842
1227
1867
271
881
919
1168
1683
223
360
526
889
1570
694
1046
1077
1334
1726
1773
44
74
315
532
1555
37
594
821
980
1013
1562
1653
1784
330
393
426
540
1056
1214
1340
1663
1855
1934
211
364
627
994
1402
1514
1771
1828
1831
2003
381
444
457
787
1106
1130
1301
1308
1506
1810
1958
604
733
1093
1663
1747
1850
512
525
553
645
1020
1066
1387
1419
2011
498
647
699
1023
1413
380
472
700
741
759
1154
1169
1642
1915
690
1038
1177
1674
1945
98
102
237
276
321
343
559
1553
1619
131
182
606
827
1386
1602
1670
1939
604
613
1204
1746
1927
751
1012
1129
1303
1380
1442
1914
137
443
683
732
739
1257
1292
1793
270
414
874
1045
1198
1254
1394
1868
2038
129
147
203
434
663
1135
1447
1473
1674
60
240
484
862
1453
1839
206
395
467
515
1263
1304
1583
1629
370
450
452
618
1745
16
235
361
411
617
763
1185
1313
2036
47
163
427
1127
1134
1247
1922
77
115
781
933
1330
1354
1823
1901
1950
201
304
655
1510
1571
1687
1784
2016
2045
46
133
256
359
419
812
863
1110
1517
1716
173
178
253
424
539
673
947
1176
1235
1802
2029
485
782
940
1599
1957
1960
287
849
1491
1594
1700
1822
69
125
308
783
1006
1109
1119
1197
1272
1372
405
470
564
709
930
1202
1262
1272
1356
1431
1846
106
517
808
869
1425
1455
1972
233
384
1246
1801
1878
331
1368
1589
1689
1945
1978
525
701
800
1056
1263
1448
1605
1628
1779
65
692
752
769
1028
1074
1171
1277
1651
1847
40
136
211
673
870
927
956
1862
1959
1982
12
963
1111
1114
1173
1692
306
587
789
832
895
1031
1563
1616
1966
286
1039
1053
1116
1362
1545
1893
1978
289
388
1566
1782
1797
2013
254
347
845
915
1001
1525
2048
161
196
397
706
804
62
991
1341
1638
1816
80
366
505
590
947
1035
1191
1543
1560
291
292
351
531
725
899
1242
58
183
207
656
974
1226
1311
1726
1841
1916
139
409
410
756
1531
1997
430
540
888
1005
1039
1248
1299
1921
20
36
532
756
942
1081
1230
1690
97
188
463
1119
1384
1536
74
848
1131
1197
1429
1485
1834
1936
2001
75
245
965
1724
839
847
946
953
1083
1328
1454
1728
1828
1888
14
600
644
705
1170
1175
1308
1374
1567
1866
1883
163
171
318
613
1064
1766
1874
49
467
608
1280
1839
1882
302
883
893
1224
1333
1458
1789
258
660
899
1030
1112
1449
1460
1938
295
579
992
1076
1159
1679
1714
576
850
1078
1435
1547
1742
1790
2008
2021
9
54
141
796
837
1117
1199
1239
2043
510
578
1040
1302
1331
1613
1689
1913
1923
561
1576
155
244
396
828
924
1387
1961
250
295
461
559
1371
1433
1550
1681
1868
128
284
519
549
1152
1519
1552
1572
1686
1988
238
643
1139
1150
1312
1523
1628
51
591
939
1232
1333
1343
1661
513
781
884
1065
1605
1691
1730
1838
2042
814
1145
1277
1710
1882
1948
319
761
1021
1234
1559
1561
1566
1654
1841
2043
177
240
552
931
1116
1238
2
284
300
975
1364
1855
1928
61
500
545
717
1180
1241
1581
1624
218
750
889
938
1068
1273
1786
1863
167
870
1068
1466
1646
1881
1897
1976
96
743
1432
1722
149
285
334
600
676
872
997
1079
1634
1965
65
1048
1147
1583
1597
1780
2039
226
799
814
871
1102
1520
244
523
873
916
954
1059
1638
1707
1947
1966
389
756
1007
1012
1405
1582
165
410
782
1227
1278
1436
1444
1643
91
642
830
979
1037
1342
1563
1721
1991
298
329
409
1000
1153
1910
1941
407
594
825
948
1379
1471
1699
573
712
814
853
943
945
949
995
1092
1978
323
581
1109
1254
1256
1814
527
647
727
786
903
1077
1180
1378
1492
1924
330
602
674
675
999
1136
1399
1509
1910
222
320
555
933
1393
1843
1867
1994
91
529
921
1328
1375
1600
259
471
645
776
1298
1438
1678
41
363
416
1096
1208
1572
1598
1977
665
851
869
1598
1981
187
362
673
1088
1893
1973
516
616
840
1321
2028
1
312
431
1044
1382
1565
1627
1819
1820
1847
185
437
982
1291
1435
1864
2043
20
345
653
964
1233
1630
1814
1933
1995
2002
76
396
467
783
1194
1401
1703
340
692
957
1075
1674
1702
1801
5
101
136
296
464
1406
1586
2006
234
421
497
535
697
716
1265
1587
1669
1776
1861
169
171
621
983
1147
1376
1639
1842
1934
180
270
506
1258
1309
1490
1803
1940
33
262
800
926
1720
1916
1976
465
1070
1362
1440
1653
1945
341
1460
1980
83
176
221
1298
18
57
636
728
982
1003
1200
1313
1354
174
649
1083
1696
1713
1780
1830
9
271
366
373
570
806
963
27
388
908
931
1036
1097
1590
1683
1950
652
1304
1859
2041
150
894
1023
1269
1804
1883
245
415
576
959
970
1065
1569
1935
2011
67
216
284
803
1372
1593
1927
448
755
858
936
1479
1750
1787
1967
513
723
955
1182
1201
1423
1821
209
419
475
1215
1268
1510
450
460
592
841
965
1095
1159
1765
1799
288
818
895
1080
1163
1242
1486
1548
1558
7
220
624
641
698
1302
1597
1761
1960
2024
254
266
400
413
1225
1336
1414
482
1163
1450
1466
1543
1569
1732
285
440
650
809
1082
1086
1107
1456
1579
1786
266
502
528
894
1223
1283
1368
1680
145
247
376
425
491
553
622
946
1055
1542
436
560
1662
158
695
1149
1831
251
394
972
974
1194
1202
1221
1396
1849
38
388
626
784
1081
1361
1476
1546
1552
269
281
445
639
1655
1671
1832
1998
2013
405
541
1390
1531
1600
1807
242
887
995
1261
1324
1470
1899
130
159
207
519
547
812
1229
1369
1501
1787
1900
6
29
79
767
824
1237
1632
665
679
779
1378
1502
1804
1862
2031
114
537
883
1132
1470
1702
1738
1897
910
1183
1213
1375
1441
1495
1615
1833
203
464
706
773
824
1219
1607
1849
1988
112
121
239
551
699
969
979
1114
1259
1860
94
456
636
703
1006
1139
1493
1647
1810
107
576
861
988
1517
1759
1902
2042
375
806
847
934
956
989
271
495
805
896
1283
1310
1507
354
393
504
553
750
1349
1425
1703
1908
306
352
563
1144
1309
1478
1713
1796
1836
4
413
620
1152
1171
1899
260
403
610
1143
1562
1614
1953
186
210
332
442
915
1161
1373
1524
1568
121
668
1167
1337
1342
1541
1680
1968
502
519
1189
1422
1719
2009
36
173
630
1255
1474
1626
1760
1778
1791
542
695
1010
1730
15
327
400
711
735
889
1099
1326
1530
1544
236
573
1062
1649
1902
2046
155
167
286
629
674
1030
1267
1335
237
274
317
650
1342
1581
1602
1929
443
466
1135
1222
1223
1536
22
836
853
1103
1454
1545
1625
1776
15
984
1105
1157
1228
1494
1793
1853
1923
495
938
1042
1160
1496
1503
127
496
1209
1760
2027
5
227
534
547
777
860
1213
1700
85
539
605
646
1009
1234
1274
1917
158
659
761
1011
1521
1709
1872
1894
70
263
559
632
764
1020
1292
1800
193
337
387
444
564
911
1252
1260
1407
1887
249
405
540
622
670
922
1174
1346
1873
1969
2012
896
970
1528
1549
130
859
882
1100
1332
1440
3
116
302
344
731
768
822
1131
1417
1571
498
696
762
807
1263
1951
2012
215
308
358
497
529
734
1408
1676
1981
2011
123
462
1015
494
719
754
773
910
1915
15
189
807
917
978
1281
1520
1813
2001
162
1129
114
225
278
290
722
924
1125
1824
2038
60
224
279
346
411
1110
1280
1559
1944
50
322
823
918
1013
1287
4
427
485
669
747
1358
1456
1543
1694
1771
1932
23
412
514
993
1410
1843
2032
47
1265
1490
1594
1875
1893
1993
151
291
352
873
1123
1652
1733
728
793
843
1193
1264
1468
1688
1735
113
363
522
627
664
1918
252
1032
1136
1164
1276
1664
153
403
772
1001
1334
1564
217
299
454
857
1058
1403
1484
1572
1920
197
302
1060
1189
1203
1322
1470
1964
47
501
508
1112
1231
1279
1656
1917
2026
5
157
199
637
759
987
1851
99
457
661
703
1021
1140
1264
1462
1496
1911
1986
476
653
1296
1526
1794
2025
191
434
503
547
706
1126
1770
2018
75
838
957
1567
1603
1908
1913
136
387
625
714
826
976
1142
1324
1426
36
119
204
299
1520
1522
534
635
820
1106
1119
29
95
684
1173
1455
1672
1701
1709
1885
2047
37
223
782
905
1077
296
373
746
765
955
1026
1315
1374
1716
1979
60
391
601
628
843
878
1743
32
353
961
1225
1639
1957
48
114
438
460
777
868
1740
123
402
1021
1450
297
418
434
546
710
1124
1411
1644
1730
2004
8
335
740
1339
1379
420
985
1266
1446
1458
1753
205
468
480
702
739
767
1359
288
360
694
886
943
1524
1615
50
125
427
522
1151
1560
2017
6
102
459
838
1802
145
633
723
925
975
1376
1506
1863
295
791
952
1057
1253
1262
1452
1997
71
1182
1308
1430
1499
1532
1654
1977
8
496
897
985
1224
1317
1396
1817
2000
323
447
583
909
964
1156
1549
1597
1643
143
172
246
345
395
598
1011
1137
1150
1682
1913
1925
589
1058
1060
1473
1766
253
290
634
817
1640
1917
275
611
794
967
1047
1847
1928
33
44
810
1613
1623
1714
1817
1931
72
748
1038
1128
442
835
1051
1405
1437
1503
1562
1615
397
723
746
779
1004
1415
1458
1797
1894
449
677
681
937
1097
1526
1545
1711
141
638
1307
1502
1540
1830
1965
537
575
850
1113
1237
1353
1425
1511
224
431
451
494
534
746
866
947
990
1274
1318
1610
20
297
643
691
1069
1291
200
827
1024
1042
1164
1552
1575
1587
437
497
609
670
1142
1218
1394
1488
1679
291
881
1113
1124
1419
277
1115
1397
1464
1476
1651
1764
593
1014
1175
1409
1544
1608
1845
1985
1025
1202
1271
1565
1666
639
1179
1258
1550
1609
2016
190
935
1128
1164
1480
1624
1727
476
708
805
1004
1158
1352
1428
1700
1737
1871
620
928
1325
1667
21
132
301
414
493
521
691
784
2034
189
306
319
470
972
1104
1684
1745
453
498
640
721
1638
1905
1937
227
960
1211
1236
1269
1599
1768
290
575
1144
1239
1503
1517
1714
1856
1932
592
1088
1102
1108
1323
1385
2040
53
347
603
1037
1329
1787
190
417
790
945
1556
225
533
1017
1270
1328
1345
1461
1487
1777
29
252
365
424
616
1187
1983
153
166
175
265
765
1141
1293
1570
1704
1937
161
332
901
1150
1220
1958
732
1649
1661
1718
39
87
433
473
821
861
1149
1542
1844
1879
930
1052
1188
1481
1600
1626
1732
1972
2037
362
399
1495
137
267
682
818
1905
1934
586
589
733
1002
1047
1078
1195
1245
1290
1658
1662
10
182
293
595
751
1046
1306
1389
1546
1632
2046
73
383
483
745
1346
1402
555
610
778
966
1295
1618
398
587
663
785
2035
165
626
858
1105
1697
300
436
572
615
637
1091
1169
1646
1692
243
543
1022
1187
1464
1693
281
862
932
1094
1179
1185
1691
1860
1947
35
297
681
697
1348
43
718
927
928
1322
1795
1929
1990
49
50
570
916
1067
1241
473
1022
1181
279
942
1623
2000
2027
364
681
791
808
1148
1535
1879
178
222
333
644
1134
1803
2013
647
654
658
860
877
1557
1637
1693
1868
1383
1397
1408
1544
1732
228
730
1073
1158
1436
1557
1667
382
1003
1394
1538
1633
1642
12
71
104
323
357
384
529
1359
1844
46
556
1166
1282
195
256
474
674
724
1081
1206
1
9
17
28
34
38
47
56
67
75
84
89
94
101
108
116
125
134
142
148
159
165
171
178
188
195
206
214
225
234
244
252
262
271
278
287
294
305
314
321
330
334
340
351
357
366
373
380
389
397
405
413
419
426
434
439
442
451
456
464
471
477
483
489
494
499
509
517
522
529
538
546
556
564
576
582
592
603
613
626
638
646
655
663
671
678
687
689
692
696
703
708
716
724
734
743
752
756
760
771
781
787
791
796
807
817
826
835
843
850
857
865
871
879
887
898
906
911
916
924
933
940
946
950
955
960
966
971
979
989
999
1010
1016
1025
1030
1039
1044
1053
1061
1066
1073
1081
1090
1099
1105
1113
1118
1127
1134
1143
1152
1162
1173
1179
1185
1195
1206
1213
1218
1224
1233
1243
1253
1259
1268
1276
1282
1289
1294
1299
1308
1315
1325
1331
1339
1347
1353
1362
1366
1376
1387
1394
1400
1407
1415
1422
1431
1440
1449
1451
1458
1467
1477
1484
1491
1500
1506
1516
1522
1529
1537
1545
1553
1557
1567
1574
1580
1590
1596
1604
1613
1620
1627
1637
1643
1653
1662
1670
1676
1683
1691
1696
1702
1707
1717
1724
1734
1741
1748
1756
1767
1776
1784
1791
1797
1800
1804
1813
1820
1827
1836
1840
1846
1855
1862
1870
1877
1883
1892
1901
1911
1918
1925
1935
1943
1953
1956
1960
1969
1978
1987
1993
2000
2011
2018
2026
2034
2042
2051
2061
2070
2078
2084
2091
2100
2109
2115
2122
2131
2139
2145
2154
2158
2168
2174
2182
2190
2196
2204
2213
2219
2224
2232
2240
2248
2256
2266
2277
2281
2287
2297
2304
2314
2317
2323
2332
2334
2343
2352
2358
2369
2376
2383
2390
2398
2404
2410
2416
2425
2433
2442
2449
2460
2466
2474
2481
2490
2496
2501
2511
2516
2526
2533
2539
2546
2550
2560
2565
2571
2578
2585
2592
2597
2605
2613
2621
2630
2639
2651
2656
2662
2669
2677
2681
2689
2698
2706
2713
2721
2733
2739
2747
2756
2761
2768
2776
2781
2787
2794
2804
2808
2817
2825
2832
2839
2848
2855
2861
2866
2875
2882
2892
2898
2902
2912
2921
2924
2930
2941
2952
2958
2964
2969
2974
2983
2989
2998
3003
3011
3017
3020
3025
3032
3039
3048
3053
3060
3066
3075
3079
