205
2048
2912
491
509
1285
1390
1411
1627
1654
1722
1734
1780
1900
1913
1948
517
610
749
770
807
963
1157
1465
1497
1653
1760
1842
1905
2025
115
194
553
557
576
813
843
907
1096
1369
1639
15
62
477
614
690
809
839
921
1071
1112
1476
1545
1605
1834
2040
122
132
189
420
895
1076
1183
1206
1490
1578
64
81
185
445
531
593
779
803
905
1132
1160
1260
1299
1378
1634
1775
1943
1966
1971
70
544
603
635
1015
1080
1090
1680
1808
20
53
59
95
98
234
345
416
432
518
851
1405
1437
1508
1599
1724
1866
2042
18
76
83
476
532
974
1103
1396
1633
1862
34
214
217
263
298
413
589
661
784
829
846
1535
1661
1673
1791
1948
128
131
228
425
429
517
829
928
1062
1283
1416
1582
1714
1906
1977
2007
337
378
894
1393
1461
1536
1629
185
232
239
315
323
353
548
555
798
971
984
1193
1208
1644
1645
1817
1887
6
281
309
349
448
612
863
978
1005
1084
1123
1169
1565
163
212
220
460
834
1001
1077
1443
1572
1935
1953
67
281
333
524
557
651
702
774
834
881
930
1171
1282
1533
640
947
1221
1232
1821
1857
2039
2045
44
344
409
676
912
1009
1305
1331
1446
1616
1681
1770
1794
41
77
175
194
1291
1405
1594
1680
1917
1918
266
279
867
1372
1420
1483
1503
94
751
792
795
869
926
990
1044
1269
1403
1537
1588
1639
1827
125
179
305
337
448
460
790
1313
1327
1469
1473
1566
1657
1816
1903
2028
104
432
459
499
536
634
698
874
1021
1118
1153
1183
1345
1708
1728
1929
2035
27
102
321
399
429
507
637
764
828
959
1063
1521
1833
1881
192
470
542
618
665
690
863
864
971
982
1040
1233
1439
514
572
604
689
698
754
899
1138
1211
1223
1399
1430
1783
93
281
501
615
887
1113
1642
1667
1757
1832
1868
1898
1907
98
484
629
1072
1074
1239
1368
1395
1816
2008
19
123
129
280
537
662
705
717
985
1213
1337
1517
1744
1891
1957
1959
178
190
270
326
558
1116
1130
1169
1190
1266
1329
1383
1466
1934
2005
11
263
409
760
1128
1310
1326
1476
1538
1614
1634
1740
1973
2013
245
620
792
845
1099
1139
1255
1265
1372
1395
1571
1572
1771
1773
1879
1997
2043
37
238
245
390
501
510
588
1109
1226
1457
1732
1778
1790
1961
221
224
282
419
773
802
841
900
1023
1160
1302
1704
1722
1747
1880
77
351
748
1040
1107
1138
1183
1563
1758
1800
1805
1876
425
539
558
1302
1350
1391
1539
1770
1798
1869
1941
295
401
997
1090
1109
1229
1266
1431
1640
1671
13
51
364
443
632
791
996
1558
1717
1735
1809
1880
169
372
462
610
742
923
1039
1649
1710
31
90
161
366
415
687
987
1052
1172
1257
1311
1367
1878
1885
2041
564
615
656
762
889
977
1028
1089
1128
1134
1225
1240
1289
1362
1392
1463
1471
1534
1670
1897
1990
1994
2025
65
83
796
858
871
936
1012
1036
1079
1171
1181
1324
1434
1583
1637
1829
1897
2035
327
328
338
380
424
654
716
761
767
988
1015
1441
1649
1737
11
144
257
355
464
871
966
1185
1248
1730
237
397
655
785
1039
1079
1323
1417
1453
1592
1811
100
137
176
267
709
817
888
979
1100
1147
1307
1310
1527
1798
1845
1890
89
137
347
590
598
1076
1187
1262
1318
1471
1778
1911
2024
260
278
295
359
525
584
703
864
1157
1475
1500
1725
1860
1928
1973
343
394
631
787
925
1096
1148
1203
1333
1503
1683
1857
1859
1963
246
302
708
712
713
718
821
1004
1254
1281
1321
1462
1580
1591
1723
1801
1845
18
647
941
956
1073
1113
1216
1367
1624
1673
1687
1982
21
166
335
613
979
1031
1055
1553
1562
1714
1803
1829
1941
2
72
109
139
450
498
550
579
823
1259
1323
1398
1493
1543
1544
1550
1682
1765
1928
1938
1951
210
325
336
374
478
520
825
1032
1046
1097
1389
1467
1507
1650
1651
166
318
679
681
862
910
951
1159
1281
1400
1596
1706
2033
143
543
548
666
741
836
1017
1181
1537
1694
1865
2036
50
358
548
748
755
1055
1175
1213
1226
1316
1319
1750
1772
1934
1970
146
207
290
336
501
559
577
584
654
876
902
1271
1388
1392
1445
1468
1678
25
84
247
254
486
686
746
775
889
1200
1340
1369
1469
1711
1950
1971
113
145
262
445
619
677
690
891
1528
1540
1680
1771
141
358
389
404
431
593
639
975
998
1085
1589
1660
1764
1773
1822
1831
1849
1933
2003
40
68
218
303
357
676
1066
1118
1255
1492
1507
1514
1580
1840
1890
2048
82
134
175
210
291
436
609
682
943
1522
1638
137
191
264
310
326
581
625
885
958
1095
1499
1501
1550
1567
1620
1674
1762
2033
47
184
271
338
392
403
426
455
525
621
1115
1206
1246
1320
1336
1417
1751
1916
78
229
446
671
800
820
952
991
1551
1749
99
123
218
234
308
487
505
667
679
706
819
847
936
998
1057
1316
1587
1684
1802
1923
2031
22
153
223
282
538
578
620
1048
1102
1163
1241
1271
1603
1606
1703
1853
133
327
384
435
506
532
769
1045
1244
1468
1876
1952
1968
203
214
275
369
704
821
878
1143
1164
1271
1398
1618
1641
1815
1896
2046
39
343
467
594
699
777
882
1210
1347
1377
1622
2011
38
95
659
730
768
792
808
843
957
1270
1472
1494
1546
1590
1936
1978
226
258
433
508
781
897
1049
1280
1421
1835
1855
1979
437
443
564
806
845
857
929
944
1115
1135
1380
1438
1613
1931
1973
2035
23
274
385
773
1165
1258
1355
2001
18
324
391
394
430
549
960
992
1067
1559
1601
1715
1779
1789
1860
172
289
554
776
950
1228
1441
1520
1570
1730
2017
87
373
725
767
776
993
1034
1100
1360
1532
1674
1800
2047
314
362
924
931
1088
1236
1244
1340
1719
1885
212
762
837
854
865
873
1059
1141
1160
1234
1334
1629
1969
4
252
333
352
758
883
1203
1242
1341
1385
1662
193
211
374
514
732
833
908
935
972
1350
1409
1631
1668
1704
1729
1893
1958
204
299
309
810
878
1301
1678
1692
1709
1782
1811
63
93
144
763
827
961
1118
1279
1330
1448
1555
1633
1904
2038
118
136
146
288
320
611
658
788
837
1155
1410
1419
1729
1809
1837
2
56
130
189
240
452
653
686
789
945
1022
1162
1352
1557
1631
1992
9
48
68
151
237
256
340
388
462
499
797
1058
1307
1669
1723
1828
1930
102
308
585
735
968
1173
1176
1188
1214
1332
1361
1366
1382
1552
1561
1569
1857
1990
230
483
911
976
1096
1142
1377
1779
1966
326
467
493
671
860
956
1217
1268
1371
1491
1700
1731
1812
1847
45
151
179
436
488
657
674
717
744
763
885
1197
1259
1276
1677
1782
1932
2011
75
159
473
523
819
926
1127
1300
1578
1695
25
47
60
249
307
552
565
1141
1177
1303
1306
1436
1722
1781
1915
44
382
497
730
1013
1480
1586
1637
1683
1685
1695
1882
2034
24
578
660
678
722
956
957
1195
1451
1505
1587
1617
1675
108
883
905
980
1075
1425
1566
1667
1717
1863
1922
31
135
153
237
253
275
469
532
1256
1348
1432
1785
1810
1889
69
136
379
647
824
877
1257
1460
1500
1579
1604
1612
1625
1631
1708
1710
1758
1786
152
426
435
654
664
907
1168
1187
1204
1219
1264
1495
1745
1797
1813
1906
4
127
430
482
490
641
702
756
807
812
1044
1217
1231
1388
1958
1985
2006
2015
167
414
504
513
872
1002
1061
1114
1182
1367
1440
1533
1988
2043
46
164
423
496
713
799
880
1037
1056
1277
1630
1705
1768
1855
84
111
164
212
415
465
622
736
1048
1136
1151
1209
1290
1411
1591
1626
1792
1996
285
568
798
980
989
1237
1268
1314
1464
1505
1593
1663
331
380
433
464
904
1081
1199
1274
1608
1707
1797
171
229
299
424
574
589
914
1207
1425
1444
1808
1846
1946
174
686
814
1121
1179
1186
1733
1791
1793
1865
1902
1919
2012
47
189
316
634
842
865
933
1001
1026
1087
1296
1358
1564
1763
92
173
431
471
651
764
793
844
1349
1396
1418
1807
1904
1924
94
228
297
327
747
867
939
1106
1220
1334
1411
1524
1697
1718
1739
1782
184
434
527
616
639
682
881
919
982
1065
1089
1108
1578
1645
1716
2041
196
370
406
789
1024
1057
1685
1873
2021
87
685
804
1002
1018
1185
1261
1329
1698
1980
1991
2037
163
235
428
750
907
1069
1229
1315
1331
1461
1476
1517
1657
112
344
427
492
561
655
683
831
973
1197
1292
1365
1472
1514
1783
1991
133
142
250
442
447
715
1056
1120
1158
1161
1218
1282
1437
1482
1867
1975
105
206
256
414
647
718
870
1153
1272
1470
1635
1654
1851
1874
2022
6
264
334
399
404
418
1054
1106
1281
1549
1774
1780
1853
1918
249
541
631
688
855
904
1009
1016
1071
1207
1447
1527
1574
1778
1883
2039
116
185
382
628
679
721
845
1401
1449
1474
1491
1567
1698
1726
1799
1835
1836
1846
1921
421
434
491
591
613
665
832
1053
1188
1249
1531
1617
1625
1963
26
56
145
470
652
689
742
974
1101
1145
1193
1303
1479
1629
1726
1774
1943
186
409
604
972
996
1162
1230
1447
1644
1995
2019
131
150
704
728
883
887
1127
1150
1254
1344
1485
1498
1766
154
186
187
450
500
663
667
783
1156
1273
1624
1702
2010
2014
75
131
160
207
350
418
481
605
666
874
981
1033
1122
1559
1653
1683
1706
1921
2045
71
215
226
244
302
311
329
458
546
816
1209
1319
1322
1415
1583
1632
1716
1888
1955
1971
45
122
165
687
882
916
993
1116
1272
1301
1443
1446
1823
35
109
111
500
524
642
1143
1238
1381
1394
1395
1422
1685
1694
1728
1760
1949
25
139
360
716
875
877
1349
1416
1455
1736
1761
1794
1891
1962
2036
66
221
471
563
842
861
944
949
1174
1512
1844
60
70
232
348
387
412
444
626
1029
1056
1140
1196
1294
1295
1784
1829
1985
79
92
369
463
740
746
830
851
1184
1344
1847
1969
1991
61
240
267
379
534
882
1085
1291
1424
1648
311
331
365
849
1175
1408
1410
1428
1468
1652
1665
1833
1926
249
423
489
691
783
926
969
1120
1124
1489
1515
1790
1821
2004
457
541
780
1011
1283
1436
1554
1600
1713
1864
2029
437
482
547
562
630
714
750
916
1088
1186
1204
1475
1494
1616
1894
1956
14
20
58
362
538
681
801
902
919
1577
1795
1861
1914
1965
495
536
828
833
1071
1174
1304
1451
1455
1537
1721
1884
1945
31
242
673
753
966
1059
1062
1081
1350
1544
1945
1999
2009
40
79
151
272
618
697
941
1295
1394
1588
1664
1674
1984
15
37
129
410
419
569
723
1310
1386
1415
1464
1541
1861
2012
2038
101
166
180
280
286
348
511
554
653
769
857
976
1080
1094
1237
1530
1677
1740
1825
1997
178
347
421
554
890
935
1120
1186
1296
1420
1538
170
173
243
324
350
863
966
1546
1773
1784
1916
1992
1994
5
304
367
387
396
508
929
1177
1547
1730
1744
2018
434
524
570
684
1043
1083
1093
1214
1264
1576
1603
1652
1672
1925
1946
1982
7
94
107
142
149
170
316
938
1086
1241
1326
1557
1744
2034
298
356
358
360
606
658
775
825
1029
1179
1220
1574
1689
1956
82
727
794
838
844
885
1050
1108
1379
1650
1804
1840
88
405
1145
1201
1304
1375
1425
1815
1830
1840
1893
1894
241
242
510
599
701
1068
1073
1125
1135
1168
1217
1330
1332
1710
1751
1871
1947
42
138
268
280
404
661
1227
1284
1304
1700
1770
1789
33
171
376
567
626
1106
1152
1288
1454
1645
1852
1942
1987
411
436
442
490
634
680
711
910
1070
1093
1248
1301
1353
1548
1717
1996
474
649
726
738
757
852
862
920
925
937
1086
1362
1553
1719
1907
15
40
406
424
480
526
669
811
859
982
1224
1353
1421
1558
1874
1892
198
211
492
716
717
846
906
950
1082
1268
1382
1597
1606
1705
1725
1877
1927
149
284
900
909
967
1181
1720
1855
1884
1929
1965
1999
23
202
233
244
500
665
840
1339
1362
1478
1867
86
438
663
696
719
781
826
889
1187
1431
1607
2000
199
205
213
522
561
624
704
771
873
1080
1222
1373
381
422
444
768
1000
1079
1368
1561
1721
1993
2040
54
148
242
248
314
354
399
677
783
793
853
1137
1171
1390
1413
1450
1739
1858
23
76
272
287
314
580
648
768
784
871
952
1123
1227
1288
1452
1689
1699
1870
1888
1905
43
67
343
370
407
429
486
522
689
713
866
1149
1228
1260
1346
1691
60
106
248
313
466
658
718
751
997
1078
1624
1633
2004
155
167
268
644
857
960
1161
1713
1808
1942
74
108
132
293
391
831
873
877
1007
1090
1144
1230
1262
1300
1464
1824
2008
2048
126
216
255
563
616
766
816
832
946
997
1324
1473
1628
1892
1960
32
38
376
494
635
707
810
1007
1649
1690
1769
1776
1886
2011
467
668
738
801
986
1278
1646
1762
1785
2024
2036
2043
37
209
236
481
607
1041
1248
1473
1915
1924
1979
1990
141
148
183
456
676
732
854
961
1003
1032
1146
1709
1912
1931
1987
11
126
159
168
412
781
945
1110
1265
1270
1527
1548
1807
332
354
357
465
734
927
983
987
1170
1189
1252
1265
1359
1512
1686
1706
364
397
432
777
821
836
964
1104
1286
1305
1384
1488
1605
1617
1669
1947
177
217
283
419
531
1024
1058
1801
1912
223
371
446
506
537
605
638
811
815
1059
1253
1319
1403
1414
1732
1821
1947
6
363
408
459
555
595
925
1122
1131
1246
1564
1639
1660
1754
1883
1924
1949
125
139
282
362
517
903
1005
1253
1270
1467
1484
1488
1884
1887
1898
1930
1967
1986
279
444
452
603
1054
1134
1210
1449
1478
1521
1598
1944
30
97
121
590
645
677
778
1097
1194
1292
1325
1534
1716
1732
1871
1896
1902
1922
114
132
439
625
786
999
1020
1242
1407
1587
1600
1748
1766
2045
297
520
1111
1139
1313
1355
1400
1445
1459
1568
1643
1756
1844
163
274
453
573
651
653
808
949
1010
1365
1676
1679
1720
1735
1738
1765
1777
1820
1872
22
149
279
454
645
688
787
1004
1019
1031
1361
1499
1751
1863
28
292
420
565
584
1019
1045
1047
1305
1351
1378
1393
1523
1690
174
201
373
438
469
539
712
753
939
1184
1405
1426
1583
1630
2040
45
89
764
777
786
1451
1610
1764
285
332
469
705
884
1014
1038
1039
1072
1112
1349
1389
1654
1848
253
349
393
471
484
575
643
656
739
866
1472
1548
1752
1792
2022
32
457
507
534
1001
1151
1195
1202
1236
1297
1309
1490
1765
2005
46
50
310
516
756
805
1010
1161
1393
1529
1545
1663
1692
1727
1746
1764
138
284
315
338
422
740
920
989
1047
1050
1101
1117
1180
1232
1354
1383
1511
1562
1582
1913
1961
16
66
197
254
259
518
640
693
1209
1229
1406
1557
1794
1997
2006
145
225
256
301
493
494
684
828
865
1158
1239
1244
1501
1534
1535
1796
1814
1866
22
111
225
312
529
580
650
714
1027
1150
1247
1512
1810
1812
1936
1954
1977
1995
2022
148
152
346
458
527
541
755
892
1116
1194
1249
1293
1334
1363
1689
1838
1881
1988
19
140
236
688
694
803
915
1474
1643
1687
1729
1781
1797
1824
1858
1972
2015
10
117
303
313
556
756
1111
1219
1225
1261
1278
1460
1560
1650
1734
1743
141
528
903
994
1033
1091
1163
1690
1972
24
181
375
450
487
683
785
846
884
937
1290
1307
1369
1488
1529
1542
1803
2000
85
91
250
303
319
415
496
535
806
831
1114
1404
1552
1615
1950
2020
2042
1
14
28
39
54
64
83
92
110
120
136
152
159
176
189
200
214
222
235
245
252
266
282
299
313
326
339
352
362
378
393
407
424
438
453
465
476
486
498
507
522
545
563
577
587
598
614
627
642
656
673
685
698
719
734
747
759
774
791
807
819
838
854
865
883
901
911
932
948
961
977
989
1005
1017
1033
1041
1056
1067
1080
1090
1103
1114
1131
1142
1156
1171
1187
1204
1222
1231
1245
1263
1273
1288
1301
1314
1325
1339
1357
1373
1391
1405
1419
1437
1449
1460
1473
1486
1500
1514
1530
1546
1555
1567
1580
1596
1612
1627
1641
1657
1676
1690
1707
1718
1731
1745
1764
1784
1797
1814
1829
1840
1857
1870
1880
1893
1907
1918
1934
1948
1961
1974
1987
2002
2022
2033
2046
2058
2074
2088
2102
2114
2126
2143
2155
2168
2184
2199
2215
2232
2244
2255
2267
2279
2290
2308
2328
2344
2357
2367
2385
2400
2414
2426
2438
2453
2466
2482
2498
2507
2524
2541
2559
2571
2589
2603
2616
2635
2649
2663
2678
2686
2700
2715
2729
2745
2766
2781
2799
2818
2836
2853
2869
2878
2896
205
2048
2983
54
61
93
184
348
382
781
872
1009
1454
1576
1651
1826
123
640
699
794
815
882
1043
1115
1782
1788
1792
1797
1984
2007
2023
101
229
509
544
589
891
909
1036
1045
1084
1278
1332
1398
1580
103
213
230
282
350
651
682
1583
1613
1643
1666
1777
1867
1868
122
215
317
324
499
524
538
614
672
705
739
1177
1209
1336
1427
1593
1803
1975
6
236
463
601
704
752
1339
1469
1476
1487
1874
1892
44
109
300
315
361
564
659
1016
1062
1065
1095
1122
1167
1392
1409
1486
1587
1603
1664
1723
1776
50
181
277
362
647
975
1152
1309
1448
1468
1681
1692
1794
309
549
711
722
763
772
905
972
1025
1098
1150
1179
1224
1297
1891
1943
2020
204
392
784
786
1230
1239
1288
1421
1621
1647
1683
2040
280
427
647
766
1064
1070
1141
1175
1205
1238
1294
1542
1554
1752
121
223
294
387
626
793
824
943
955
965
985
1056
1323
1342
1591
1726
1859
1900
2003
2030
178
550
629
660
807
823
851
1042
1196
1417
1575
1636
1825
1886
146
344
356
432
456
471
497
568
577
719
939
1275
1673
1702
1804
1908
1930
1947
2003
87
244
268
496
777
790
971
1355
1473
1480
1688
1724
1758
1895
1928
96
256
310
461
755
761
952
1365
1479
1534
1567
1709
1714
1884
91
157
162
215
293
359
639
683
702
708
1003
1378
1967
2028
2046
16
102
130
778
930
995
1569
1657
1659
1715
1897
116
161
172
339
358
393
435
573
581
686
814
1132
1266
1269
1507
1585
1621
1675
1858
1943
80
117
177
748
751
818
944
1203
1259
1383
1607
1655
1686
1757
1764
1822
1977
1
130
158
368
393
431
598
727
823
946
1157
1213
1389
1449
1576
1873
135
291
528
1052
1065
1145
1162
1165
1283
1393
1465
1502
1504
1866
71
263
320
701
792
804
809
913
980
1048
1234
1357
1907
1948
65
78
239
353
409
411
584
670
892
899
937
1178
1372
1696
1947
2010
2032
2037
126
217
249
312
353
417
437
912
983
1004
1008
1684
1869
1882
249
258
494
592
801
914
1155
1190
1220
1298
1306
1436
1471
1800
1974
1990
72
105
195
511
519
574
995
1107
1130
1263
1573
1818
1830
1850
2045
66
88
117
197
334
419
567
580
1017
1023
1066
1110
1168
1517
1691
2032
52
263
274
291
629
657
658
872
906
971
1113
1170
1301
1349
1523
1550
1655
1684
34
144
369
463
578
658
790
924
929
1075
1578
1994
248
323
378
820
986
1279
1343
1401
1504
1665
1755
1802
1813
1909
18
49
60
169
663
709
933
943
1025
1031
1198
1444
1626
1756
1846
322
516
540
855
971
1041
1245
1323
1549
1553
1657
1695
2014
2044
14
39
112
297
740
796
993
1088
1125
1126
1636
1644
1662
1841
1901
329
609
886
903
993
1073
1330
1525
1538
1570
1658
1794
2033
22
174
178
228
468
702
893
916
1024
1068
1430
1571
1931
1942
1949
2038
130
180
414
735
825
889
919
1012
1523
1622
1792
1807
1904
2017
4
71
141
225
234
287
778
844
905
932
1216
1233
1267
1358
1544
1729
2006
96
125
314
423
482
619
839
972
1041
1129
1223
1515
1582
1691
1833
1937
94
732
906
1020
1049
1104
1252
1472
1769
1872
1881
2039
122
181
861
1158
1572
1578
1614
1937
194
321
439
538
873
1832
1955
56
577
721
831
895
1031
1068
1196
1352
1359
1685
1789
1932
1934
1961
1981
94
128
249
338
474
876
932
1223
1247
1410
1441
1717
1794
1960
92
98
136
156
378
776
838
888
918
1083
1494
1498
1662
1756
1838
68
315
425
441
658
1058
1203
1252
1350
1426
1628
1650
1763
233
261
337
464
575
1176
1374
1478
1533
1622
1627
1766
1773
155
215
487
505
539
541
561
909
931
1366
1377
1513
1654
1825
1969
150
174
298
301
728
750
862
1242
1350
1401
1863
1912
1973
270
382
881
934
951
1106
1395
1821
1862
1924
1952
7
17
67
399
534
543
553
587
955
1242
1306
1397
1416
1437
1494
1525
67
297
352
415
473
720
753
1001
1197
1422
1521
1725
1861
1904
1952
2027
10
19
224
311
410
612
655
830
1002
1042
1148
1404
2005
2021
38
98
128
139
161
868
1258
1353
1516
1708
1721
1760
2038
313
377
398
489
810
1033
1161
1517
1634
1923
1933
2011
2037
60
193
312
508
519
559
572
576
886
1097
1119
1288
1564
1643
1829
1935
70
112
459
528
631
669
1324
1424
1446
1466
1518
1718
1771
1956
26
31
80
264
313
727
801
957
1149
1162
1426
1660
1674
1680
1864
1903
7
252
663
797
807
822
878
937
980
1129
1451
1792
1887
1918
124
207
278
307
433
670
813
833
1019
1223
1251
1433
1676
1901
1987
2021
22
260
529
736
954
977
1154
1516
1592
1845
75
305
324
482
669
673
892
915
1081
1131
1208
1364
1404
1816
70
82
272
279
341
406
416
448
471
557
694
1043
1748
1915
1975
106
268
440
570
644
1202
1218
1808
1982
20
49
203
602
689
1062
1277
1422
1485
1518
1690
1754
1963
141
530
578
587
748
894
997
1158
1354
1436
1453
1485
1653
1682
1734
1884
1923
1935
2010
287
421
516
1117
1221
1352
1736
1745
1822
1906
16
104
227
356
600
609
745
750
1075
1184
1360
1616
1705
360
370
408
436
522
569
638
708
805
819
876
1129
1199
1254
1401
1456
1483
1575
1840
247
679
767
1052
1170
1236
1677
1732
1741
1760
1815
1847
1959
1970
769
818
870
1148
1222
1340
1344
1405
1410
1498
1532
1582
1675
1771
1888
1946
1988
2044
259
281
425
525
607
711
787
969
1124
1192
1700
1736
1881
28
138
298
372
388
400
405
514
518
670
858
871
1277
1775
1786
1997
2026
99
725
761
791
813
859
1193
1311
1348
1431
1449
1465
1837
1918
1995
82
229
334
451
619
636
656
808
817
1098
1112
1156
1208
1378
1504
1579
1687
1779
2047
333
761
903
988
1026
1225
1246
1313
1317
1488
1593
1762
1830
17
194
210
350
749
840
917
1126
1221
1413
1419
1633
1787
1824
2046
2048
10
51
74
545
922
1112
1254
1331
1337
1415
1558
1598
1657
2009
13
38
286
335
444
617
706
808
856
859
1025
1047
1083
1256
1834
1879
1895
2046
430
558
733
863
1241
1281
1695
1699
1795
1836
1851
1858
1945
53
346
444
458
775
821
1043
1215
1559
1638
1652
1716
1789
1898
1921
1939
1953
9
45
210
244
256
266
875
1109
1154
1468
1550
1817
1854
2024
51
223
259
302
351
595
621
685
902
917
980
1157
1198
1359
1382
1414
1582
1671
1715
1876
1998
371
374
408
442
677
707
710
795
966
1201
1301
1319
1333
1438
1445
1770
1773
21
404
476
538
570
597
777
954
1181
1496
1656
1740
1979
225
276
850
967
987
1143
1433
1589
1844
1899
2044
494
625
666
933
1318
1561
1768
1788
1940
1962
1971
6
47
59
701
759
1171
1351
1574
1759
1819
1844
177
214
472
493
671
799
806
860
977
1188
1287
1300
1520
1612
1893
1996
450
1038
1092
1177
1187
1200
1201
1288
1505
1627
1644
1866
1878
1966
69
114
186
537
673
731
874
988
1108
1289
1799
1856
64
202
229
295
428
712
742
908
1511
1629
1737
1759
1784
1981
1988
1998
148
200
466
710
713
868
869
910
929
1225
1230
1235
1271
1295
1600
1641
1854
1941
1
73
78
165
475
531
608
634
732
803
990
1051
1571
1586
1719
1807
99
121
150
370
633
705
897
1006
1014
1028
1173
1420
1488
1599
1675
1954
2009
3
145
438
509
546
548
556
562
604
650
795
1090
1399
1731
1752
1873
2005
250
480
547
630
730
735
1147
1307
1549
1696
1967
2027
2031
2043
470
630
742
811
942
1074
1562
1725
1824
645
650
744
885
887
1003
1403
1505
1512
1560
1720
1900
68
116
182
238
328
521
757
910
1091
1692
1775
1907
1994
104
223
234
389
642
804
1029
1088
1272
1333
1599
1625
1643
1648
1835
1953
1955
101
118
391
449
560
842
901
940
989
1149
1179
1381
1501
1564
1573
1681
1905
111
677
698
873
964
1007
1141
1273
1518
1799
1892
1951
76
149
217
235
281
551
598
770
1266
1537
1566
1651
1685
1930
2000
3
72
135
490
513
563
785
818
821
883
893
1026
1264
1446
1476
1800
1937
155
185
311
431
629
1080
1084
1669
1725
1729
1831
1948
1956
58
271
402
543
787
1080
1224
1313
1390
1400
1573
1745
1827
1933
81
381
484
520
648
686
704
798
830
953
964
1374
1431
1838
2023
100
306
412
523
719
724
934
1022
1121
1217
1263
1267
1814
2015
129
134
783
1005
1021
1047
1073
1367
1519
1698
1921
1929
83
88
176
348
465
488
730
987
1044
1198
1864
207
236
269
308
466
540
707
718
749
945
968
974
1273
1634
1646
1649
1959
119
269
289
471
616
822
835
864
898
1334
1349
1354
1375
1423
1679
1700
1977
28
54
81
220
322
384
1086
1110
1268
1345
1456
1601
1839
1995
251
253
307
374
553
578
786
933
1203
1501
1599
1796
2025
341
512
802
1006
1245
1260
1292
232
275
337
789
1061
1128
1385
1466
1514
1628
1647
1713
1922
1934
2028
182
236
376
395
520
594
620
672
687
925
1294
1408
1604
1726
1953
222
278
353
1103
1277
1500
1555
1608
1706
1737
1929
1969
7
265
343
611
960
1002
1647
1791
218
308
421
432
589
678
731
858
1054
1071
1348
1354
1435
1594
1831
1841
1903
260
362
385
561
779
1022
1626
1718
1729
1739
1752
1757
44
96
473
749
856
935
973
1096
1134
1271
1442
1454
1489
1494
1618
1751
1859
1910
1985
283
299
420
487
495
503
608
653
710
783
841
1039
1067
1329
1495
1709
1868
2040
36
168
386
624
644
736
836
839
904
1028
1276
1290
1923
69
445
527
688
859
895
1583
1712
1766
1894
2008
258
418
549
605
1360
1465
1533
1778
1899
60
291
310
361
379
399
660
700
947
1015
1185
1370
1406
1597
14
127
235
582
583
626
806
1171
1471
1489
1528
1597
1783
1806
1839
152
197
407
424
479
597
774
904
997
1004
1101
1172
1312
1816
209
364
419
482
497
803
840
992
1139
1152
1331
1363
1458
1481
1503
1568
1596
1808
94
177
222
603
642
849
1038
1716
1762
1782
1811
1848
1901
58
76
201
243
437
445
510
580
883
981
1195
1265
1278
1419
1427
1676
1779
1811
1997
27
40
484
535
602
659
787
819
826
842
1051
1067
1089
1450
1506
1663
1867
204
342
439
452
583
875
900
956
1161
1902
2001
2026
2042
2047
224
267
492
534
539
1117
1133
1159
1367
1419
1622
1640
1678
1728
1908
2018
11
32
88
113
124
146
248
333
373
435
648
1091
1172
1319
1424
1556
1800
1959
4
106
131
806
962
1027
1035
1119
1538
1875
1891
1975
113
226
406
533
542
681
869
1069
1136
1229
1396
1637
1697
13
109
570
661
800
914
995
1166
1232
1297
1462
1478
1733
1882
2015
132
257
387
507
575
703
721
728
855
1180
1269
1302
1313
1329
1438
1503
1885
1944
1989
192
228
255
275
427
487
637
779
1101
1332
1403
1467
1484
1500
1625
1863
2017
147
158
259
407
523
534
537
616
649
1030
1086
1105
1167
1463
1540
1591
63
179
220
579
927
1179
1293
1376
2009
39
115
170
252
320
563
864
1029
1040
1104
1405
1409
1417
1576
1632
1913
41
61
136
365
492
611
641
758
916
1112
1506
1553
1557
1656
1694
1828
1878
167
571
597
695
751
788
845
891
901
990
998
1206
1688
1748
1808
1812
1942
245
251
255
299
480
680
780
792
796
853
860
1076
1231
1356
1395
1425
1713
1845
68
196
242
687
715
812
825
935
992
1040
1194
1248
1272
1394
1522
1772
1801
1855
1874
104
157
167
203
304
422
547
690
720
828
1304
1522
1665
1885
2021
2
23
48
206
355
419
460
499
532
777
850
1063
1111
1389
1526
1685
1886
59
93
262
477
505
627
771
935
969
1010
1133
1386
1497
1630
62
79
340
517
600
714
754
882
948
984
1314
1408
1703
64
303
338
449
551
1061
1160
1384
1447
1475
1543
1620
1778
1857
1879
1933
137
171
326
630
800
1135
1169
1207
1487
1509
1798
1871
273
315
462
486
549
723
996
1472
1477
1673
1835
57
163
277
495
521
708
922
962
1146
1314
1339
1545
1915
1992
263
342
691
773
794
873
921
927
979
1291
1680
1870
151
169
365
552
592
668
803
1034
1059
1299
1477
1491
2033
32
241
332
448
744
845
852
897
918
1093
1304
1309
1531
1686
1974
2030
12
205
369
433
474
503
669
825
1196
1335
1473
1509
1526
1548
1584
1624
1805
1982
2022
85
95
496
546
770
879
1007
1019
1114
1127
1226
1535
1549
1667
1780
1838
1849
1956
36
42
510
646
692
911
1252
1253
1410
1461
1482
1708
1753
1899
1950
2000
2002
168
326
329
358
370
640
655
1037
1323
1341
1460
1469
1623
1693
1710
1783
2035
138
331
413
652
867
908
1308
1325
1551
1770
1809
62
207
608
648
729
788
829
853
1173
1547
75
248
405
496
625
695
697
798
844
992
1034
1153
1417
1512
1523
1852
1993
46
715
716
786
958
1164
1216
1337
1617
1906
2001
35
163
176
288
290
523
653
665
896
930
1048
1237
1274
1380
1682
1816
1839
1842
1888
453
458
613
704
877
1405
1457
1581
1744
1889
2013
37
53
149
781
1072
1209
1361
1539
1745
1860
1892
1958
1960
292
412
460
481
522
559
753
986
994
1114
1600
1693
1784
1832
1992
2004
2017
8
45
162
500
678
741
746
900
1000
1045
1251
1760
1793
1954
2037
65
183
490
626
689
816
1142
1258
1453
1545
1594
1605
1683
1694
1761
1972
247
294
384
397
555
1059
1432
1498
1612
1723
1769
1887
2004
2019
513
554
747
771
896
1111
1128
1187
1282
1524
1533
1556
1584
1704
1991
24
452
573
592
657
791
820
869
905
939
1158
1303
1531
1811
1849
140
233
271
297
301
568
613
662
1009
1247
1262
1631
1718
2012
27
122
327
341
700
716
754
1137
1204
1312
1320
1376
1418
1570
1871
1938
166
203
313
443
501
508
541
827
891
1261
1440
1623
1784
1979
2029
19
82
233
722
1027
1151
1236
1322
1437
1565
1715
345
358
849
857
894
942
1293
1322
1424
1449
1514
1669
1805
2006
79
100
212
328
826
847
852
926
1107
1539
1567
1577
1846
1906
295
299
349
660
725
765
830
1092
1209
1270
1418
1577
1870
148
498
646
665
974
1164
1167
1505
1850
1949
1965
73
199
412
415
467
638
717
758
839
865
866
1104
1454
1619
1648
41
273
548
637
883
998
1047
1175
1867
2024
14
162
216
260
413
428
767
849
858
924
1031
1403
1431
1442
1738
1842
1919
1936
2019
280
322
351
457
729
833
835
884
912
1039
1139
1214
1540
1664
1741
1931
1950
143
211
472
634
636
696
887
965
1100
1785
1880
1912
108
190
206
251
264
289
305
344
463
541
565
652
682
1070
1228
1249
1253
1317
1491
1558
1664
1717
1754
1860
13
42
172
336
491
513
517
625
675
983
1190
1455
1606
2016
2026
46
48
611
737
831
1033
1072
1390
1463
1638
1678
1819
1996
8
288
426
569
623
668
800
865
1343
1482
1546
1695
1862
55
58
171
212
307
352
594
1009
1022
1159
1464
1470
1488
1645
1924
92
367
765
974
1099
1127
1171
1590
1768
1916
347
615
745
909
962
1094
1182
1325
1422
1581
1631
1679
1916
1968
172
390
518
643
828
1123
1139
1459
1569
1753
1799
1861
208
421
697
949
1197
1204
1232
1371
1491
1587
1672
1674
1927
5
30
184
186
364
671
762
994
1249
1939
127
176
318
356
443
581
671
693
808
874
991
1543
1642
555
714
733
1072
1270
1279
1327
1358
1652
1796
1822
1941
1968
2045
86
326
478
651
683
798
1206
1248
1309
1412
1416
1526
1528
1629
1689
1714
1910
199
239
314
854
867
1154
1155
1211
1303
1369
1443
1481
1508
1620
1727
1738
143
836
1023
1249
1259
1421
1427
1456
1493
1547
1568
1667
1973
2007
1
14
29
43
57
75
87
108
121
138
150
164
184
198
217
232
246
261
272
292
309
325
339
353
371
385
401
416
432
450
462
476
491
505
520
533
549
563
580
596
608
616
623
639
653
668
681
694
709
722
733
749
765
779
792
805
821
835
851
865
881
891
905
920
929
942
961
971
984
1003
1017
1035
1048
1065
1080
1099
1112
1128
1142
1160
1173
1190
1204
1225
1242
1255
1266
1277
1288
1304
1318
1330
1346
1364
1380
1397
1414
1428
1437
1449
1462
1479
1496
1508
1523
1540
1553
1567
1582
1596
1608
1619
1636
1653
1667
1680
1687
1702
1717
1729
1737
1754
1766
1785
1803
1816
1827
1836
1850
1865
1879
1897
1910
1929
1946
1960
1976
1994
2006
2019
2034
2053
2070
2086
2095
2111
2128
2145
2163
2182
2197
2214
2228
2241
2257
2269
2280
2294
2306
2319
2335
2354
2372
2389
2406
2417
2427
2444
2455
2474
2485
2498
2515
2530
2546
2560
2575
2590
2604
2620
2635
2646
2660
2674
2687
2698
2713
2723
2742
2759
2771
2795
2810
2823
2836
2851
2861
2875
2887
2900
2910
2923
2937
2954
2970
205
2048
3232
187
472
574
659
848
946
953
1017
1109
1202
1218
1285
1370
1414
1862
1895
2038
66
107
395
410
703
914
1020
1050
1218
1330
1416
1620
1651
1664
1940
2016
27
428
582
595
685
700
752
753
869
922
1067
1117
1121
1317
1830
1987
35
80
158
180
711
950
1091
1102
1173
1320
1346
1379
1391
1429
1805
1911
1970
2005
2041
73
183
246
262
306
348
481
569
581
644
694
714
861
964
1145
1152
1389
1523
2014
143
261
461
856
930
1180
1258
1343
1541
1747
1838
1852
1927
118
170
567
610
631
726
933
1003
1006
1027
1401
1678
88
608
633
1012
1165
1167
1175
1380
1556
1621
1850
1851
1961
1967
1984
2015
288
446
507
523
533
672
738
818
858
898
1492
1495
1506
1542
1662
1687
1698
1776
138
580
917
931
940
1006
1108
1110
1112
1365
1376
1518
1944
199
211
372
592
699
838
1185
1275
1297
1478
1486
1817
1841
1921
1930
1957
643
692
840
898
1042
1070
1104
1142
1514
1601
1642
112
271
365
590
833
971
999
1156
1329
1475
1489
1492
1734
197
385
400
528
555
696
814
823
872
1008
1051
1081
1157
1470
1580
1666
1701
1758
1790
1935
1989
59
176
335
478
509
649
671
744
869
940
1126
1240
1364
1926
178
257
315
351
366
386
439
574
750
1026
1103
1234
1245
1287
1767
1933
707
709
752
875
1191
1264
1609
1819
1843
140
182
243
299
549
629
730
850
859
977
1176
1210
1222
1223
1446
1496
1502
1526
1532
1611
1688
1777
118
464
560
621
724
924
1052
1262
1528
1705
1711
1738
1814
1871
1933
227
277
376
463
498
743
812
826
841
1027
1084
1153
1250
1251
1261
1309
1383
1968
241
468
727
734
735
932
1119
1222
1467
1480
1614
1646
1865
1998
5
29
334
411
431
514
537
843
937
1038
1276
1419
1480
1608
1697
1988
67
74
155
594
649
737
819
886
1003
1215
1481
1494
1757
1863
1889
2037
7
140
200
495
644
650
779
800
912
1477
1519
1522
1555
1565
1820
1901
1960
17
58
391
757
988
1221
1384
1458
1672
1774
1895
867
961
1000
1035
1215
1245
1356
1428
1429
1434
1672
1699
1927
269
381
492
800
904
1168
1386
1504
1599
1788
1841
1913
39
587
599
917
1030
1049
1097
1449
1593
1684
1788
1824
1932
1968
82
269
563
599
954
1454
1676
1727
1736
1739
1885
1905
1944
2044
115
133
317
411
427
623
626
708
820
880
1247
1379
1404
1408
1573
1910
17
216
289
529
611
670
844
1011
1360
1450
1555
1731
75
255
319
328
400
465
607
648
892
1104
1155
1312
1390
1570
1619
1700
1819
1964
41
43
440
462
475
652
656
835
839
905
932
943
947
1255
1591
1632
1696
1793
2023
16
361
591
788
1013
1144
1211
1235
1246
1412
1460
1496
1594
1597
1825
1964
2021
71
128
475
509
710
890
953
986
1199
1288
1368
1733
1849
1982
1994
2001
127
364
449
711
990
1083
1107
1402
1438
1499
1521
1589
1712
78
130
208
511
707
773
896
965
1036
1259
1856
2017
96
312
483
559
818
964
1077
1221
1328
1358
1440
1530
1574
1738
1746
1796
1862
1976
227
287
316
334
533
566
618
763
919
963
1009
1352
1422
1431
1620
91
134
191
238
271
449
854
1092
1284
1298
1308
1448
416
662
788
1073
1107
1311
1357
1370
1577
1787
1848
1910
105
113
836
852
899
1100
1287
1300
1326
1491
1702
1859
1981
80
277
540
642
678
736
858
1140
1219
1318
1547
1621
1752
1975
2007
219
227
300
340
641
721
913
918
1200
1516
1536
1627
1652
1656
1914
1917
2032
5
110
290
570
632
693
695
740
802
908
923
1012
1035
1044
1114
1148
1312
1381
1606
120
600
754
1049
1176
1180
1230
1313
1317
1387
1538
1893
1895
1923
7
125
296
515
533
745
757
782
804
814
868
1043
1308
1404
1487
1584
1604
1663
1702
1955
196
238
325
766
824
1040
1058
1162
1586
1596
1598
1611
200
292
352
439
754
932
1263
1375
1786
1996
130
222
417
418
440
461
567
794
875
917
951
1016
1166
1822
353
550
558
568
586
749
1102
1174
1344
1385
1409
1582
1595
1948
1978
3
107
177
304
522
608
923
963
1208
1484
1524
1712
1864
1907
182
346
442
456
510
751
778
789
849
954
978
1014
1016
1029
1033
1243
1391
1470
1870
2019
115
273
939
1018
1146
1224
1312
1338
1699
2024
2030
221
274
333
351
536
615
1025
1308
1551
1575
1651
1693
1851
153
232
825
835
852
962
1060
1094
1147
1233
1456
1724
1843
2028
55
264
623
720
721
732
909
1017
1031
1226
1266
1277
1294
1322
1375
1402
1541
1616
1874
236
259
355
371
579
612
807
894
1042
1198
1242
1332
1510
1572
1775
1970
192
233
633
826
906
952
981
1159
1190
1696
1755
2042
92
456
664
706
731
893
1115
1132
1289
1354
1357
1412
1799
1917
156
169
323
556
609
746
762
967
1032
1060
1224
1509
1579
2032
157
222
262
383
596
608
683
992
998
1045
1066
1129
1298
1623
328
368
528
637
1072
1123
1296
1315
1354
1976
73
329
571
942
984
992
1010
1025
1513
1753
1763
1976
57
98
208
503
586
592
743
817
830
948
1068
1099
1131
1141
1149
1670
2020
2027
158
195
275
427
505
675
723
725
906
984
1172
1293
1418
1522
1637
368
477
635
652
745
1067
1069
1124
1289
1311
1424
1443
1549
1759
2002
2012
2017
56
496
519
579
629
1065
1138
1215
1466
1520
1571
1641
1793
1892
1978
33
191
193
261
297
330
969
1061
1105
1207
1214
1709
1784
1894
2032
52
100
201
223
224
396
1126
1164
1169
1212
1382
1760
1800
1908
97
321
441
617
760
890
999
1121
1343
1423
1426
1486
1954
12
36
123
177
577
809
948
1041
1092
1126
1396
1457
1477
1635
1748
1804
2023
2030
161
195
217
447
512
526
729
791
853
1099
1125
1245
1279
1740
1819
19
182
205
503
593
678
805
934
1125
1497
1571
1647
1664
8
116
127
320
386
398
420
447
534
617
621
793
1238
1340
1345
1427
1434
1500
1749
12
97
134
294
513
583
646
771
899
1000
1498
1540
1626
1720
1746
1899
1953
308
392
512
544
564
602
895
947
969
1051
1237
1315
1321
1615
2026
73
172
276
294
511
540
552
884
1021
1179
1190
1908
162
200
375
597
772
874
1149
1622
1686
1743
1811
1834
2016
8
17
202
352
414
556
808
823
832
1110
1133
1513
1524
1525
1556
1607
1673
1692
1802
49
203
378
459
525
545
571
587
630
853
1089
1195
1196
1253
1373
1520
1579
301
341
388
390
566
668
767
855
915
1113
1235
1497
1756
1772
2013
2027
382
737
927
973
1019
1091
1394
1420
1452
1607
1612
1613
1736
1828
1872
1886
193
254
304
372
475
515
728
888
1239
1257
1269
1504
1777
42
93
230
957
1228
1324
1371
1604
1623
1661
1826
1828
1869
1935
2026
2048
230
252
286
330
454
737
942
1278
1291
1359
1504
1532
1609
103
209
592
611
619
722
765
945
1051
1167
1282
1376
1481
1526
1781
1943
175
323
542
596
681
790
894
1156
1293
1642
1839
1856
2046
57
119
477
694
776
888
922
1148
1227
1306
1328
1335
1433
1703
1733
1998
2018
87
583
840
1023
1204
1303
1493
1558
1655
1839
26
161
413
426
761
769
848
879
1154
1184
1570
1632
1675
1714
1806
2028
150
154
203
573
1025
1057
1065
1202
1419
1439
1515
1928
1931
74
114
146
160
260
423
498
641
663
1129
1316
1646
1718
1769
1925
1980
2029
34
54
63
90
188
252
388
476
664
685
772
835
1093
1335
1415
1815
1938
1999
2019
377
386
448
600
1136
1197
1231
1407
1951
1984
44
330
369
435
452
572
577
1095
1241
1768
1843
1877
1983
2002
2025
14
96
124
169
206
261
585
657
741
895
934
1028
1037
1046
1254
1256
1374
1429
1510
1585
1879
1903
1974
405
457
708
709
1263
1455
1668
1818
1854
1956
2014
2047
2
124
263
662
674
816
878
1063
1083
1252
1430
1743
2026
2044
32
214
222
231
291
307
355
497
720
790
795
886
908
970
979
1188
1276
1346
1809
1858
1
12
100
114
269
356
627
710
960
1155
1165
1203
1325
1482
1545
1584
1630
1703
1791
1826
1950
1951
2003
95
290
512
697
771
806
1005
1206
1299
1314
1337
1386
1457
1465
1761
29
164
277
295
296
433
472
530
535
766
796
859
934
1078
1205
1347
1433
1518
1745
1902
58
69
162
241
562
632
655
725
990
1011
1154
1198
1836
1964
69
240
321
377
547
602
605
645
912
1298
1433
1609
1670
1735
1804
34
86
136
504
675
785
910
936
1105
1493
1568
1619
1787
1899
2047
21
81
209
278
347
521
642
667
669
770
862
973
1314
1406
1435
1519
1628
1845
72
143
245
284
322
551
841
870
1060
1199
1284
1371
1618
1658
1679
168
258
430
530
669
782
817
1037
1098
1251
1283
1323
1553
1561
1669
345
375
540
545
798
879
970
1061
1212
1353
1435
1543
1551
1911
61
294
312
458
478
504
734
922
1341
1413
1458
1559
1615
1636
1906
2044
85
101
187
233
292
646
680
759
804
809
811
1119
1213
1435
1444
1452
1658
1937
106
128
165
239
332
497
546
572
578
606
803
876
901
913
972
1015
1182
1377
1560
1767
1825
1826
157
202
379
535
668
758
760
975
1134
1363
1366
1498
1798
30
147
474
927
977
1103
1137
1342
1410
1439
1566
1682
1726
1849
1870
1992
116
165
228
339
526
607
765
815
893
1152
1381
1462
1536
1556
1671
1872
1882
1922
1966
2033
401
568
606
698
805
1358
1387
1400
1442
1508
70
367
473
565
839
1397
1447
1715
1741
1785
1831
1836
1868
1873
1920
85
109
119
168
313
410
451
622
697
1235
1280
1356
1786
83
142
197
302
609
699
818
896
1075
1325
1453
1483
1531
1754
1866
3
159
353
494
850
892
965
1094
1192
1347
1423
1508
1592
1655
1832
1877
1929
1938
1974
2030
9
99
144
595
722
802
822
834
837
987
1294
1502
2020
224
406
443
466
604
672
703
729
731
780
820
909
1484
1502
1597
1711
1835
1962
49
135
273
493
529
733
955
1008
1053
1064
1166
1487
1569
1655
1837
1844
1880
121
181
215
276
287
374
561
675
770
903
962
1024
1042
1170
1338
1611
1723
1792
1847
1854
1937
171
250
451
468
479
659
701
705
1054
1407
1505
1619
1681
1814
1820
126
357
365
503
506
745
1201
1357
1388
1401
1413
1544
117
188
286
684
958
983
1008
1014
1082
1341
1547
1610
1656
1659
1718
2031
52
296
451
476
630
779
935
1127
1135
1211
1339
1348
1458
1459
1796
1856
1959
2031
152
157
385
455
624
672
692
901
918
995
1143
1285
1286
1364
1403
1529
16
188
298
344
377
428
551
583
596
712
761
822
980
1084
1159
1223
1345
1374
1533
1562
1586
1638
1914
243
325
368
392
502
531
613
796
898
921
994
1004
1178
1251
1385
1627
1686
1952
1983
43
104
220
543
553
995
1038
1095
1306
1351
1423
1516
1653
1783
1850
1963
1977
205
210
360
489
601
743
938
1047
1129
1249
1273
1519
1581
1602
1648
1909
51
575
633
661
695
911
1351
1360
1485
1496
1560
1636
1795
1823
102
110
485
660
847
1119
1378
1581
1585
1682
1688
1741
1767
2003
63
160
408
813
995
1070
1074
1128
1192
1273
1801
1887
1920
62
307
318
319
566
881
1036
1280
1608
1827
1912
2008
29
76
81
103
147
265
310
381
440
513
719
728
916
1082
1130
1503
1666
1715
1850
1986
2029
265
306
485
582
744
1026
1034
1342
1414
1634
1693
13
117
363
856
943
968
1076
1132
1172
1402
1463
1469
1695
1731
1755
1848
1969
121
412
461
594
913
1117
1302
1596
1647
1696
1742
1834
1940
231
272
389
413
470
516
591
598
628
759
1568
1601
1640
1838
1875
1900
21
229
231
270
601
948
983
1200
1263
1437
1707
1708
52
186
301
636
638
640
715
772
1074
1380
1397
1408
1421
1656
1658
1712
1787
1955
1993
1
8
96
147
198
226
342
571
597
706
797
815
860
1333
1418
1459
1573
1668
1681
1995
552
666
729
944
958
1022
1166
1193
1384
1428
1513
1701
1707
1775
1806
1875
1883
1889
1937
30
129
213
235
575
623
849
868
1064
1364
1374
1610
1660
1975
65
108
162
260
324
466
619
1013
1339
1550
1554
1565
1878
1903
1932
1985
2001
247
293
425
441
586
891
941
981
1286
1320
1427
1430
1523
1525
1812
1949
2018
124
305
309
394
453
516
624
673
791
861
959
1101
1130
1154
1297
1593
1919
150
402
421
550
864
1002
1295
1376
1417
1461
1600
1719
1724
1772
1854
1945
201
318
349
366
389
400
487
702
810
900
1144
1238
1299
1399
1441
1721
1873
1901
1942
2010
39
283
646
755
872
1035
1348
1661
1890
103
373
422
650
778
986
1021
1088
1196
1216
1327
1613
1867
1925
1953
20
38
99
112
220
317
402
727
1006
1078
1105
1146
1164
1317
1412
1450
1569
1592
1864
1919
64
474
482
614
673
682
747
784
897
929
962
1274
1359
1510
1598
1657
1742
1745
1753
1795
1842
1983
2004
155
225
691
914
1007
1142
1290
1485
1805
1822
1869
1957
258
268
329
331
356
454
518
545
573
588
842
855
891
902
928
1471
1573
1614
1891
65
77
311
397
488
559
603
627
739
812
1023
1267
1269
1422
1531
1602
1742
42
55
244
384
396
657
731
733
765
876
1486
1546
1584
1662
2016
36
173
363
395
723
1243
1489
1543
1549
1563
1581
1595
1628
1671
1934
2027
62
273
530
627
637
691
991
1342
1479
1495
1507
1589
1621
1622
1823
1981
2002
4
285
322
337
370
395
582
674
795
985
1085
1163
1338
1409
1644
1939
135
156
265
289
405
484
569
787
1250
1292
1511
1525
1535
1585
1749
1750
1763
1776
1831
72
300
342
398
468
546
625
813
920
993
1048
1066
1158
1189
1277
1328
1352
1817
1852
1900
55
120
216
342
463
547
622
700
847
1092
1432
1588
1701
1750
1752
416
539
1077
1182
1327
1392
1481
1618
1753
1818
1972
1993
2034
219
235
259
393
515
581
600
955
1055
1177
1250
1448
1788
1860
1896
1909
27
110
172
267
639
759
938
955
967
974
1373
1406
1445
1540
1923
28
61
218
288
350
361
911
1333
1387
1803
1946
51
215
251
417
495
508
879
1133
1309
1567
1677
1875
1909
1954
68
79
206
239
291
485
602
860
951
1053
1098
1231
1603
1876
1920
24
54
80
106
417
455
551
701
752
774
1370
1479
1526
1599
1659
1759
1962
1967
2021
2023
300
587
670
719
724
838
965
1028
1442
1577
1727
1818
1878
1908
84
192
208
213
276
339
398
499
687
700
786
949
1062
1335
1343
1693
1759
1989
10
49
253
479
680
782
887
1022
1170
1178
1399
1454
1483
1594
1623
1625
1761
1771
1881
1939
2009
2039
48
156
204
234
542
588
692
741
880
959
1140
1258
1322
1436
1487
1590
1635
1636
1638
1666
3
9
195
248
283
359
521
523
620
893
978
1087
1398
1595
1605
1688
1755
1757
1813
35
90
317
505
521
636
726
775
996
1064
1453
1463
1590
1659
1665
1832
1886
1
180
251
437
527
822
1018
1191
1201
1205
1336
1424
1456
1575
1647
1713
1898
2013
181
359
407
736
739
799
868
870
1208
1509
1516
1916
1986
2037
33
36
179
345
367
441
598
824
896
942
968
1260
1356
1576
1766
1918
2006
387
407
480
490
576
612
848
924
1426
1576
1640
1704
1810
50
266
438
576
643
749
946
989
1198
1205
1501
1530
1643
1691
1725
1741
2009
46
113
119
190
194
198
483
560
601
696
994
1147
1626
1641
1697
1728
1754
1813
1833
1846
1853
1879
53
154
219
270
306
614
724
1030
1086
1124
1136
1279
1462
1517
1694
1861
1888
41
207
408
488
538
557
829
901
1063
1111
1321
1679
1691
1841
1901
167
190
251
346
402
453
543
549
710
797
921
985
988
1069
1432
1756
1989
2046
28
71
340
638
915
1189
1287
1318
1366
1466
1780
1926
1974
1998
101
266
371
460
660
975
1075
1220
1267
1440
1465
1511
1575
1737
1904
1910
1981
57
89
120
278
341
449
519
553
628
636
866
976
1046
1216
1275
1361
1482
1509
1554
1807
1837
1868
246
255
293
354
480
491
570
670
1131
1191
1240
1337
1518
1539
1648
1667
1675
1789
1799
1842
1952
1980
26
53
174
204
341
361
378
380
383
403
544
585
693
801
827
1151
1515
1528
1602
1941
86
176
305
336
486
748
933
1122
1247
1274
1275
1331
1676
1684
1768
1939
1940
10
14
48
122
247
472
502
931
1098
1212
1442
1506
1769
1958
1959
322
560
695
774
928
1137
1167
1236
1243
1272
1336
1372
1737
1748
1827
59
715
850
953
954
991
1139
1252
1256
1456
1506
1802
1899
88
104
199
393
735
827
830
856
918
1030
1234
1806
1936
13
183
401
520
794
851
1052
1192
1225
1397
1427
1816
1830
1859
1960
1965
196
339
473
562
617
720
1178
1194
1233
1564
1839
78
257
335
403
445
489
502
519
589
597
733
799
1087
1150
1355
1363
1882
1979
105
320
383
616
648
747
758
930
970
1041
1043
1133
1232
1267
1490
1542
1552
1612
1897
91
384
479
742
780
886
897
1020
1034
1173
1438
1444
1563
1665
1915
64
158
184
390
940
1068
1474
1477
1539
1747
1762
1779
2000
2007
2010
1
18
34
50
69
88
101
113
129
147
160
176
187
200
221
235
251
260
282
297
315
329
345
361
378
389
402
414
428
442
458
470
488
507
524
540
553
565
583
598
610
622
635
650
667
686
700
720
732
742
756
771
785
805
816
829
843
862
878
890
904
918
932
942
954
972
987
1004
1019
1034
1048
1061
1079
1094
1107
1126
1143
1158
1170
1183
1202
1219
1235
1251
1264
1280
1293
1309
1322
1339
1349
1365
1378
1395
1414
1424
1439
1462
1474
1488
1508
1531
1546
1566
1580
1595
1610
1628
1643
1658
1672
1688
1706
1728
1741
1757
1777
1787
1802
1815
1830
1850
1863
1881
1898
1919
1934
1946
1962
1980
1996
2019
2038
2055
2071
2085
2099
2112
2124
2145
2156
2173
2186
2202
2214
2233
2253
2272
2286
2303
2320
2337
2353
2373
2382
2397
2417
2440
2452
2471
2488
2503
2519
2536
2552
2571
2591
2606
2619
2635
2650
2661
2675
2690
2710
2724
2742
2764
2784
2803
2820
2838
2852
2869
2882
2899
2921
2938
2953
2971
2985
3002
3024
3046
3066
3083
3098
3113
3126
3139
3155
3166
3184
3203
3218
205
2048
3161
35
320
824
947
988
1013
1193
1391
1412
1586
1705
1774
1961
123
131
137
142
279
610
831
1108
1157
1361
1574
1751
1810
1997
261
391
535
637
675
692
841
951
952
1142
1182
1219
1357
1388
1466
1595
12
376
386
718
866
1264
1340
1543
1712
1764
91
226
324
532
609
864
1429
1470
1595
1659
1864
2003
2041
65
71
428
446
554
599
639
978
1077
1189
1227
1341
1521
1598
1640
1772
1889
189
213
220
585
617
643
973
1051
1055
1202
1311
1337
1464
1668
1746
1762
1945
308
674
713
928
944
999
1064
1124
1747
1795
1887
1986
50
178
198
372
403
502
642
733
983
1176
1234
1386
1863
325
464
469
492
627
727
780
920
976
1183
1222
1234
1661
1670
1733
1843
1852
1934
2022
242
340
603
675
732
923
976
1023
1241
1370
1476
1689
1831
1853
1926
2028
42
389
556
614
706
1085
1095
1097
1174
1227
1366
1502
1511
1515
1538
1552
1703
1705
1809
1928
120
243
327
404
512
726
743
814
866
972
1346
1484
1497
1616
1683
1697
1842
1857
35
160
228
298
350
530
902
1062
1096
1144
1470
1936
336
476
506
1032
1060
1065
1186
1282
1474
1720
1820
1990
12
26
411
566
572
595
657
895
1239
1390
1430
1492
1565
1801
66
129
145
174
319
668
743
768
856
957
1045
1069
1300
1361
1503
1541
1654
1804
1815
1941
1990
188
268
913
1213
1420
1481
1495
1778
1991
2045
34
85
302
435
612
801
1013
1088
1227
1290
1305
1682
1706
1880
166
253
287
537
773
904
1018
1050
1068
1130
1211
1301
1324
1911
15
26
169
250
446
447
459
650
690
750
968
1132
1194
1286
1371
1610
1869
1905
59
77
83
371
585
616
936
1103
1148
1150
1326
1478
1489
1786
1872
2012
187
404
417
466
477
582
590
752
1015
1086
1095
1388
1425
1624
1642
1768
1804
8
97
254
391
464
484
613
1284
1338
1385
1604
235
493
575
604
656
758
1010
1011
1060
1202
1228
1435
1444
1790
1827
1877
402
571
586
674
759
799
862
982
1184
1346
1608
1787
1826
1833
1927
1960
1979
2030
87
144
148
211
702
783
861
970
1017
1076
1648
1728
1789
1815
1914
1976
31
254
543
606
644
796
1094
1251
1360
1371
1413
1479
1639
1803
1966
2011
45
77
133
283
366
401
764
978
979
996
1059
1074
1181
1248
1286
1402
1707
2036
180
195
289
959
1053
1101
1119
1194
1284
1606
1659
1766
1813
1908
2032
426
453
526
676
679
696
714
910
1033
1113
1264
1356
1377
1596
1611
1759
1918
51
133
280
681
723
815
857
862
1127
1183
1364
1564
1578
1841
1976
110
455
569
580
1184
1347
1452
1830
1866
1877
53
75
154
241
286
547
591
624
1002
1098
1118
1214
1280
1387
1418
1668
11
198
472
524
774
833
939
1302
1435
1524
1814
1823
394
483
566
738
785
834
890
1165
1191
1316
1328
1586
1872
1910
1987
73
238
277
381
462
635
684
981
1118
1180
1484
1704
1722
1733
1879
1928
1961
1968
92
216
373
409
564
920
1133
1566
1617
1747
1981
1
29
150
205
267
304
524
621
1024
1165
1297
1542
1605
1796
1902
1977
1989
2014
87
129
388
504
633
751
793
889
975
1229
1572
1594
1774
1951
361
497
884
945
956
1046
1153
1166
1255
1269
1487
1561
1584
1605
1814
1837
1909
2041
198
311
878
911
975
984
987
1210
1295
1407
1441
1552
1615
1730
1732
1750
1818
1969
43
139
316
355
509
527
628
837
1079
1621
1677
1687
1711
1823
1915
1931
2007
165
400
403
624
731
813
976
1005
1010
1035
1149
1283
1506
1904
293
527
566
612
746
979
1001
1100
1210
1300
1671
1773
1957
110
125
147
149
201
246
343
565
674
756
915
1008
1037
1136
1161
1285
1383
1530
125
191
337
351
369
397
443
506
1134
43
131
213
556
586
835
1007
1218
1233
1285
1452
1497
1507
1640
1707
1798
1980
269
334
372
427
469
478
562
782
960
1005
1106
1115
1394
1428
1609
1669
1823
1827
1993
1995
29
93
354
408
420
542
582
719
832
871
887
1091
1266
1330
1678
1998
62
202
423
622
848
892
941
958
1037
1177
1345
1455
2006
63
95
244
316
434
493
678
947
1205
1307
1499
1706
1723
1731
33
43
47
102
501
574
685
944
1224
1373
1559
1658
1663
1826
1856
10
25
713
745
907
1155
1275
1279
1282
1322
1339
1383
1499
1639
1694
1865
138
314
352
589
762
857
925
967
1081
1105
1219
1345
1438
1577
1619
1824
1853
1890
103
185
209
265
301
347
676
774
924
1077
1083
1254
1267
1603
1734
1849
1920
366
434
436
558
633
757
1142
1151
1225
1430
1650
1722
1877
160
205
396
514
554
576
579
588
595
643
661
720
763
981
1395
1579
1848
2000
41
74
116
134
191
663
717
1160
1290
1318
1411
1666
1753
1999
63
224
364
430
461
664
843
889
1097
1141
1237
1409
1575
1645
1775
1801
1859
2038
267
526
548
649
698
903
953
1164
1197
1296
1362
1574
1646
1719
1848
1896
1976
266
460
536
823
886
1036
1143
1162
1181
1231
1381
1527
1535
1579
1611
1691
1945
1957
80
118
330
418
699
739
946
1044
1140
1147
1192
1261
1445
1479
1756
1857
1921
1978
1985
188
204
357
688
701
769
949
1093
1238
1368
1450
1610
1623
1836
1891
1917
2031
5
86
270
641
778
973
1094
1124
1160
1268
1473
1589
1673
1802
1919
72
429
454
491
601
605
700
782
842
854
1156
1302
1448
1565
114
202
208
275
360
584
634
934
1193
1278
1306
1530
165
395
552
894
1123
1335
1443
1529
1878
1911
1922
25
159
231
357
379
503
511
572
1079
1126
1926
1940
1957
154
170
309
340
488
807
811
854
1145
1185
1220
1268
1359
1457
1676
1833
1920
20
405
628
738
755
832
875
931
1011
1067
1078
1186
1298
1428
1592
1989
79
442
792
977
1055
1363
1368
1451
1477
1527
1609
1667
1855
29
127
167
186
363
432
897
959
999
1128
1207
1382
1396
1433
1742
1761
1898
2016
179
200
406
461
514
606
654
734
775
816
851
1061
1242
1250
1256
1392
1415
1650
1707
168
201
345
354
407
415
627
938
1018
1070
1665
1748
1972
23
159
345
606
882
1012
1373
1398
1445
1462
1516
1544
1626
1629
1929
107
208
456
768
985
993
1012
1054
1170
1298
1389
1688
1772
1972
107
591
599
610
799
817
841
936
1029
1200
1284
1291
1548
1560
1767
1924
1965
50
119
187
293
305
335
383
568
631
699
956
1063
1486
1684
1696
1714
1942
303
502
508
550
557
730
759
860
925
1040
1387
1483
1603
1846
2014
2025
255
330
375
447
494
560
1030
1042
1115
1292
1432
1581
1590
1873
2
37
40
132
173
189
331
377
502
682
824
1205
1336
1463
512
544
623
635
1082
1151
1153
1257
1315
1342
1527
1739
1882
2008
2034
22
126
166
200
325
652
1120
1152
1188
1364
1384
1402
1439
1639
1654
1925
1958
363
422
440
489
535
718
898
1057
1105
1114
1195
1296
1448
1820
5
20
48
64
81
430
436
454
562
640
734
740
917
1145
1180
1274
1757
1810
89
145
222
266
371
667
688
918
1089
1262
1291
1303
1375
1609
1776
1971
78
256
425
453
772
809
1006
1018
1204
1240
1429
1724
1832
1845
1888
1897
1914
2035
475
489
558
636
763
928
1092
1257
1332
1382
1499
1507
1727
1999
2004
47
154
218
261
295
317
321
346
400
457
738
764
1090
1244
1247
1530
1744
1793
1836
1896
2033
9
37
84
672
984
1053
1156
1215
1237
1320
1402
1531
1834
1855
1890
1935
44
146
231
265
272
274
285
599
665
846
879
1003
1050
1053
1143
1195
1353
1510
1632
378
390
507
526
622
687
725
896
951
1020
1341
1439
1571
1613
1645
1790
118
124
141
327
416
533
598
765
968
1331
1508
1670
1862
1948
1982
151
160
339
451
545
789
790
870
1058
1134
1150
1211
1315
1399
1520
1546
1550
1637
1793
1909
2011
108
175
219
317
757
834
921
961
1036
1078
1082
1440
1529
1649
1689
1690
1713
1780
1894
367
468
475
507
960
1276
1328
1452
1656
1943
2048
303
483
659
848
1011
1015
1064
1231
1310
1374
1490
1536
1764
1851
1894
2027
102
206
694
742
771
1174
1208
1235
1280
1334
1460
1607
1739
1994
2029
300
380
457
756
1024
1201
1241
1400
1451
1510
1674
1798
1840
1964
2013
2022
189
214
247
382
863
927
1314
1327
1423
1517
1770
77
182
187
306
515
536
684
1111
1120
1243
1320
1334
1519
1558
1662
1749
2
24
120
225
282
395
500
583
1020
1125
1307
1548
1587
2008
17
69
86
330
362
666
804
821
982
1087
1109
1174
1199
1414
1532
1635
1967
318
473
480
511
620
723
773
838
877
954
1276
1588
1606
1660
1701
1790
1803
119
142
152
381
544
593
709
885
1085
1217
1485
1583
1687
1742
1797
1806
151
240
504
581
622
1063
1125
1138
1185
1310
1381
1508
1731
110
143
188
221
271
375
438
628
776
1069
1120
1235
1340
1461
1467
1542
1653
1755
197
347
385
477
542
614
816
867
941
1052
1257
1758
1955
1980
70
115
196
296
450
603
618
781
784
950
1049
1116
1163
1169
1281
1329
1372
1728
1895
164
284
309
374
540
747
760
907
958
1137
1210
1358
1399
16
25
89
173
411
591
967
1559
1618
1632
1787
1911
1946
1964
132
144
417
638
734
802
809
868
1034
1519
1701
1806
1828
2015
32
196
210
237
262
397
416
664
878
1008
1349
1520
1534
1560
1563
1871
1926
171
284
333
596
620
716
819
919
1058
1099
1107
1140
1183
1190
1212
1552
1619
1636
1708
1781
237
767
1054
1113
1116
1319
1380
1703
1868
1927
1938
90
442
529
617
705
845
908
963
969
1096
1226
1255
1259
1388
1529
1570
1580
1719
1865
54
142
385
429
498
545
573
618
828
877
1055
1075
1135
1239
1702
1991
2002
254
348
440
532
602
662
697
709
834
870
1046
1163
1192
1347
1367
1376
1386
1925
33
113
240
319
521
539
590
919
950
952
1189
1228
1557
1782
1922
2042
199
294
368
829
1027
1138
1240
1351
1536
1699
181
214
276
376
451
467
498
601
848
996
1093
1245
1255
1608
1680
1781
1861
1914
21
217
450
632
639
684
746
776
938
1137
1353
1545
1554
278
302
401
455
517
623
766
1109
1140
1163
1379
1457
1483
1852
479
631
662
693
769
847
921
1099
1178
1492
1522
1699
1896
272
292
426
433
530
567
880
1001
1130
1147
1280
1308
1432
1580
1717
112
157
159
389
481
607
837
844
991
1041
1217
1222
1232
1370
1455
1482
1612
1737
1776
21
359
448
525
529
822
893
1057
1187
1258
1408
1536
1615
1758
1774
1813
2042
101
349
504
689
1103
1244
1475
1493
1554
1771
1812
1847
1884
232
238
282
470
726
888
989
1044
1229
1256
1585
1767
1856
246
290
693
747
929
955
1079
1206
1406
1439
1459
1944
691
736
826
871
879
1102
1333
1692
1875
1893
1962
2048
355
449
485
518
664
741
744
820
922
970
1736
1817
1880
3
257
465
564
691
840
959
1057
1273
1327
1462
1690
1730
1810
1902
1996
84
377
646
655
680
748
766
797
1243
1492
1722
1740
1843
1844
1886
1987
392
437
550
574
762
810
940
1250
1281
1344
1411
1464
1555
1614
1788
1817
2013
6
18
191
316
398
454
563
666
673
931
1407
1426
1467
1601
1765
1791
1964
2039
30
240
593
753
829
920
1048
1287
1330
1373
1391
1393
1406
1461
1490
1602
1763
1809
1876
1916
56
147
219
318
1200
1295
1328
1471
1532
1765
1837
40
90
245
380
390
403
481
510
712
1246
1263
1363
1444
1446
1480
1620
1630
1638
1660
1912
2036
153
281
329
610
656
703
850
997
1136
1244
1335
1416
1616
1920
15
67
285
323
441
444
772
805
855
914
1021
1028
1046
1450
1501
1544
1588
1821
2018
28
57
335
683
791
810
1078
1270
1326
1365
1512
1697
1712
1755
1761
1974
232
339
446
486
576
654
679
737
899
1262
1293
1496
1563
1711
1724
1746
1749
1821
1850
1962
111
136
190
274
366
478
737
1131
1144
1287
1355
1434
1732
193
243
424
1049
1100
1415
1495
1515
1604
1693
1875
38
328
373
383
948
1428
1668
1900
1973
120
306
394
832
1013
1076
1221
1283
1362
1441
1443
1562
1611
1874
1883
1949
36
76
211
452
635
1056
1213
1274
1321
1562
1767
23
488
711
741
945
985
1087
1338
1352
1375
1434
1440
1847
2005
152
429
438
729
847
876
1084
1121
1166
1188
1602
1735
1835
105
273
292
383
515
681
990
1292
1369
1698
1746
1853
1854
1905
1983
83
90
134
342
375
651
764
890
1325
1347
1535
1940
1966
212
242
323
434
439
467
505
506
645
703
740
843
978
991
1082
1514
1546
1702
1765
1777
15
221
522
686
815
1308
1312
1318
1344
1346
1458
1625
1671
1735
1932
2025
140
179
735
760
861
1077
1123
1207
1348
1391
1447
1524
2002
34
486
577
937
1260
1377
1453
1743
74
115
158
546
694
846
907
1240
1289
1434
1551
1829
1983
1984
2039
9
368
607
722
756
779
812
817
1214
1317
1356
1459
1633
1649
183
193
520
585
587
588
695
1080
1135
1420
1610
1615
1860
2016
18
156
185
319
462
782
812
926
1004
1026
1122
1397
1511
1635
1644
1738
1883
1947
2036
246
458
661
760
797
932
966
1019
1081
1355
1387
1541
1597
1631
1637
1655
1743
1795
1820
11
85
106
227
516
525
555
604
647
1016
1216
1324
1474
1528
1701
1743
1936
332
590
680
942
963
994
1016
1260
1366
1534
1553
1777
1786
1984
2019
100
161
325
410
898
1106
1191
1321
1601
1726
1797
1881
1939
1978
283
528
1212
1294
1429
1486
1513
1742
1779
1819
221
226
296
515
519
561
785
880
966
1000
1110
1173
1385
1509
1598
1679
1802
117
285
338
414
424
445
615
906
1233
1311
1379
1404
1569
1634
1818
1865
1958
1986
49
139
262
279
491
852
853
1071
1074
1305
1365
1400
1628
1869
1985
24
164
399
557
685
874
916
965
1060
1121
1146
1351
1709
1807
1913
1954
2029
4
33
57
114
219
386
393
420
531
533
827
930
1178
1199
1398
1423
1589
1698
1925
1999
135
190
230
739
795
943
1032
1316
1321
1384
1541
1566
1614
1913
1992
288
441
485
560
584
724
788
938
1537
1672
1720
1843
1919
1932
1952
1988
349
367
552
605
615
706
728
851
890
986
1212
1413
1763
153
237
360
469
677
881
1525
1591
1600
1630
1711
1740
1829
1903
1917
1970
2012
2034
30
175
414
872
881
999
1172
1296
1304
1368
1372
1590
1618
1791
111
300
456
468
531
586
707
780
902
1000
1176
1613
1986
31
227
276
331
743
863
1116
1286
1510
1537
1547
1596
1624
1828
394
431
565
654
794
1038
1144
1315
1556
1710
1907
2041
55
97
396
653
755
926
1021
1085
1243
1275
1305
1326
1595
1686
1917
1946
126
304
459
594
721
953
1131
1310
1458
1474
1551
1980
1993
2034
121
230
253
336
567
900
1379
1500
1651
1652
1721
1730
1890
1938
2020
2031
97
105
155
332
392
485
501
1475
1539
1593
1642
1750
1751
1754
1851
1971
2047
108
133
410
422
559
805
1035
1175
1189
1236
1342
1343
1407
1411
1414
1493
1653
1951
1963
39
164
264
470
802
838
901
1238
1397
1472
1490
1572
1663
1898
1950
1970
2001
140
296
479
571
579
949
1066
1191
1602
1769
1883
84
89
184
239
912
1014
1087
1378
1502
1661
1734
1870
1885
1930
2035
218
344
476
536
715
770
928
1056
1220
1265
1412
1513
1635
1710
2043
19
128
354
365
388
465
499
618
632
696
1215
1357
1889
66
209
363
379
490
553
789
836
843
880
1090
1169
1250
1271
1496
1585
1666
1681
109
241
245
258
284
423
885
948
1050
1089
1253
1447
1540
1876
1893
1944
2024
153
667
692
936
982
1030
1265
1396
1436
1557
1617
1785
2023
173
447
588
596
923
1108
1561
1563
1568
1658
137
474
596
632
690
784
888
957
1186
1299
1607
1744
1747
56
192
343
712
846
911
1102
1336
1468
1555
1592
1633
1670
2043
61
95
231
270
312
551
593
621
649
775
884
1132
1168
1218
1261
1469
1521
1627
2018
257
346
401
717
811
899
913
1117
1118
1219
1230
1350
1380
1392
1394
1700
1721
1727
1812
55
99
180
192
310
402
418
495
619
814
941
998
1066
1272
1661
1672
1750
1963
103
123
156
380
413
455
768
940
961
1032
1146
1226
1421
1460
1567
1641
1704
1825
2010
27
170
175
290
321
359
500
667
793
964
1102
1246
1289
1741
1834
1965
52
183
252
384
698
724
961
989
1017
1039
1071
1073
1299
1369
1393
1425
1442
1783
1858
98
107
409
483
726
837
915
923
950
1362
1437
1641
1735
1978
286
398
645
676
752
754
970
1182
1285
1338
1588
1749
1785
1983
46
52
91
163
195
234
250
357
387
600
641
827
865
963
1677
1780
1897
194
216
396
946
1014
1122
1138
1159
1168
1316
1480
1646
1716
1781
1805
1840
2020
2040
1
14
28
44
54
67
84
101
113
126
145
161
181
199
211
223
237
258
268
282
296
314
330
347
358
374
392
408
424
442
457
474
489
499
515
527
542
560
571
589
603
621
639
656
670
683
701
710
727
747
763
776
790
805
821
839
856
869
887
901
919
936
954
973
990
1005
1019
1031
1042
1055
1072
1088
1101
1119
1138
1151
1166
1180
1197
1214
1230
1244
1258
1273
1290
1304
1322
1338
1356
1371
1392
1408
1427
1443
1458
1479
1498
1509
1525
1540
1556
1567
1583
1597
1614
1631
1647
1660
1678
1692
1711
1724
1738
1752
1769
1789
1800
1819
1836
1854
1870
1880
1898
1911
1925
1938
1953
1972
1989
2002
2015
2027
2039
2052
2068
2084
2101
2119
2139
2150
2171
2185
2204
2220
2240
2253
2264
2273
2289
2300
2314
2327
2342
2355
2375
2391
2404
2412
2427
2441
2455
2474
2493
2510
2525
2539
2549
2566
2584
2599
2616
2636
2651
2667
2680
2698
2712
2725
2739
2751
2767
2781
2797
2814
2833
2850
2861
2876
2891
2904
2922
2939
2952
2962
2975
2989
3008
3027
3045
3064
3080
3099
3113
3127
3144
