1024
4096
12288
14
505
1732
1854
2200
2314
3043
3100
3638
3863
3882
3955
22
490
1268
1438
2647
2798
2934
3026
3136
3176
3276
3776
667
1524
1685
1897
2227
2522
2540
2747
3146
3363
3403
3673
15
64
226
451
597
1051
1485
1770
1890
2090
2142
2148
13
118
376
618
1102
1126
1561
2331
2719
2981
3302
3663
518
612
618
1529
1723
1905
2672
2674
2785
3608
3898
3979
473
748
1178
1844
2256
2350
2435
2627
3299
3914
3975
4088
519
695
918
1043
1488
1809
2244
2309
2665
2682
3185
3921
1241
1261
1508
1696
1888
1926
2217
2688
3102
3457
3790
3827
34
116
123
551
611
933
1168
3398
3409
3756
3765
4056
349
1223
1257
1377
1657
1753
2335
2784
2807
2881
3669
3896
262
531
1198
1199
1510
1840
1946
2115
2180
2836
3118
3624
77
544
872
1013
1025
1948
2067
2370
3023
3736
3737
3875
301
569
1448
1539
1678
1987
2136
2144
2162
3152
3198
3901
4005
931
1046
1054
1335
1865
2467
2505
2521
3617
3638
3996
186
1100
1450
1679
2087
2272
2515
2661
2773
3082
3290
3573
417
673
780
1002
1106
1322
1870
2128
2250
2298
3131
3196
3688
44
50
234
285
414
820
970
1348
1548
1918
2687
3271
886
1340
1500
1779
2457
2557
2652
2924
3149
3437
3766
3845
239
276
558
860
1242
1402
2095
2774
2998
3248
3397
3569
41
942
978
1581
2008
2028
2575
2842
3158
3541
3622
4019
6
753
870
1750
1994
2405
2512
2631
2804
3361
3697
3866
278
352
677
891
1010
1341
1409
1777
1921
3221
3521
3772
376
1740
2520
2724
2844
2867
2936
3270
3527
3607
3664
3739
561
688
911
987
1154
2132
2228
2355
2458
2539
2605
3546
177
464
974
1476
1972
2451
2657
2664
3390
3581
3971
4058
7
575
635
652
1039
1055
2556
2701
2728
2731
2953
3688
37
487
852
1008
1685
1752
2821
2844
2895
2952
3687
3977
85
448
468
1498
1638
2224
2644
2725
2805
2901
3498
3982
346
638
725
1353
1626
1662
2893
3066
3357
3358
3747
3859
59
508
608
1090
1170
1287
1903
2626
2783
3499
3578
3826
192
492
1484
1522
1574
1664
1681
2356
2728
2935
3417
3679
1237
1384
1428
1583
1922
1992
2599
2750
2787
2849
3060
3789
217
766
1077
1164
1227
1933
2231
2364
2483
3104
3848
4066
39
154
438
1143
1225
1227
1316
1826
2646
3150
3402
3450
3845
190
759
887
1028
1350
1545
2926
3198
3279
3373
3878
3939
327
463
991
1130
1508
1821
2911
3250
3370
3455
3887
92
255
890
964
1848
2109
2343
2795
2922
3250
3439
3475
3758
124
709
1318
1391
1474
1839
2149
2407
2412
2912
3014
3571
246
365
559
601
1101
1704
2350
2444
3070
3393
3968
3992
264
543
599
1601
1744
2308
2347
2366
2980
3013
3385
3553
159
328
426
653
1166
1614
1848
1888
3692
3765
3969
4014
75
100
191
391
1244
1596
1911
2132
2161
2516
2687
3918
484
1677
2078
2457
2596
2671
2685
2890
3059
3223
3288
3503
288
935
946
1088
1591
1600
1950
2185
2914
2941
3510
3824
272
512
910
1103
1488
1610
3161
3380
3425
3739
3777
3834
90
228
296
329
402
1912
2196
2511
3017
3142
3445
81
450
616
1143
1455
1551
2610
3268
3569
3699
3709
3891
381
1773
1962
2207
2295
2485
2542
3151
3427
3873
3979
267
758
959
1040
1363
1423
2027
2276
2768
2845
3741
4022
277
651
806
857
1560
2154
2221
3167
3616
3617
3865
4076
90
629
1320
1437
1837
2153
2854
2976
3350
3468
3618
394
1230
1354
1712
1723
1840
2392
2580
2824
3168
3309
3937
107
302
336
534
939
1173
1226
1584
2819
2894
3180
3552
461
588
1077
1427
1471
2738
2799
2865
3122
3189
3436
3488
3800
326
443
713
1040
1137
1289
1292
1486
1527
2650
2944
3700
293
741
833
884
1017
1980
2075
2250
2653
2668
2852
3372
247
385
767
895
983
1689
2710
2788
3506
3807
3988
4010
50
584
632
1567
1681
1743
2073
2084
2581
2619
3405
3557
140
1053
1235
1470
1930
2459
3570
3894
3943
3984
166
609
1574
2183
2315
2336
2732
3333
3399
3987
4038
4090
232
560
981
2066
2448
2734
3062
3256
3412
3445
3537
3764
234
351
1505
1699
1861
1982
2610
2889
3034
3185
3492
4009
915
947
966
1458
1493
1598
2211
2578
2877
3201
3278
3626
594
1532
1734
2056
2583
3214
3362
3427
3575
3882
3931
4027
445
682
1020
1794
2590
2736
2985
3721
3817
4041
4087
25
145
210
1570
2330
2893
2947
3102
3209
3313
3474
1828
1901
2003
2711
2787
3213
3320
3389
3641
3814
4041
4080
22
159
1851
2247
2564
2784
2937
3135
3677
3682
4030
134
254
304
1035
2005
2084
2171
2290
2365
2427
2720
3274
34
506
639
985
1328
2560
2768
2816
2954
3384
3759
526
1052
1078
1089
1222
1658
1859
2613
3685
3710
4000
4089
12
301
369
2021
2122
2196
2246
2419
3125
3402
3446
3908
36
69
261
426
428
578
580
1218
1538
1866
2451
2673
3263
3910
275
344
880
1122
1588
1742
1807
2364
2937
3429
3972
4078
38
57
466
1345
1575
1810
2001
2388
2592
2629
3432
3869
3964
309
448
815
819
888
909
1193
1236
1827
1924
2281
2670
124
956
1028
1105
1936
2031
2547
2813
2878
3024
3220
3829
509
1156
1260
1880
1887
2355
2430
2542
2834
2881
3145
3849
20
24
321
514
595
1846
1871
2421
3106
3565
3645
3756
4
116
755
881
942
1143
1651
2283
2796
3341
3902
4032
8
699
972
1476
2233
2276
2526
2716
2955
3065
3331
3485
3708
414
444
699
1013
2052
2135
2559
2609
3083
3186
3484
3775
960
1296
1422
1492
2159
2463
2647
2651
2950
3020
3377
3962
395
1447
1545
1613
2377
2404
2465
2503
2530
3290
3432
3670
646
1043
1557
1691
1966
2361
2486
2544
2840
2961
3631
3712
786
1240
1347
1348
1481
1825
1938
2074
2150
2387
2948
3659
373
406
898
1191
1951
2406
2803
2943
3110
3346
3664
3687
17
388
778
856
1175
2072
2721
3052
3275
3326
3943
137
781
1114
1197
1774
2091
2381
2701
2923
3219
3229
3255
61
352
389
1355
1614
1770
2631
2939
3033
3273
3738
3857
552
1177
1477
1671
1860
1977
3212
3408
3469
3571
3707
231
1217
1677
1792
2241
2415
3108
3376
3449
3730
3872
48
1416
1716
1808
1811
1943
2450
2604
2845
2976
3604
4020
665
939
975
1784
1800
2223
2585
2624
2713
3786
3787
180
257
287
423
890
1726
2574
2758
3295
3304
3941
204
241
427
1190
1258
1280
1305
1540
1566
1857
2263
3387
14
389
909
1026
2028
2641
2750
2813
2910
3017
3479
3655
32
147
295
792
863
1058
1334
1993
2226
2846
2981
3495
3614
897
1055
1145
1202
1492
1636
1659
1818
2080
2868
3315
3799
82
166
524
686
1340
1358
1791
2506
2709
3143
3247
3818
3920
45
888
977
1025
1181
1273
2426
2873
2982
3201
3816
4001
156
427
925
1155
1283
1298
1934
2110
3391
3684
3761
3912
24
355
435
436
533
1213
1308
2014
2063
3211
3797
3830
642
1206
2015
2360
2978
3003
3123
3125
3134
3608
3866
3887
112
356
434
1439
1457
1483
1684
1938
2756
3055
3226
3807
115
163
1482
2155
2200
3095
3148
3371
3642
3890
4026
322
692
1079
1411
1622
1647
1706
2417
2528
3854
3956
4005
542
727
898
1172
1592
2663
3004
3515
3588
3740
3759
3838
574
739
1032
1212
1439
1718
2032
2035
2372
3588
3590
3810
80
227
308
808
1776
2436
3165
3169
3414
3415
3727
4094
30
1292
2358
2478
2502
2570
2652
2971
3025
3321
3896
73
154
213
407
676
963
1623
1696
2471
2686
3922
4027
35
656
1390
1507
1697
1823
2279
2865
2909
3150
3284
3355
3955
169
479
828
907
1193
1419
1702
2020
2370
2499
3037
3351
93
1018
1371
2145
2230
2303
2500
2621
3058
3724
3774
3928
380
516
1701
2280
3179
3350
3453
3462
3660
3857
3910
683
940
1015
1281
1958
2103
2365
3005
3030
3369
3655
112
165
370
1810
1820
2050
2757
2799
3104
3319
3771
4082
131
250
787
819
1370
1813
1881
1910
1987
2219
3508
3836
188
475
694
869
887
1309
1470
1963
2371
3135
3458
3509
313
528
607
623
684
858
1430
2777
2897
3108
3385
4031
293
669
796
1318
1909
2051
2519
2782
3030
3055
3514
4062
354
428
1110
1128
1703
1852
2479
2741
3351
3460
3471
4044
9
443
491
1307
1520
1712
2475
3056
3099
3320
3381
4030
225
470
1018
1021
1186
1831
2254
2271
2538
2723
2907
3820
274
720
931
1495
1509
1663
1666
1796
2237
2565
3106
3945
105
1159
1605
1776
1862
2150
2672
2954
3170
3267
3917
3971
255
435
452
705
921
1297
1337
1415
1557
3535
3722
3761
3850
3
126
216
653
660
1443
1734
1741
2533
3127
3173
3522
664
673
785
853
862
1441
1458
1900
1916
2572
2683
3371
3900
16
45
172
224
1406
1563
2050
2836
2911
3347
4086
188
366
804
1323
1849
1950
1978
2049
2249
2963
3038
4044
90
226
524
659
824
1240
1455
1969
2204
2518
2996
3901
118
208
706
999
1166
1567
1627
1839
1961
1973
3253
3638
1029
1057
1308
1685
1838
2003
2071
2512
2538
3734
3817
160
244
771
1085
1263
1797
2440
2858
3129
3285
3610
3745
158
696
2017
2268
2718
2723
3186
3234
3235
3623
3768
256
299
369
717
824
971
1206
1726
1943
2415
2858
2901
464
575
919
1169
1431
2076
2488
2551
2761
2960
3379
3444
386
1156
1235
1406
2780
3203
3334
3449
3754
3837
4095
43
265
308
547
662
863
1187
1661
2863
3127
3613
3785
241
531
532
538
1088
1160
1624
1795
1801
2611
3309
3863
496
582
899
933
1599
1707
2152
2571
3155
3241
3494
3800
694
1261
1295
1766
2160
2357
2572
2623
2910
3748
3844
3876
40
273
471
785
1163
1168
1176
1827
2111
2317
2603
2959
31
743
1442
2410
2423
2430
2497
3550
3573
3643
3820
3936
29
59
1124
1200
1290
1430
1490
1895
1925
1964
2387
2712
789
1101
1725
1854
2055
2277
2447
2781
3338
3356
3591
4006
760
883
1551
1698
1806
2105
2193
2594
3052
3597
3639
3797
7
242
324
491
1125
1793
2700
3154
3354
3498
3755
3961
97
108
364
1566
1836
1887
1983
2004
2323
2654
3303
3463
420
923
1086
1413
1775
1949
2038
2181
2666
2845
3214
3426
252
338
359
395
799
1593
2373
2579
3063
3085
3171
3260
227
232
814
957
1288
1710
1990
2120
2131
3173
3505
3726
108
271
701
1469
1953
2318
2537
2560
2707
3305
3383
3942
214
516
674
1084
1773
1884
2340
2650
2846
3014
3399
3742
192
284
704
1168
1402
2081
2420
2464
3205
3221
3435
3904
624
679
948
1150
1664
1870
2284
2383
2397
2876
3516
3804
394
623
628
1382
2127
2201
2808
2844
2854
3219
3324
3464
3483
65
651
1047
1220
1385
2275
2725
3039
3320
3924
3981
4014
423
454
1087
1616
1769
2669
2923
3266
3512
3591
3926
4047
155
199
312
350
405
925
1386
2096
2972
3768
3952
36
172
964
2058
2222
2292
2422
2483
2841
3998
4052
4081
442
482
670
1339
1379
1799
1882
3064
3434
3567
3749
4027
1417
2070
2080
2100
2535
2552
2630
3345
3858
4049
4050
100
681
748
1041
1253
1528
2174
2541
2743
2896
2900
3230
705
754
927
1009
1016
1379
1506
1878
2386
2435
2932
2937
3867
86
583
825
928
1381
1845
1875
2037
2141
3301
3840
3959
718
722
1114
1466
1556
1604
2154
2330
2440
2748
3251
3654
66
371
969
1656
1701
1821
1886
2405
2485
2614
3299
3766
249
666
675
1109
1728
1760
1896
3137
3384
3634
3864
4039
1017
1358
1418
2130
2159
2763
2822
3460
3461
3939
4082
56
315
547
1367
1412
2299
2318
3124
3665
3695
3827
4061
249
516
581
617
645
884
1372
1579
1933
2034
2240
3892
23
80
331
1089
1948
1978
2047
2698
2818
3705
3973
4005
55
418
1274
1549
1601
1899
2172
2665
2838
2946
2990
3238
216
914
1456
1473
1483
1871
1985
2705
2737
2859
3247
3365
4086
214
377
1567
1727
1824
2721
3001
3202
3758
4022
398
582
1193
1351
1876
2117
2204
2470
2766
3164
3183
3904
362
481
711
964
1006
1307
1570
2140
2550
2991
3019
3914
248
432
958
1596
2197
3058
3177
3314
3640
3701
3938
4094
882
1005
1108
1549
2889
3243
3272
3312
3434
3565
3582
4042
584
988
1429
1680
1714
1757
2384
2661
3844
3926
3951
127
254
840
1327
1709
1936
1954
2009
2274
2493
2517
2609
157
280
587
606
1668
1804
2467
2757
3160
3643
3987
4019
518
1020
1191
1284
1829
2582
2592
2690
2821
3561
3596
3715
209
466
1375
1832
2206
2304
2495
2589
2722
2796
3003
3326
367
639
2211
3059
3074
3203
3262
3367
3516
3547
3839
3946
307
646
1119
1438
1541
2904
3187
3325
3687
3714
3907
3965
363
1446
1789
1994
2388
2522
2686
2968
3564
3686
3857
3940
222
558
751
1068
1892
1898
1991
2221
2469
2704
3579
3860
182
220
1592
1650
1660
2855
2980
3114
3270
3399
3842
3873
198
274
481
565
663
1036
1135
1462
2896
3146
3219
3331
439
455
519
971
1024
1450
2352
2495
2752
2848
3890
132
333
613
1291
1310
2215
2327
2655
2824
3618
3732
3864
113
689
1765
2166
2504
2984
3227
3360
3481
3529
3972
4043
713
810
997
1003
1697
1818
1929
1974
2399
2811
3114
3970
28
205
355
469
488
1597
1798
1842
2816
3756
3892
4023
89
347
539
629
1034
1124
1215
1713
1852
2027
2266
2820
139
740
1605
1672
1996
2044
2258
2482
3423
3918
4013
104
384
557
1433
1519
1642
1896
2028
2138
2359
3092
3665
284
450
738
886
1004
1073
1286
1695
2146
3008
4015
528
1404
1482
1517
1574
1592
1877
2201
2388
3022
3657
3954
67
380
737
1080
1355
1419
1534
1902
2152
2182
2428
3504
3654
459
689
1004
1186
1196
2100
2532
2640
3011
3433
3794
3898
87
384
1410
1488
1577
1635
1738
1757
2620
3162
3398
3966
86
142
474
2068
2658
3053
3209
3383
3441
3496
3808
4012
149
285
602
757
1147
1358
1446
1543
1928
2158
2648
2857
92
701
932
1468
1554
1988
2052
2294
2534
2654
3071
3157
734
1037
1425
1829
2013
2201
2289
2400
2704
2765
3544
3762
473
563
747
1181
1814
1902
2110
2116
2499
3573
3782
3811
751
1828
2002
2502
2772
2914
3119
3650
3747
3815
3840
3916
590
787
1490
1619
1729
1957
2098
2121
2808
3009
3053
3884
14
190
554
900
1266
1541
1838
2482
3762
3802
3839
158
533
974
1079
2251
2392
2936
3078
3205
3257
3647
3693
345
743
1155
1514
2232
2802
2904
3083
3180
3723
3894
462
631
670
943
1020
1394
2222
2839
2915
3086
3659
3718
317
350
1861
2445
2635
2656
3042
3197
3597
3609
3760
420
609
859
1125
1198
1883
2011
2190
2513
2872
3270
3853
18
400
954
1253
1529
1804
2501
2970
3004
3122
3459
3784
81
132
336
812
849
962
1374
2593
2738
2843
3725
3881
99
786
854
985
1080
1149
1210
1756
2476
3091
3446
3821
838
936
1030
1548
2566
2877
2963
3202
3216
3401
3410
3648
440
848
1209
1224
1479
1811
2128
2357
3139
3397
3421
3941
291
345
841
1019
1170
2107
2204
2984
3390
3431
3923
4036
113
310
525
843
1333
2384
2513
2886
3037
3361
3422
4035
183
336
367
622
1070
1123
1782
1783
1955
2048
2641
3906
311
377
1113
1301
1756
2101
3036
3106
3217
3646
3960
4017
178
242
1740
1876
2316
2545
2879
2940
3080
3249
3468
3763
487
866
874
1074
1288
1683
1788
2200
2266
3069
3203
3934
68
733
1077
1680
1810
1908
2049
2739
2826
3594
3696
141
752
1035
1326
1368
1453
1501
2376
3368
3592
3985
3999
4087
915
1081
1153
1173
1334
1403
1650
2692
2786
2807
2880
2918
605
698
814
980
1521
2244
2481
2552
3124
3359
3622
4002
795
1092
1129
1162
2447
2887
3235
3870
3979
4002
4085
1105
1341
1721
2253
2426
2689
2922
2975
3281
3310
3327
3593
630
650
1048
1374
1450
1504
1895
2508
2512
2988
3732
3823
792
845
1013
1250
1301
1630
1895
1951
2393
2755
3501
4053
38
970
1314
1414
1585
1814
2151
2240
2346
3765
3796
3813
76
558
573
661
1007
1025
2284
2594
2860
3657
3684
3698
183
1067
1537
1643
2192
2433
2504
2526
2861
3066
3685
4040
115
162
449
538
1408
1571
2128
2682
3828
3883
3920
3987
94
1039
1591
1687
1849
2332
2335
2986
3012
3221
3624
3868
504
589
773
1034
1217
1526
1611
1769
2630
2947
3088
3736
3834
3984
78
283
624
2408
3059
3120
3158
3441
3458
3602
3770
3994
52
270
847
1306
2081
2184
3031
3035
3097
3556
3853
416
533
1117
1315
1528
2489
2527
2595
2653
3121
3283
3658
296
420
876
902
1015
1908
2243
2336
2584
2696
2977
2994
3155
841
980
1180
1395
1779
1824
1940
2121
2379
2403
2472
3645
91
655
893
1148
2144
2281
2286
2492
2760
3151
3177
4089
66
257
676
1609
2541
2835
2856
3027
3116
3362
3743
3853
237
622
730
793
820
1435
2246
2427
3085
3174
3587
3929
13
696
865
1188
1497
1678
2065
2302
2583
3178
3317
4044
111
114
601
1000
1337
1512
1550
1620
2302
3901
3915
3953
502
762
838
1286
1417
2584
2691
3529
3575
3760
3838
4001
3
585
957
990
1535
1562
1616
1904
2523
3197
3524
4091
7
152
569
1073
1139
2108
2273
2514
2680
3220
3710
4017
674
744
1015
1277
1427
1555
1627
2134
2404
3465
3535
3680
591
869
874
982
1060
1264
1289
1564
1756
2545
2782
656
693
1085
1133
1303
1312
2008
2323
2994
3238
3676
3903
418
891
1279
1294
1708
1816
1864
2252
2895
3302
3335
3949
511
1679
1824
1874
1876
1913
2099
3049
3121
3799
3990
4071
178
1331
1618
1804
1927
2798
2918
3193
3421
3454
3682
3808
614
958
1273
2209
2312
2394
2401
2678
3127
3353
3504
3517
3597
153
825
1312
1329
1481
1540
1863
2067
2471
2561
3441
3900
954
1019
1208
1420
1624
2719
3495
3537
3554
3772
3862
79
259
421
667
937
959
1107
1739
2652
2926
3327
4034
168
669
1072
2124
2239
2242
2520
2960
3038
3360
3910
3977
536
548
827
875
1537
1901
2009
2608
3179
3526
3728
170
383
683
1349
2042
2324
2598
2624
3646
3982
3994
134
265
913
978
1022
1038
2074
2210
2712
2878
3530
4077
176
393
665
947
1221
1568
1738
2458
3404
3601
3676
3702
74
142
184
1462
1815
1989
2246
2269
3136
3239
3448
3489
69
123
324
1520
2248
2446
3195
3671
3726
3749
4039
196
311
325
404
437
672
1045
1151
1513
2119
3386
3652
405
442
1245
1389
1557
1899
1985
2472
2494
2625
3041
3065
298
680
777
1152
1212
1230
1474
1559
2118
2208
2409
3356
83
578
983
1703
1965
2150
2454
2754
2929
3592
3693
3889
39
311
832
940
1069
1088
1515
1867
2960
3094
3190
3461
47
835
945
1070
1246
2332
2692
2858
3089
3485
3657
3862
101
497
1068
1075
2154
2155
2663
3005
3486
3625
3968
617
700
822
1104
1534
2698
2927
3233
3600
3717
3852
3914
175
201
399
865
1376
1422
2279
2320
2822
2986
3577
3976
19
194
581
712
1302
1720
1912
2061
2189
2442
3077
3158
387
442
513
627
1140
1238
2492
2962
3014
3191
3241
3675
433
550
1489
1538
1989
2164
2380
2640
2748
2822
3237
3868
203
534
851
1106
1423
1625
3097
3254
3641
4075
4076
4094
848
859
1126
1787
1863
2421
2660
2815
3028
3264
3506
3674
807
1045
1939
2123
2546
2777
3253
3335
3813
3868
4042
4093
315
772
947
1321
1617
2202
2247
2832
2889
3217
3731
3881
18
392
511
666
1351
1822
2075
2267
2375
2883
3026
3536
177
182
253
1349
1577
1770
1941
2442
2475
2837
2900
3636
342
452
697
1339
1768
2065
2898
3797
3907
3978
3986
4079
362
867
910
1495
1655
1877
2286
2434
3346
3515
3743
611
1054
1169
1633
1786
1788
1940
2587
3480
3784
230
878
1356
1531
2065
2334
2433
2452
2469
2949
3335
3880
1093
1115
1241
1325
1390
2076
2198
2364
2391
3208
3476
3922
821
1226
1239
1331
3148
3388
3428
3437
3519
3669
3999
74
414
2437
2735
2742
2788
2973
3352
3491
3575
3662
3740
91
130
146
159
596
1298
1518
2086
2126
3276
3496
4043
791
1211
2344
2751
2806
3012
3218
3246
3531
3967
4074
4080
9
26
119
477
483
1128
1376
2220
3082
3430
3557
3925
545
586
1728
1906
2100
2345
2580
2594
2646
3642
3766
3871
206
489
498
811
2130
2273
2282
2432
2977
3121
3273
3438
47
109
189
1062
1778
1845
2261
2466
2810
3383
3395
3523
127
151
790
1586
1649
2024
2044
2106
2817
3637
3719
3777
799
1287
1463
1783
2007
2406
2494
2723
3261
3471
3870
3876
96
655
1247
1382
1844
1892
1981
2833
2879
2978
3255
4018
44
415
496
661
1530
1687
1736
1976
2562
2888
3570
3653
153
631
973
1812
2174
2443
2505
2875
3134
3525
3613
12
291
297
379
568
908
960
1598
2305
2744
2794
3154
21
84
536
1047
1062
1667
1935
2008
2354
2358
2479
3161
87
136
405
831
843
878
1864
2048
2707
3436
3448
3558
3871
334
513
792
797
1016
1040
1496
2173
3043
3314
3544
279
348
684
801
843
888
2016
2225
2923
3358
3922
4079
164
258
286
548
860
1222
1791
1812
2453
2586
2710
3940
3948
70
259
1549
1885
2032
2247
2446
3036
3191
3690
3706
3865
102
136
777
1355
1588
1790
1949
2387
2559
2681
2690
3454
190
246
1653
1843
2169
2411
2654
2942
2974
3343
3416
3670
617
915
930
1461
1799
2068
2165
2514
2615
2728
2855
3405
573
608
831
1035
1511
1808
1887
1957
2312
2439
3264
3328
3786
283
562
635
913
917
1100
1112
1184
1834
2108
2361
2726
749
1318
1352
1722
1787
2013
2395
3133
3348
3484
3945
3956
117
472
546
735
846
881
1242
1801
1992
3339
3425
4008
203
1057
1102
1928
2112
2175
2313
2422
3137
3607
3792
3842
760
1765
2125
2460
2875
3072
3264
3578
3778
3798
3991
321
1184
1788
2202
2290
2543
2842
3275
3368
3874
3949
4015
411
569
610
1044
1666
1888
2143
2964
3200
3788
3805
3938
142
151
219
1737
2071
2240
2349
2600
2684
2832
3492
3750
530
596
885
896
1150
1354
1559
2057
2732
2773
2841
3247
3503
374
419
680
817
1256
1461
1609
1732
1759
2326
2374
3173
716
1066
1189
1245
1716
1902
2306
2385
2438
2571
2951
3528
3685
6
131
357
1248
1539
2059
2506
2752
2758
3825
3893
4026
303
312
847
1058
1203
1520
1831
1881
2062
2177
2208
2490
266
1071
1157
1161
1385
1465
2003
2346
3341
3517
3705
3843
99
592
894
1157
1229
1573
1723
1764
2170
2980
3355
3803
836
845
936
1405
1423
2085
2675
2870
2941
3729
3819
3859
746
924
1641
1880
2949
2956
3143
3164
3619
3726
3869
3909
215
245
341
990
1360
2156
2378
2417
2733
2880
3057
3881
139
450
780
958
1299
1499
1505
1738
2082
2273
2361
3816
1421
1453
1642
1842
2354
2546
2921
3022
3142
3464
3568
3963
110
188
322
688
1059
1167
1555
1856
2123
2236
2920
3722
361
1316
1489
1660
1691
1901
2036
2838
3048
3566
4092
112
319
523
625
748
961
1661
1911
1950
2164
3401
4063
268
499
564
986
1047
1324
1393
1420
1542
2510
2685
3069
3430
51
307
344
1785
2288
2345
2445
2491
2599
2826
2993
3886
77
200
380
542
1362
1505
1780
2058
2356
3115
3231
3680
813
924
1153
1244
1293
1636
1851
1869
2291
2349
3013
3065
272
535
1225
1400
1719
1919
2689
2743
3142
3240
3465
103
358
715
745
987
1243
1282
1913
2376
3578
3741
409
413
563
638
715
815
875
1228
1415
2363
3296
850
934
1377
1565
1790
1936
2120
2790
2902
2997
3093
3154
3757
557
1419
1464
1628
1657
1906
2709
3229
3555
3741
3964
4031
8
147
482
509
517
830
1522
1560
1964
2030
3572
3974
1383
1622
1690
1777
2016
2198
2214
2619
2862
3081
3287
3617
31
368
512
1816
1830
1862
1941
2409
3214
3287
3551
3966
174
304
945
1029
1523
1646
2018
2319
2981
3298
3830
143
468
945
1608
2291
2440
2767
2924
3035
3447
3529
3817
42
202
248
301
807
1304
1698
1962
1991
3085
3605
3659
893
1179
1536
1550
1553
1706
1709
1899
2399
3266
3387
218
488
854
938
1146
1268
1414
2093
2534
2887
3367
3533
129
401
702
1391
1449
2727
2745
2965
3070
3208
3288
3352
599
793
961
1091
1096
1466
1554
1616
1637
1670
2510
2998
1067
1122
1369
1750
2322
2333
2767
2920
3523
3958
3980
4050
15
237
382
840
906
1197
1841
2045
2438
2665
2866
3005
225
474
728
1127
1218
1444
1952
2549
3202
3382
3396
560
627
880
1033
1183
1192
1560
1806
1907
2255
3721
3829
4
40
139
480
1149
1369
1784
1958
2789
3377
3647
3921
398
649
1159
1221
1231
1300
1563
3261
3369
3661
3911
4062
455
2258
2465
3010
3062
3156
3244
3752
3804
3889
3950
4084
212
291
406
658
864
913
1248
2513
2802
3125
3321
4071
4072
150
491
952
1880
1974
2664
2829
3256
3318
3712
3801
3932
527
1027
1308
1491
1984
2265
2341
2509
2930
2968
3048
3497
857
905
1364
1725
1758
2010
2171
3007
3215
3231
3663
3900
27
342
399
889
1068
1146
1253
1447
2779
2931
3467
4033
4045
273
649
797
994
1026
1083
1386
1934
2449
2747
3252
4070
43
438
621
891
1846
1994
2630
2765
3114
3222
3431
3465
416
623
1413
1453
2300
2783
2818
2837
3303
3535
3735
3824
67
236
540
626
1002
1235
2377
2715
3098
3394
3499
4058
293
463
846
1765
1875
1993
2394
2935
2956
3054
3621
3678
237
422
769
1366
1455
1862
2024
2185
2543
2856
3545
3599
393
1352
1874
2278
2304
2468
2804
2834
2987
3311
3810
3899
173
1095
1127
1153
1541
2302
2561
2749
3009
3093
3711
1114
1187
1387
1518
1745
1879
2016
2342
2882
3803
3903
3926
240
607
707
776
803
1812
1815
2180
2988
3283
3364
3717
3990
219
708
939
1098
1437
1990
2398
2461
3562
3738
4046
522
707
818
862
1093
1213
1305
1446
2872
3401
3615
25
218
734
1283
1373
1875
1935
2239
2775
3051
3232
3957
389
742
856
1011
1187
1276
1479
2434
2764
2839
3285
3651
314
1449
1946
1986
2176
2473
2628
2676
2929
3152
3658
3706
193
397
777
812
1292
1755
2613
3548
3714
3785
3978
4006
252
409
524
823
907
1747
1898
2245
2543
2745
3100
3190
521
577
1252
1594
2276
2363
2563
2781
2816
2928
3105
3867
97
179
538
988
1543
1872
1977
2029
2148
2734
2782
3878
388
1807
1953
2063
2233
2402
2457
2710
3671
3779
3938
3981
408
699
801
1061
1239
1307
1867
2213
2531
2762
3443
4016
114
1108
1175
1612
2190
2285
2396
2541
3508
3519
3895
150
191
454
826
998
1009
1853
2030
2783
2927
2948
2964
120
481
572
725
1081
2039
2209
2369
2704
2870
2985
3330
3852
174
466
564
1905
1997
2693
3152
3311
3378
3410
3646
3825
23
256
520
615
1041
1402
1492
1667
2086
2574
3406
4025
550
766
1213
1269
1751
1763
2187
2390
2864
3013
3457
3861
198
341
484
2191
2810
2940
3140
3367
3429
3510
3555
3834
50
247
361
706
1023
1321
1620
2137
2187
2676
3672
3932
4004
576
953
1202
1339
1513
1561
2511
3126
3887
3895
4028
4067
337
750
779
978
1115
1219
1710
1730
1755
1983
2109
2962
3041
10
553
1063
1259
1440
1682
2047
2095
2595
2943
3470
3512
316
458
499
980
1354
1625
1672
2050
2452
2622
2857
76
404
1119
1478
2183
2199
2340
2676
2764
3018
3329
3437
24
526
946
1005
1066
1095
1536
1657
1914
2124
2219
3184
141
832
1502
1569
1886
2196
2718
3374
3400
3644
3850
226
510
518
867
1136
1839
2238
2329
2396
2398
2400
3915
27
992
1424
1661
1920
2139
2228
2693
3029
3560
3676
3686
200
1048
1199
1314
1759
1910
2424
2466
2547
2588
3251
3818
335
391
684
805
853
968
1252
1344
1907
2101
2105
2920
384
649
721
2244
2262
2267
2393
2658
2766
3309
3652
3771
12
848
1162
1507
1695
3112
3289
3308
3592
3658
3702
3780
171
306
808
823
906
1478
1566
2220
2456
2531
3686
3689
59
490
876
1190
1736
2096
2673
2918
2924
3057
3342
3732
81
429
575
765
1224
1891
2218
2595
2884
3262
3403
4033
96
395
477
1178
2262
2274
2555
2973
3011
3155
3211
3813
35
800
809
1000
1046
1113
1205
1568
1606
2871
3068
3366
3653
904
967
1144
1535
1639
2168
2581
3280
3472
3525
3651
3956
215
622
643
886
1083
1208
2334
2745
2864
2936
3435
3795
271
1049
1333
1395
2122
2141
2192
2733
2847
2964
3240
4019
529
975
1183
1223
1621
1965
2550
2775
3442
3574
3681
3835
129
209
245
372
619
1471
2227
2348
2476
2533
2558
3556
3837
802
1384
2120
2127
2510
2632
2863
2944
3084
3090
3634
3907
200
338
534
1094
1514
1653
1746
2047
2056
2384
3117
3717
63
282
759
1410
1555
2330
2367
2496
2775
2864
3182
3596
228
798
800
901
935
1033
1288
1578
1584
1689
3286
4024
299
379
650
693
969
1304
1844
1979
2153
2272
2778
3584
212
280
315
708
835
2090
2114
2177
2315
2433
3323
3478
38
783
1116
1378
1604
1713
3342
3392
3403
3449
3600
3924
71
94
671
1052
1159
1269
2207
3078
3197
3233
3678
4058
386
537
1085
1608
2079
2263
3210
3511
3523
3892
3905
4061
179
400
710
1475
2237
2319
2366
2830
3056
3541
3806
3812
176
736
936
1131
1546
1589
1606
1852
1967
3260
3983
227
460
495
1176
1329
1465
2062
2511
2576
3404
3600
3744
310
372
690
745
1072
2145
2235
2486
2792
3001
3153
17
83
270
485
546
770
1254
1877
1930
2535
3483
3808
3861
230
411
1227
1547
1605
1743
1798
2106
2348
2539
3528
3905
767
802
889
990
1873
2069
2501
3244
3406
3550
3939
70
270
755
866
1201
1468
2090
2686
2877
2883
3141
3246
3282
17
282
657
660
1266
2103
2421
2532
2691
3137
3531
3818
626
864
986
1388
1572
1973
2000
2374
2624
2940
3603
3781
412
1003
1142
1483
1856
2317
2320
2414
2532
2714
2748
3225
221
323
735
1257
1711
2623
2988
3201
3347
3553
3707
3782
1426
1576
1772
2702
3118
3289
3333
3337
3545
3613
3629
3634
16
318
530
790
911
2365
2408
2600
3322
3920
4051
4060
475
711
762
1796
2213
2811
3072
3130
3232
3459
3919
401
592
763
895
1042
1284
1638
2311
2700
3169
3980
1005
1306
1587
2034
2042
2158
2215
2217
2481
2819
3044
3257
98
135
235
335
731
1103
1260
2040
2368
2721
2891
3496
316
765
772
861
1577
1583
1612
1939
2216
2729
3400
3569
999
1146
1215
1252
1540
1740
3073
3209
3398
3490
3534
3540
1
79
100
642
688
950
1021
1306
2316
2408
2976
3478
366
540
718
968
1595
1793
2054
2287
2329
2968
3947
4020
11
106
138
967
1739
1868
2484
2774
2853
3470
3487
3674
641
921
1031
1049
1436
1597
2352
2560
3112
3162
3200
201
1231
1259
1640
1707
1719
1857
2205
2848
2982
3912
1404
1655
1731
2551
2571
2622
2653
2945
3017
3115
3252
3699
197
465
1132
1394
2147
2455
2711
3120
3183
3690
3855
3909
110
182
261
385
803
806
1759
2188
3269
3428
3510
3681
348
916
1031
1037
1705
1720
1997
2346
2580
3099
3480
4017
185
456
789
871
1038
2001
2083
2825
2908
2985
3042
3828
295
318
334
559
821
2449
2524
2679
3387
3590
3827
3830
709
774
1152
1313
2378
3101
3189
3210
3233
3332
3359
3520
60
116
439
1330
1737
1931
2022
2116
2211
2293
3110
3663
1391
1409
1835
1980
2098
2146
2163
3411
3422
3625
3631
3929
359
383
441
1192
1745
2020
2143
2194
3395
3455
4054
556
763
791
1012
1118
1580
1619
2271
2691
3063
3567
3683
755
1220
1414
1795
1934
2037
2310
2986
3760
3773
3822
3843
3992
114
208
1729
1894
2301
2377
2612
3120
3179
3668
3959
4074
167
281
369
1411
1533
2088
2121
2694
3117
3392
3482
3539
193
597
609
655
657
954
1490
2076
2321
2958
3239
3632
3948
175
809
1151
1371
1418
1998
2170
2353
2438
2799
3462
3984
4029
192
230
634
666
985
1131
1337
1517
1761
1970
3206
3555
3562
99
747
1494
1986
2410
2470
2587
2597
2603
3678
3931
3944
265
358
1396
1522
1525
1906
2131
2142
2769
3478
3554
4011
40
636
1141
1864
1917
2489
2886
2890
3493
3774
3927
4051
71
1064
1271
1344
1531
1565
2325
2859
2919
3194
3576
3950
290
1399
1863
1894
2035
2452
2454
3039
3089
3377
3718
4073
250
520
668
704
898
1301
1687
2234
2289
3175
3184
3877
4000
1361
1579
1771
2043
2102
2569
2643
2711
3057
3215
3651
3693
206
687
1014
1135
1556
1644
1978
2157
2827
3008
3061
3141
3618
593
798
1071
1519
1544
1975
2067
2151
2353
3081
3172
3178
437
963
1236
2072
2260
2424
2425
2729
3207
3222
3764
3770
507
731
762
810
1766
2158
2242
2515
3692
3835
3974
4045
19
214
225
885
1381
1772
1792
2139
3433
3457
3650
4003
88
196
565
775
785
794
1480
1692
1710
2338
2344
3456
173
421
752
1281
1563
2013
2164
2527
2713
3282
3582
3913
58
663
900
971
1401
1595
1645
2754
3002
3879
3965
252
711
1165
1215
1907
2087
2429
2618
2905
3325
3584
3932
64
290
1345
1596
1613
1780
2373
2575
3262
3579
4037
333
572
1285
1484
1493
1653
1841
2077
3134
3489
3549
3729
2
162
189
1004
1359
1610
2229
2871
3568
3913
3995
4074
219
295
331
383
446
460
997
1061
2159
2628
3453
3716
3824
49
213
464
547
774
877
979
1385
1767
2759
2959
3763
176
735
812
855
927
1724
2025
2296
3097
3558
3835
3845
231
926
1195
1666
1733
2118
2425
2637
2679
3092
3475
3527
75
103
515
729
738
2312
2803
3007
3632
3761
3906
620
654
1066
1835
1847
1867
2033
2516
2759
3369
3452
3976
88
340
478
658
1065
1526
1646
1767
2643
3307
3362
3381
56
542
1283
1743
1931
1980
2216
2397
2423
2828
2930
3143
799
804
839
961
2694
2699
2755
2760
2777
3147
3414
238
695
736
949
1317
1436
1708
1796
2029
2241
3249
3794
289
307
449
470
672
778
855
1262
1293
1879
2135
3166
3616
115
746
1599
1881
2043
2095
2411
2436
2611
2683
3334
3490
238
1296
1547
1636
2053
2390
2627
3187
3198
3486
3559
3779
822
960
1432
1442
1533
2243
2417
3330
3415
3855
4091
4093
125
322
326
837
1454
1997
2133
2401
3574
3611
3705
101
370
387
483
709
830
929
1112
1457
2045
2793
2888
54
290
658
732
826
2012
2645
2778
2899
3872
3906
3955
4
46
498
1716
1830
1890
2610
3577
3586
3605
3931
3959
1683
1989
2232
2612
2903
3123
3460
3477
3650
3928
3988
4050
288
1050
1564
1614
1909
2268
2529
2880
2915
3225
3783
3812
279
434
1032
1133
1152
1626
1703
2198
2326
3090
3092
3542
215
300
773
1595
1869
2491
2635
2817
3019
3276
3585
3862
96
138
1200
1435
1663
2176
2567
3130
3288
3518
3767
3962
58
269
861
1682
1945
1969
2264
3298
3840
3899
3949
801
871
1246
1493
1771
1858
2005
2182
2833
3382
3961
4043
737
918
1261
1674
1979
2521
3216
3286
3442
3805
3973
48
171
937
1289
1752
1921
2181
2334
2572
2601
2867
3697
91
1158
1269
1319
2054
2269
2418
3176
3206
3374
3419
164
229
640
656
1300
1775
1991
2801
3113
3716
3733
4055
185
209
427
1626
1779
1912
2097
3307
3636
3671
3710
4046
87
346
681
784
872
1282
1964
2332
3497
3507
3884
4070
148
459
670
1189
1330
1750
2288
2399
2464
2480
3450
3799
1110
1125
1359
1438
1503
1676
1758
2248
2905
3182
3466
3595
120
158
806
1030
1445
1625
2172
2335
2737
2830
2831
3568
402
448
536
1112
2019
2304
2695
2969
2977
3579
3722
3849
83
109
264
340
678
729
1124
1363
1415
1534
1686
2245
280
294
975
982
1568
1754
1873
3476
3566
3656
3815
249
1469
1634
1832
1947
2596
3170
3439
3458
3769
3838
57
155
839
923
1335
1652
1702
2081
2351
2618
3747
3812
132
168
493
680
1163
1317
1368
1440
2068
2169
3410
3704
469
719
1267
1389
1651
1688
1866
2007
2785
3075
3516
3823
795
1420
1559
1699
1823
2236
2259
2301
2515
2525
2814
3429
884
998
1368
1463
1747
1797
2228
2308
2456
2742
2884
3272
110
360
840
1075
1090
1878
2062
2264
2913
3031
3041
3768
145
1078
1079
1277
1745
2118
2125
2800
3298
3354
3611
3885
198
287
543
702
732
742
1254
1583
2529
2678
2992
52
67
251
303
673
1056
1333
1733
2449
2912
3283
4065
5
122
733
918
979
1023
1065
1258
1947
3305
3539
3694
3780
3944
597
882
1027
1160
1198
1662
1860
1941
2026
2059
3447
4088
712
1255
1375
1673
2129
2278
2882
3157
3466
3560
3832
4095
205
233
642
1428
1635
2275
2374
2938
3254
3284
3384
451
996
1174
1410
1501
1526
1586
1665
3076
3087
3160
3809
692
742
1467
1632
1815
2007
2109
2850
2890
3011
3581
429
901
919
941
1216
1739
2038
2509
2591
2824
2971
3016
3518
266
325
1720
2371
2468
2660
2781
2855
2909
3079
3212
3757
105
332
1299
1543
1761
2023
2884
3269
3379
3628
3777
4035
130
317
361
682
989
998
999
1730
1975
2518
2814
3767
501
555
661
914
1042
1353
1700
2684
2917
3259
3349
3759
1429
1648
1676
2175
2607
2697
3145
3487
3544
3683
3794
3874
930
1692
1850
2249
2267
2528
2737
3319
3847
3921
4040
4049
5
52
121
181
199
591
919
1074
1509
1800
2293
3193
381
761
1123
1441
1789
2017
2018
2345
2681
2705
3435
3633
15
220
1196
1735
2019
2257
2592
2615
3237
3243
3322
3860
117
554
571
1250
1699
2058
2071
2283
2776
3372
3469
3928
189
273
1111
1443
1495
2593
2667
2733
2942
3021
3599
3695
148
771
1083
1603
1659
1977
2294
2432
2619
2633
2675
2795
170
229
991
1009
1439
1915
1956
1984
2061
2170
3639
4068
95
781
1216
1654
2036
2708
2996
3008
3508
3630
3811
3991
89
1499
1618
2233
2296
2298
2523
2661
3347
3502
3859
4057
125
133
1189
1642
2066
2616
2776
2851
3054
3079
3188
3884
235
298
469
827
932
1179
2004
2122
2646
2965
3620
3751
422
425
492
951
1195
1530
2311
2760
2949
3050
3674
3890
475
1022
1324
1572
1737
1787
2161
3196
3338
3673
3967
4089
756
984
1405
1607
2043
2314
2418
2649
3153
3277
3630
3930
65
104
887
1576
2082
2191
2243
2766
2825
2866
3044
3343
403
674
955
1053
1056
1533
1829
2002
2046
3443
3847
4086
218
390
1008
1021
1070
1134
1225
1630
2999
3077
3315
4021
41
634
1180
1280
1910
2378
2450
2458
2735
3066
3080
3212
323
589
727
1018
1363
1669
1939
2023
2297
2456
3020
3426
135
725
923
932
1265
1714
1781
1932
2029
2553
3029
3701
493
692
1097
1422
1730
1868
1945
3033
3095
3174
3316
3708
396
962
1010
1140
1232
1718
1774
1985
2953
3072
3306
4068
269
698
894
912
1010
1272
1323
2172
3324
3513
3694
3913
63
220
314
570
836
905
1553
2651
3501
3633
3952
4023
243
600
1437
1648
1814
1859
2069
2142
3075
3560
3798
3902
55
73
351
784
1322
1754
2184
2730
2805
2925
3128
3879
355
701
1109
1501
1528
1751
1813
1879
2425
2869
3293
3316
3933
407
532
804
1360
1460
1872
2138
2668
2928
3319
3748
3924
4030
184
486
548
753
1255
2308
2573
2933
2987
3051
3534
3927
160
245
943
1232
1598
1858
2166
2238
2638
2702
3318
3375
3842
28
32
111
133
340
1981
2223
2341
2642
2771
3698
4010
256
1096
1174
1219
1332
2617
2655
3286
3538
3551
3755
4049
49
178
195
364
640
1162
1431
1643
1831
1916
3937
3
359
1011
1158
1783
2797
2975
3010
3169
3213
3513
3993
300
318
944
1001
1255
1513
1758
1944
2205
3032
3228
3708
417
1380
1487
1544
1629
1883
1953
2679
2948
3675
3775
3820
706
1313
1349
1919
1937
2285
2817
2818
2901
3076
3534
4093
726
1087
1267
1979
2411
2462
2466
2969
3228
3238
3588
3725
107
440
507
920
1032
1137
1378
1823
2320
2828
3612
3870
839
889
1154
2112
2187
3025
3049
3060
3074
3119
3396
3418
367
438
588
952
1909
1938
2729
2997
3071
3412
3775
4059
30
126
1278
1669
1705
1903
1914
2815
2874
2881
3170
3301
811
870
873
1081
1327
1631
1764
2407
2862
3015
3667
3798
267
470
556
602
1028
1469
2134
2416
2428
3036
3452
3933
46
402
453
928
1050
1485
1805
2324
2525
2792
2938
3144
3194
645
883
1274
1923
2053
2275
2519
2736
3018
3098
3133
3851
120
543
561
789
1693
2073
2517
2667
2735
2958
2989
3000
32
246
292
439
705
1654
1894
2427
2618
2677
2943
3235
164
453
539
585
1100
1407
1736
1826
2256
2403
2896
3505
306
579
1329
1851
2129
2323
2500
3237
3269
3750
3957
10
42
1412
1600
2435
2706
2821
2834
2852
3206
3231
3525
146
1773
1954
2251
2970
3278
3469
3472
3473
3652
3713
3998
49
571
637
651
1022
1310
1317
2073
2293
2550
3172
3531
341
585
644
1139
1263
1523
1634
1644
2967
3081
3103
3744
152
302
463
1280
1649
1665
1811
1962
2269
2311
3004
3006
342
758
1076
1078
1128
1142
1545
2041
2921
3348
3424
3854
78
379
557
581
694
1431
1704
1762
2098
3394
3473
4035
184
788
1173
1279
1342
1366
1394
1516
1819
2092
2221
3546
47
303
313
520
934
1302
1421
1472
2382
2451
3365
3420
494
723
2021
2022
2478
2670
2715
3251
3524
3702
3704
3855
852
956
1067
1345
1375
2516
2578
2741
2854
2956
3242
3744
89
1122
1171
1274
1320
1326
1682
2226
2692
2927
2945
3249
187
197
304
576
1818
2235
2245
2322
2343
2744
2925
3136
479
582
704
719
1033
1234
1826
2082
2091
2540
3439
3507
610
734
2319
2359
2567
2787
3138
3178
3783
3942
4023
4069
487
616
675
1748
1757
2471
3018
3117
3500
3619
3819
62
259
781
1095
1694
1955
2534
2542
2847
2851
3635
3880
185
262
412
941
1458
1822
1974
2279
2608
3223
3533
3897
247
580
796
851
1024
1045
1631
1686
2146
2746
3111
3248
568
917
994
1138
2306
2886
3218
3256
3297
3380
3790
3974
144
299
607
1312
1412
1503
1724
1853
1967
1972
2140
3880
712
935
1118
1126
1714
1727
2026
2439
2636
2761
2931
20
593
1050
1207
1299
1452
1834
2165
3957
3972
633
727
908
1175
1295
1516
2448
2508
3175
3228
3660
3951
88
163
433
509
589
1101
1121
1290
2173
2544
3413
3730
635
912
1265
1802
2230
2439
2455
2958
3045
3713
3886
4060
477
1323
1481
1570
1794
1937
2369
2548
3001
3875
3978
4092
263
281
410
672
1136
1382
1496
2503
2853
3418
3479
3874
365
1263
1401
1546
1882
2084
2093
2602
2664
2743
2925
3946
233
591
1461
1467
1573
1960
3272
3331
3537
3645
3891
4032
5
465
1671
1693
2031
2634
2867
2912
3163
3648
3822
3837
324
791
1411
1524
1582
1604
2061
2999
3033
3587
4087
28
119
929
1069
1102
1249
2505
2639
3010
3109
3388
316
595
798
1330
1398
1732
2551
2885
3123
3167
3856
3873
754
836
1285
1645
1674
1744
2030
2575
2623
3357
3654
3896
3954
244
266
335
744
797
1498
1580
1885
2372
2780
3425
4032
102
125
413
537
1336
1760
2176
2461
2860
3364
3628
3734
4042
419
650
1228
1449
2214
2234
2282
2362
2910
3089
3103
3520
75
130
392
429
992
1373
1668
1918
2083
2708
3277
3639
3706
993
1182
1214
1525
3028
3593
3632
3715
3752
3793
4047
4071
68
738
764
1928
2234
2448
2740
3131
3434
3442
3789
4096
830
1256
1486
1565
1791
2270
2390
2789
2973
3481
3628
3809
44
471
902
1130
1397
1987
2157
2632
2666
2669
3346
3821
510
869
974
1116
1216
1715
1766
2186
2296
2305
2645
4025
72
157
641
817
1502
1530
1532
1603
1782
2778
2811
3091
3672
588
719
1024
1137
1188
1407
1593
1911
2175
2487
3016
3746
444
1281
1291
1646
2079
2143
2185
2436
2465
2556
3024
3067
690
794
2005
2126
2395
2675
2740
2887
2906
3027
3258
3946
611
1161
1407
1576
1915
2133
2700
2865
3026
3215
3647
4051
365
842
1572
1580
2188
2424
2437
2627
2638
3075
3294
3986
1133
1297
1602
2077
2344
2430
2876
3419
3476
3512
3860
4068
239
1120
1870
1990
2189
2224
2460
2549
2699
3191
3370
3511
97
1134
1334
1587
1688
2014
2431
2849
2957
3598
3846
3986
424
1908
1999
2177
2231
2262
2409
2856
3107
3330
3882
4054
1087
1204
1623
1942
2229
2297
2506
2573
2593
3061
3181
3795
373
571
619
729
1142
2212
2629
2644
3416
3428
3603
3814
632
900
922
1094
1234
1251
2443
2649
3141
3192
3886
3982
228
926
1396
1764
1898
1971
2195
2297
2888
3088
3130
3785
4025
84
131
297
417
565
861
901
1132
1621
1622
1920
2026
525
766
838
874
1721
1803
2064
2321
2827
2917
3517
3933
360
418
855
1061
1186
1793
2044
2403
2840
3332
3345
4081
1111
1144
1234
1367
1556
2149
2326
2468
2688
3140
3762
3774
472
648
927
1129
1742
2115
2280
2570
2690
2843
3317
3576
126
211
222
223
1397
1904
1923
2601
2674
2731
2987
3831
587
794
1185
1275
1314
1362
1615
2573
2620
2989
3549
3852
549
580
710
722
1119
1305
1443
1611
1855
2476
3023
4059
551
779
1075
1440
2315
2484
2518
2579
3047
3336
3489
4048
147
305
878
929
1387
1517
1553
1650
1690
2570
3806
3894
18
144
479
1165
1279
2237
2307
2453
2507
2871
2916
3506
263
837
1251
1390
1478
1922
2362
2812
2995
3280
3333
3969
371
457
982
1034
1717
1945
2941
2993
2995
3229
3609
3856
263
451
691
827
1935
1968
2280
2371
2536
2861
2970
687
879
1163
1285
1694
1725
2194
2256
2260
2283
2809
3994
337
488
529
1229
1591
2299
2564
3087
3177
3373
3392
3668
1029
1639
2060
2367
2498
2521
2666
2716
3245
3282
3341
3570
828
879
1600
1749
1771
1802
2168
2337
2437
3176
3349
3730
3865
626
1203
2025
2605
2959
3016
3344
3450
3521
3635
3923
85
586
610
726
890
894
1194
1380
1819
2140
2629
2695
53
358
1406
1893
2018
2033
2270
3349
3371
3415
4056
4075
338
1179
1942
2031
2391
2825
3190
3366
3448
3631
3709
3888
333
916
995
1036
1309
1713
2338
2507
3305
3379
3564
3690
3936
95
137
1049
1273
1432
1558
1731
2536
2656
2950
3292
4026
223
224
478
615
1372
1512
2132
2218
2677
3225
3258
3334
4015
539
1668
1695
2046
2413
2599
2641
2645
2719
2898
3527
3553
504
771
802
1294
1617
1670
2626
2703
3195
3329
3522
3995
183
579
1002
1447
1527
1883
2268
2945
3281
3443
3636
4080
555
782
1177
1211
1627
1658
1889
2089
2445
2454
2873
3340
3807
1052
1064
1204
2039
2576
2823
3278
3691
3696
3991
4037
4084
128
744
770
1169
1297
1573
2169
2698
2830
3558
3960
4007
217
276
1315
1474
1552
1866
1931
2717
3462
3507
3590
3725
1442
1465
1523
1562
1590
1645
2260
2842
3165
3291
3336
3699
579
1387
1426
1970
2056
2259
2604
2809
3310
3407
3679
4034
43
98
309
374
460
496
2074
2105
2316
2488
2979
3370
3432
199
391
598
963
1148
1456
1487
2254
2295
2863
2885
3641
3992
300
375
606
1982
1995
2130
2586
2605
2791
3105
3378
3698
93
210
223
378
834
1233
1275
1702
2235
2706
2801
3918
26
203
500
643
739
769
911
2125
2298
2843
2972
2992
21
68
857
1121
1214
1233
1988
2659
2903
2957
3374
3554
3989
526
1242
1246
1364
1731
2039
2455
2566
2614
3096
3386
3728
94
895
1398
1648
1924
1937
1999
2092
2199
2514
3139
3787
3975
46
462
614
1249
2064
2360
2734
3035
3208
3509
4077
152
953
1086
2041
2879
2996
3098
3353
3381
3522
3960
3998
58
765
1094
1240
1613
2184
2806
2898
2957
3091
3637
4008
155
473
592
1575
1871
1930
1966
2213
2568
3277
4039
253
519
834
946
1111
1561
1719
2462
3187
3474
3576
3958
327
842
1722
2072
2077
2151
2598
2930
3071
3257
3925
3951
64
497
1786
1842
2255
2289
3079
3345
3703
3727
3864
31
169
258
663
695
1466
1675
1794
2648
3477
3675
3832
207
679
723
847
882
1599
1825
2301
2757
2914
3268
3749
703
1172
1211
1662
1669
2011
2111
2222
2299
3250
3299
3877
577
764
2545
2555
2807
2929
3129
3322
3420
3596
3680
3782
124
643
1134
1209
1532
1942
1970
2179
2255
3393
3550
4073
390
505
1097
1123
1665
1691
1904
1965
2265
3440
3559
3563
3719
167
254
296
1145
1201
1206
2574
2820
2926
3261
3354
3893
86
756
786
950
1201
1237
1264
1929
3363
3877
3935
4014
2
809
1480
1896
2363
2488
3313
3324
3365
3546
3609
3826
69
240
814
1397
1537
1632
1789
1961
2644
3606
3640
3757
4022
892
1259
1825
2102
2203
2274
2278
2696
3077
3300
3424
3619
278
590
973
1065
1315
1430
2660
3230
3409
3416
3622
4009
800
1257
1282
1500
2261
2443
2509
2529
2756
3273
3281
3667
241
602
685
687
2156
2369
2663
3100
3148
3566
3585
3679
431
943
1060
1995
2059
2396
2565
2640
2979
3389
3391
3440
3953
435
541
816
992
1048
1115
1822
2674
2718
3541
3934
3989
425
578
750
986
1224
1838
2157
2242
2526
3047
3543
3656
202
229
236
240
297
305
845
976
1819
2520
2994
3222
3980
778
1064
1610
1752
1803
1975
2113
2554
3329
3721
3911
3917
505
1155
1861
2080
2106
2253
2266
2530
2697
3021
3166
62
345
404
1041
1270
1715
2662
3115
3280
3503
3623
3666
107
143
668
922
1865
1884
2348
2726
2829
2878
3665
3803
186
196
400
415
495
686
1014
1441
1971
2113
2915
3670
368
445
600
916
1681
2525
2600
2678
3677
4083
566
833
1361
1518
1629
1663
2325
2540
2649
3265
3408
4013
474
628
1347
1371
2895
3188
3412
3495
3731
3801
3964
4041
84
1060
1082
1096
1107
1623
1799
2946
3104
3205
3995
4004
161
257
614
1138
1841
2096
2562
2978
3002
3311
3662
3832
3971
4053
382
408
500
858
1268
1341
1562
1693
2846
3295
3751
3970
452
546
899
1467
1678
2905
3040
3118
3304
3565
3602
4095
467
604
995
1150
1157
1790
2012
2359
2727
3494
3943
3947
409
523
659
834
2148
2197
2607
2908
3360
3734
3990
4064
153
329
743
1286
1319
1705
1795
2048
2087
2192
2214
4059
375
503
667
782
912
1275
1287
1452
1855
2349
2412
2695
221
349
605
1243
1971
2292
2328
2578
2797
3364
3637
3694
129
832
1106
1946
2010
2347
2459
2707
2952
3226
3604
3608
455
660
1514
1590
2145
2588
2634
2687
2791
3204
3735
4065
61
485
490
713
2057
2389
2553
2582
2651
2655
2744
2932
25
63
211
275
413
476
854
1343
1510
2171
2174
2791
3753
500
503
554
556
567
844
1733
3140
3279
3703
3776
3945
483
544
601
1184
1781
1892
1959
2309
3259
3390
3395
3499
458
613
763
952
1131
2489
2837
3083
3227
3664
4008
4012
33
514
627
984
1139
1491
2236
2431
3493
3501
4003
728
1059
1378
1494
1631
1785
2124
2528
2701
3037
3040
3124
600
1188
1633
1634
2037
2404
2422
2567
2589
3088
3661
3720
3944
1
411
631
720
941
1310
1508
2004
2385
3073
3536
4056
161
462
1117
1473
1917
1927
1958
2218
2746
3064
3189
4054
231
431
441
782
928
972
1607
2286
2577
3245
3342
3648
4001
179
319
598
844
1044
2181
2659
2672
2751
3266
3714
4084
486
619
641
1091
1147
1728
2469
2503
2739
3061
3682
3773
171
625
1475
1535
2034
2115
2636
2658
2899
3082
3116
757
1038
1587
1603
2277
2473
2634
2738
2801
3274
3312
3572
325
422
594
972
1074
1262
1309
1433
1976
2006
3145
3733
308
403
552
570
1027
1084
1183
1640
2193
2263
2460
3519
167
846
1148
1191
1445
1542
1926
2117
2546
2874
3800
3888
320
685
817
951
1472
1617
1727
2011
2165
3301
3586
3795
243
268
319
343
406
441
489
1384
2703
3303
3433
3819
306
397
1098
2210
2498
2840
2866
3408
3583
3753
3846
3963
243
551
570
1544
2000
2036
2373
2909
2984
3589
3930
4069
150
221
376
620
662
1097
1167
1434
2010
2539
3224
3697
332
437
568
633
849
893
1552
1850
2183
2251
2487
3112
696
1519
2294
2589
3168
3340
3417
3846
3885
3976
3993
21
1585
2209
2474
2536
2693
2706
2746
2803
3139
3538
3781
39
875
1331
1343
1688
1932
2141
2724
2931
3382
3649
4078
1072
1552
1741
2501
2553
2585
2872
2990
3128
3162
3473
3591
3970
330
522
1353
1619
1832
1922
2252
2358
3166
3181
3481
3738
337
501
717
1092
1302
1516
2104
2340
2391
3612
3729
3780
397
740
767
1109
1293
1435
1742
2163
2382
2420
3002
3151
269
531
724
1444
2219
2257
2602
2606
2904
3234
3306
3542
482
714
717
816
844
904
1404
1780
2350
3316
3353
3551
213
217
604
1581
1893
2339
2426
2473
2850
3147
3289
3400
156
664
732
970
1379
2207
2983
3372
3388
3607
3655
4040
343
720
1711
1816
2088
2136
2400
2826
3323
3770
3776
4070
127
260
399
430
773
1089
1344
1601
1717
2694
3348
3841
4048
216
292
445
892
994
1141
1554
1724
2328
2961
3317
3829
3867
749
1076
1135
1217
1889
2386
2397
3042
3052
3418
3453
3839
51
495
955
1051
2017
2078
2305
2586
2731
2922
3420
3937
141
467
636
1037
1059
1233
1294
1343
1405
1620
3113
3385
3455
3787
508
950
1220
1436
1512
2112
2114
2519
3538
3598
3653
3967
251
1000
1082
1174
1226
2097
2179
2485
3294
3413
3666
3779
61
239
387
731
997
1944
1959
2812
3126
3211
3304
3468
681
850
914
1093
1769
2538
2555
2625
3044
3116
3293
3482
10
210
908
1165
1670
1809
1837
1996
2108
2616
3186
3192
148
169
456
562
621
2137
2160
2921
3344
3526
3580
3848
180
277
586
721
955
2621
2751
2786
2790
3055
3174
3493
4011
48
284
408
965
1635
1848
2006
2239
2740
2806
3084
3159
1
590
599
736
1338
1753
1918
2261
2636
2802
2868
3966
195
595
883
1586
1612
2281
2310
2366
3015
3337
3430
3586
360
447
484
813
1262
2038
2794
3074
3095
3306
3866
3953
574
962
1357
1624
2000
2019
2088
2091
2768
3156
3471
3769
29
937
981
1082
1776
1785
2216
2230
2432
2682
2754
3028
145
298
577
780
1388
1454
1762
2368
2836
2908
3344
3993
286
899
1210
1258
1277
1510
1651
1900
2338
2412
3099
3271
3436
761
1196
1629
1900
2186
2189
2202
2416
2933
3240
3615
3624
72
654
1199
1594
1890
2194
2625
2633
2966
3006
3144
3411
498
788
993
1138
1416
1786
2480
2612
2823
3417
3614
3858
403
1424
1451
1460
2376
2418
2475
2659
2726
2839
3199
4096
545
831
1247
1327
1721
1817
1860
2527
2861
3003
3242
4090
279
339
1350
1425
1808
2671
3533
3552
3563
3720
3742
3909
60
101
829
1383
1618
2083
2208
2499
2902
3406
3480
3532
85
503
868
1342
1365
1749
1817
2144
2533
3050
3239
4076
312
521
788
1403
1451
1621
1660
2210
2916
3616
3746
3791
20
504
529
657
1398
1748
2730
3000
3479
3767
3908
4007
446
508
1221
1266
1373
1735
2288
2357
2419
2773
3021
3851
53
807
1014
1156
1370
1903
2064
2162
2322
2464
2569
3063
3397
92
123
394
703
1582
1664
1944
2523
2770
2838
3745
3996
4060
236
339
648
775
1551
2078
2668
2790
3067
3101
3259
3796
535
716
757
1105
1241
1272
1536
1686
2241
3056
3404
3621
258
867
1249
1571
1835
1846
2199
2272
2481
2577
2609
2769
3300
3356
181
796
957
1214
1231
1473
1952
2495
2808
3731
3897
4057
137
320
759
1298
1511
1637
3109
3274
3444
3451
3594
3841
106
108
959
1228
1336
1654
2313
2328
2907
2939
3351
4090
66
135
415
967
1820
2155
2739
3046
3260
3821
3929
4063
321
1057
1230
1248
1254
2057
2753
3380
3532
3621
3695
3746
686
1121
1164
2020
2431
2979
3068
3263
3483
3606
3883
3904
497
691
922
1116
2060
2386
2756
2795
3067
3605
3754
4010
181
715
949
1947
2360
2470
2544
2635
3153
3340
3952
4021
195
289
375
562
594
644
1421
1432
1753
1837
1960
3869
4075
841
1054
1071
1223
2021
2797
2798
2819
2869
2950
3031
3307
73
507
613
934
2027
2643
2832
2952
3094
3267
3402
3814
202
222
700
858
1272
1671
1981
2032
2637
3069
3606
3612
53
118
211
628
769
1154
1290
1611
2379
2851
3168
3691
430
813
1007
1207
1768
2333
2480
2500
2953
3520
3572
3791
4036
282
447
449
697
1325
1427
1641
1778
1963
2370
2585
3227
42
555
905
1925
1955
2249
2999
3054
3378
3440
3805
3917
425
549
1178
1506
1531
1675
2414
2697
2993
3547
3567
3985
632
730
1107
1484
2310
2380
2402
2900
3096
3368
3438
3526
194
612
707
1706
2045
2173
2331
2491
2853
2962
3113
3505
77
629
953
1172
2617
2736
3046
3204
3426
3681
3711
3745
3935
140
251
432
645
1044
1741
2383
2442
2713
2906
3049
3509
334
478
833
944
1597
1763
2341
2568
3413
3427
3689
3823
461
1244
1380
1774
2104
2136
2257
2562
3350
3854
3903
4073
515
1051
1204
1360
1369
1813
1921
2647
2902
3559
3883
4057
29
740
1145
1694
1943
2119
2287
2583
2722
3684
3789
3996
98
201
378
501
870
1012
1755
1821
1951
2051
2688
3454
1180
1320
2055
2248
2337
3029
3032
3163
3339
3806
3963
3969
156
180
783
1840
1872
2070
2608
2715
3157
3518
3539
3623
19
354
739
1267
2126
2398
2763
2885
3084
3318
3542
4037
289
433
515
1582
1968
1999
2620
2913
3093
3438
3614
3879
465
566
933
1042
1515
1859
2342
2343
2393
2639
2951
4065
339
1158
1356
1575
1628
1761
1797
1982
2099
2416
2486
3058
564
573
722
1271
1504
1632
1707
1932
2490
2650
4052
4061
4092
671
879
1734
2178
2607
3138
3150
3159
3456
3587
4078
4085
128
410
428
920
1998
2524
2549
3109
3498
3502
3540
3701
480
976
1444
2828
2947
2974
3181
3248
3376
3669
3778
3950
320
678
822
868
1053
1433
2052
2919
2998
3156
3204
3856
510
1271
1718
1833
1854
2271
2446
2616
3234
3696
3751
3831
349
553
1905
2264
2474
2482
2547
2780
3132
3226
3246
4067
41
313
368
877
907
1260
1952
2009
2224
2375
2730
2771
3394
362
1400
1673
1973
2086
2372
2779
2934
2969
3020
3023
4018
208
708
1476
1578
1696
1915
2060
2413
2788
3034
3895
3961
956
989
1408
1448
2149
2250
2287
2849
2944
3135
3919
3997
128
559
1181
1367
1451
1674
1781
2107
2167
2614
2716
3494
170
872
977
1332
2291
2318
2502
2611
3409
3475
3627
105
865
1472
1855
1960
2055
2191
2893
3482
3752
3788
3833
161
278
328
347
398
1502
1897
2040
3159
3742
3816
3899
121
144
440
1031
1434
1606
2590
2722
2934
3467
3574
3691
567
1372
1700
1891
1893
2156
2413
2657
3232
3584
3981
4048
138
262
737
750
819
2479
2496
2537
2621
3051
3128
3626
2
238
344
723
787
1316
1350
1424
1748
2182
2463
2582
756
784
1016
1019
1656
1717
3241
3601
3620
3711
3784
3947
136
274
826
1104
1956
2873
3012
3103
3660
3915
4024
4077
714
1203
1335
1386
1426
1729
1869
2167
2753
2771
3513
3954
232
277
1046
1151
1185
1658
1874
2094
2389
2483
2548
3577
22
353
499
1062
1602
2405
2584
2601
3119
3562
3672
3841
523
1477
1509
2225
2474
2852
2990
3076
3129
3175
3284
3825
353
502
1161
1628
1701
2353
2392
2462
2564
2983
3107
3755
549
550
724
752
852
944
1913
2022
3451
3491
3511
3668
678
1076
1171
2406
2441
2522
2971
3230
3244
3422
3720
4033
45
352
521
544
583
1017
1762
2162
2966
3292
3328
3373
4038
329
457
486
615
1212
1332
1806
2642
2712
3500
3833
3977
356
446
747
1529
1847
2407
2702
3160
3236
3461
3580
3831
133
248
593
638
698
965
2238
2591
3193
3217
3245
3724
292
432
506
677
1238
1923
2180
2569
2579
2685
2784
4018
283
892
951
1194
2129
2147
2467
2720
3528
3543
3683
401
436
683
1136
1482
2314
2566
2631
3133
3295
3629
4034
620
897
1452
1468
1589
1683
1998
2375
2848
3253
3571
3771
157
1030
1120
1324
1328
1498
2812
2916
3195
3336
3488
3644
326
330
1001
1205
1276
1511
2014
2104
2800
3027
3265
3735
235
330
821
948
1359
1393
1749
1834
2163
2753
3111
4085
72
79
396
850
988
995
1003
1497
1585
1959
2831
3543
275
370
987
1590
1638
1684
2137
2178
2193
2453
2496
3810
390
494
1238
1303
1914
2568
2677
2897
2983
3030
3737
3786
177
468
726
1006
1055
1392
1667
1850
2321
3146
3361
4083
204
545
823
1164
1219
1454
1885
2493
2724
2951
3297
3359
62
447
808
920
1276
1400
2504
2554
2793
3497
3848
3958
74
294
630
793
1325
2103
2477
2894
2955
3022
3263
3875
527
612
1428
1607
2295
2355
2484
2613
3224
3456
3474
3504
193
430
1677
2203
2804
2827
3207
3210
3423
3530
3642
4063
603
679
741
1250
1463
1711
2258
2752
2809
3719
4000
4003
172
618
1103
1381
1581
2066
2395
2638
2648
2717
2972
3610
119
514
856
902
1500
1569
2259
2414
2891
3218
3287
3308
616
768
810
973
996
1130
1578
2024
2557
2673
2725
2789
8
541
630
811
1200
1336
2307
2626
2637
3024
3389
3563
204
567
1503
1608
1827
1843
1927
1983
2284
2524
2622
3536
3564
353
476
825
1104
1208
1237
1347
1828
2463
3325
3514
3888
255
363
1108
1649
2552
2875
2892
2992
3791
3927
4013
4020
4072
194
212
323
621
1166
1296
1525
2042
2352
2699
3328
3407
3724
3889
11
162
454
659
682
1117
1195
2461
3111
3595
3902
3997
724
924
930
1247
1969
2070
2942
3444
3604
3704
3739
4016
733
942
984
1389
2023
2127
2368
3138
3220
3423
3809
4036
386
583
1149
1160
1232
1538
1633
1722
3296
3357
3583
3728
27
356
377
664
1886
2329
2336
2497
3073
3292
3524
4082
374
436
572
718
966
1207
1784
2277
2292
2423
2967
3988
453
489
770
829
1311
1868
2051
2434
2683
3589
3640
4024
34
372
675
2114
2133
2282
2347
3070
3530
3700
3905
4028
818
1388
1735
1996
2212
2531
2554
2681
2770
3236
3302
3700
3763
3828
1069
1366
1399
1571
1594
2110
2606
3254
3290
3472
3723
3750
457
1321
2049
2420
2441
2497
2894
3165
3265
3352
3844
4029
512
1322
1584
1800
2179
2441
2563
2763
3045
3466
3778
3858
276
424
431
1099
1239
1326
2217
2530
2946
3242
4029
4055
264
636
1006
1304
1416
2102
2327
2394
2559
2720
3032
3216
3285
165
646
721
1099
1434
2041
3101
3149
3611
3629
3758
3793
416
710
764
866
1140
1236
1726
2325
2429
2850
3039
3459
522
606
665
714
881
1086
1311
2025
2354
2379
2761
3009
82
1485
1916
2006
2119
2206
2557
2913
2967
3199
3861
3936
174
175
327
566
1712
1798
1856
1917
2490
2709
2869
3223
331
378
849
1462
2089
2472
2868
3200
3355
3582
3792
4007
328
768
1118
1182
1264
1817
1873
1995
2860
3046
3147
3916
381
633
1471
1689
1792
1849
2094
2101
2954
3132
3213
3411
410
931
983
1328
1637
2113
2381
2535
2928
3060
3224
3948
95
317
772
864
1170
1346
1593
2117
2383
2696
3625
3843
104
776
795
818
1190
1295
1547
2015
3183
3271
3540
3772
143
302
513
868
1499
1542
1652
1690
2598
2762
2831
3801
233
493
1506
1569
1858
2046
2205
2385
2769
2965
3182
3802
332
648
1357
1976
2265
2732
3094
3308
3323
3851
3897
4066
1346
1496
1803
1929
1933
2342
2548
3096
3337
3339
3375
3635
421
903
1470
1521
1746
1968
2089
3375
3424
3709
3925
4062
314
608
1218
1940
1984
2168
2190
2820
3131
3561
3627
4012
689
761
993
1655
1988
2107
2337
2989
3321
3467
3626
3656
56
117
134
146
979
1480
2054
2401
3163
3332
3521
4009
151
160
541
668
1141
1647
1889
2576
3172
3627
3748
3792
407
502
700
1365
2669
2670
2703
2810
2897
3419
3871
3983
71
443
540
676
1479
1805
2813
2876
3050
3447
3630
4031
186
197
244
288
506
530
1176
1194
1370
3358
3740
3985
35
820
842
1222
1362
1401
2450
2772
2932
3007
3391
4096
165
187
480
561
1878
2252
2313
2367
2684
2793
3192
3207
109
166
690
1012
1351
1459
1504
1521
2254
2324
2764
3923
458
584
605
977
2333
2749
2770
2903
2974
3941
3997
3999
351
1098
1197
1348
1361
1884
1961
2138
2215
2917
2963
3545
965
1284
1365
1760
1768
2139
2590
2671
3581
3593
4021
4064
93
685
906
1011
1080
1132
1192
1853
2002
2317
3707
4046
250
603
790
1058
1459
1507
1708
2094
2892
3620
3885
3973
122
305
388
393
751
1278
1527
2040
2982
3291
3689
3793
553
877
938
1110
1448
2556
2597
2708
2862
3243
3275
3599
897
904
1205
1564
1754
1992
2053
2995
3161
3363
3405
3500
3893
13
70
103
350
537
1460
1487
1836
2857
3171
3822
4081
424
853
1256
1346
1395
1464
2628
3086
3105
3464
3552
4002
363
647
885
1007
1099
1374
1418
1548
2167
2615
2835
3025
3291
366
745
1144
1497
1539
1630
2309
2632
2829
3080
3446
3673
37
598
634
910
1291
1550
1652
2131
2774
2841
2847
3783
1056
1408
1680
1746
1767
2097
2558
2870
3487
3610
4006
4055
535
1311
1377
1475
2135
2152
2223
2935
3580
3692
3942
4091
760
803
2212
2231
2493
2749
2911
2975
3445
3485
3583
3989
82
652
754
1338
1356
1456
2270
2565
2617
3053
3110
3164
1639
1672
2662
2794
3236
3396
3548
3649
3703
3836
3916
4038
525
560
654
969
1278
1477
1641
1807
2186
3713
3911
4011
149
187
348
774
1063
1209
1692
2153
2389
2689
2874
3598
347
434
860
1801
1966
2604
2805
3421
3463
3975
4045
511
576
624
716
749
1647
2290
2429
2680
3122
3815
4088
242
426
862
1008
1413
1417
2195
2303
2517
2906
3314
3666
102
261
730
1092
1177
1579
1777
1778
1956
2161
2767
2991
3078
871
1113
1399
2093
2563
2577
2742
2779
2859
3561
3644
3940
33
309
596
776
851
2225
2477
2814
3090
3188
3255
4067
163
357
528
587
1026
1245
1300
2492
3019
3149
3171
3930
647
768
1659
1891
2188
2597
2796
3185
3602
3667
3863
3983
281
837
863
1715
1926
2033
2306
2558
2561
2750
3015
3040
113
1091
1392
1558
1684
1775
2116
2303
2444
2727
2919
3184
3872
30
191
385
476
703
1524
1640
1679
2229
2487
3293
4004
55
65
758
1167
1643
1744
2001
2085
2362
2667
2833
2997
23
78
357
625
1303
1383
1457
1836
2351
2356
2382
2741
285
989
1073
1243
1313
1704
1925
2402
3343
3431
3833
4064
76
206
574
637
940
966
1090
1615
1802
2759
3338
3547
371
873
917
1491
2035
2226
2883
3167
3484
3556
3781
3962
396
456
828
903
909
1845
2656
2786
2823
3064
3514
3585
3802
54
896
1352
1396
1833
1920
1957
2253
2596
2642
2705
2714
3908
60
234
260
1546
1948
2410
2606
2907
3252
3297
3633
4072
149
173
272
563
783
1751
2428
2792
2961
3006
3414
3548
121
224
382
2339
2765
2891
2966
3268
3477
3677
3811
3878
286
485
647
779
1319
1644
2537
2581
2938
3045
3463
4083
268
287
467
815
1084
1270
1429
1589
2419
2762
2882
3376
3847
343
746
873
921
926
996
1185
2351
2939
3386
3836
4079
106
903
925
1609
1809
1865
2603
2714
3194
3326
3733
3965
859
880
981
1147
1675
1949
2206
2494
2591
3492
3594
3688
9
392
412
552
1001
1182
1843
1972
3312
3532
3773
4052
37
80
205
876
1127
1171
1747
3126
3764
3850
3934
4053
354
603
653
1039
1338
1392
1656
2227
2339
2815
3315
3723
702
775
949
1357
1558
1588
2447
2755
3087
3310
3643
3849
36
207
532
669
1986
3068
3180
3258
3300
3716
3743
3968
33
364
671
677
753
1376
1486
1830
2381
2459
3296
3804
11
968
1229
2111
2197
2415
2477
2758
3034
3294
3662
3891
140
419
662
938
948
1782
1993
3038
3515
3661
3753
3788
527
637
691
991
1403
1698
1833
1882
2178
2776
3557
3935
6
346
693
816
896
976
1202
1393
1409
1709
2092
3196
271
444
728
805
1270
2085
2444
2508
2639
3086
3199
3451
1364
1700
1954
2012
2380
2478
2587
3132
3407
3595
3649
3826
51
122
459
517
824
1063
1120
2099
2123
2147
2220
3876
604
741
1023
1340
1697
1763
2899
3108
3267
3727
3790
3912
697
1265
1489
1897
2166
2300
2680
2933
3062
3313
3712
4016
54
644
835
1963
1967
2075
2195
2232
2307
3102
3796
4047
207
492
652
1251
1342
1602
1857
2800
3393
3452
3502
3769
1129
1425
1615
1820
1924
2662
3047
3470
3488
3718
4028
4066
154
1210
1459
1494
1515
1676
1772
2991
3000
3490
3737
4069
253
260
267
310
1445
1847
2203
2285
2772
2955
3736
3919
168
373
494
517
640
2327
2602
2657
2785
3279
3486
3754
16
26
57
461
639
1673
1919
2717
2835
3107
3327
3603
111
423
829
1036
2134
2300
2331
3048
3144
3491
3549
3615
471
1464
1805
2063
2069
2498
2588
2747
2892
3366
3715
3898
294
472
805
1043
2015
2079
2160
2507
2633
3043
3589
3601
1
13
25
37
49
61
73
85
97
109
121
133
145
157
170
181
193
206
218
230
242
254
266
278
290
302
314
326
338
350
362
374
386
398
410
423
435
446
459
471
483
495
507
519
531
543
555
566
578
589
601
613
624
636
648
661
673
685
697
709
719
731
743
755
767
779
790
801
813
824
836
847
859
871
885
897
910
922
934
946
958
970
983
995
1007
1019
1031
1043
1055
1066
1078
1090
1101
1112
1124
1135
1146
1158
1170
1183
1195
1208
1220
1232
1244
1256
1268
1279
1291
1303
1315
1327
1338
1350
1363
1375
1387
1398
1409
1421
1433
1445
1457
1469
1481
1493
1505
1517
1529
1542
1554
1567
1578
1590
1602
1614
1625
1637
1648
1660
1672
1683
1695
1707
1719
1731
1743
1755
1767
1779
1791
1803
1815
1827
1839
1851
1863
1875
1887
1899
1912
1924
1936
1947
1959
1971
1982
1994
2007
2019
2031
2043
2055
2066
2078
2090
2102
2114
2127
2137
2149
2161
2173
2185
2196
2208
2220
2232
2244
2256
2268
2280
2292
2304
2316
2327
2339
2351
2363
2375
2387
2398
2410
2421
2433
2446
2458
2470
2482
2494
2506
2518
2530
2542
2554
2565
2577
2588
2600
2611
2623
2635
2647
2659
2671
2683
2695
2707
2719
2731
2743
2755
2766
2779
2791
2803
2814
2826
2838
2850
2862
2874
2886
2898
2910
2924
2936
2947
2959
2972
2984
2996
3008
3020
3032
3044
3056
3068
3080
3092
3103
3115
3127
3139
3151
3164
3176
3187
3199
3211
3222
3233
3245
3257
3269
3280
3292
3304
3316
3328
3340
3352
3363
3375
3387
3399
3411
3423
3435
3447
3459
3471
3483
3495
3507
3518
3528
3540
3552
3563
3575
3587
3599
3611
3623
3635
3647
3659
3671
3683
3695
3706
3718
3730
3743
3754
3766
3779
3791
3803
3815
3827
3840
3852
3864
3876
3888
3899
3911
3923
3935
3948
3960
3973
3985
3997
4009
4021
4033
4045
4057
4069
4081
4093
4104
4116
4129
4141
4153
4165
4176
4187
4198
4211
4223
4235
4247
4259
4270
4282
4294
4305
4317
4329
4341
4353
4365
4376
4388
4400
4412
4424
4437
4449
4461
4473
4486
4498
4510
4522
4534
4546
4558
4570
4581
4593
4606
4617
4628
4640
4652
4664
4676
4688
4700
4712
4724
4736
4747
4759
4772
4784
4796
4808
4820
4833
4845
4858
4870
4881
4893
4905
4916
4928
4940
4952
4964
4976
4988
5000
5012
5024
5036
5049
5061
5073
5085
5097
5110
5122
5134
5146
5158
5170
5182
5194
5206
5218
5230
5241
5253
5264
5277
5289
5300
5313
5325
5337
5349
5361
5373
5385
5396
5407
5419
5431
5443
5455
5467
5479
5491
5502
5513
5525
5537
5549
5561
5573
5585
5597
5609
5621
5632
5644
5657
5669
5681
5694
5707
5720
5732
5744
5756
5768
5780
5793
5805
5818
5830
5842
5854
5866
5878
5890
5901
5913
5924
5936
5948
5961
5973
5985
5997
6008
6020
6032
6044
6055
6067
6080
6092
6104
6116
6127
6139
6151
6163
6175
6187
6199
6211
6223
6234
6246
6257
6269
6280
6292
6304
6316
6328
6340
6352
6364
6376
6387
6398
6410
6422
6434
6446
6458
6470
6482
6493
6505
6519
6531
6543
6554
6566
6577
6590
6602
6614
6626
6638
6650
6662
6674
6686
6698
6710
6722
6734
6746
6758
6770
6782
6794
6806
6818
6830
6842
6854
6866
6878
6890
6902
6914
6926
6938
6950
6962
6974
6987
7000
7012
7025
7037
7049
7060
7072
7084
7096
7108
7120
7132
7144
7156
7168
7180
7192
7205
7217
7229
7241
7253
7264
7276
7288
7300
7312
7324
7336
7348
7360
7372
7384
7396
7408
7420
7432
7444
7455
7467
7479
7491
7503
7515
7526
7536
7548
7560
7572
7584
7596
7608
7620
7632
7643
7654
7666
7679
7691
7704
7716
7729
7741
7753
7765
7777
7789
7802
7814
7826
7838
7850
7862
7874
7886
7898
7910
7922
7934
7946
7959
7971
7983
7995
8007
8019
8031
8043
8055
8067
8079
8091
8103
8115
8126
8138
8150
8162
8175
8186
8198
8210
8222
8235
8247
8260
8272
8284
8296
8309
8321
8333
8345
8357
8369
8382
8395
8407
8419
8431
8444
8456
8469
8480
8492
8504
8515
8527
8539
8550
8562
8574
8586
8598
8610
8623
8635
8647
8659
8672
8684
8696
8708
8720
8733
8745
8757
8770
8782
8793
8805
8817
8829
8839
8851
8863
8875
8889
8901
8913
8925
8937
8949
8961
8973
8985
8997
9009
9022
9034
9046
9058
9069
9081
9094
9106
9118
9131
9143
9155
9166
9178
9190
9202
9214
9226
9238
9250
9262
9274
9286
9297
9309
9321
9334
9346
9358
9370
9382
9394
9406
9418
9430
9443
9456
9468
9480
9494
9506
9518
9530
9542
9554
9566
9579
9591
9603
9615
9627
9639
9651
9663
9676
9688
9700
9712
9724
9736
9748
9760
9772
9784
9796
9808
9821
9834
9846
9858
9872
9884
9896
9908
9920
9932
9944
9956
9968
9981
9993
10005
10017
10029
10042
10054
10066
10078
10090
10102
10115
10127
10139
10151
10163
10175
10187
10199
10211
10223
10235
10247
10259
10272
10284
10296
10308
10320
10332
10344
10357
10369
10381
10393
10405
10416
10428
10440
10452
10464
10476
10488
10500
10512
10524
10536
10548
10560
10572
10584
10596
10609
10621
10633
10645
10657
10668
10680
10692
10704
10716
10728
10740
10752
10764
10776
10788
10800
10812
10824
10836
10848
10860
10872
10884
10896
10909
10921
10934
10948
10960
10972
10984
10996
11008
11020
11032
11044
11058
11070
11082
11094
11106
11119
11131
11143
11155
11167
11179
11191
11203
11215
11227
11239
11251
11263
11275
11287
11299
11311
11323
11335
11347
11359
11371
11383
11395
11407
11419
11431
11443
11455
11467
11479
11491
11503
11515
11528
11540
11552
11565
11577
11589
11601
11613
11625
11637
11649
11661
11673
11684
11696
11708
11721
11733
11745
11757
11769
11781
11794
11806
11818
11830
11842
11854
11866
11879
11892
11904
11916
11928
11940
11953
11965
11977
11989
12001
12013
12025
12037
12049
12061
12073
12085
12097
12109
12121
12133
12145
12157
12169
12181
12193
12205
12217
12229
12241
12253
12265
12277
