820
4096
12288
92
505
932
1047
1177
1499
2328
2370
2448
2673
3081
3480
3670
3915
4041
973
1393
1828
2434
2462
2659
2817
2840
2913
2973
3396
3487
3717
3978
4087
610
993
1256
1638
1842
1863
1964
2871
2884
2984
3015
3055
3218
3437
3585
15
675
888
1161
1207
2492
2634
2968
3071
3320
3719
3999
4013
4070
62
576
618
1430
1835
2190
2621
2741
2774
2847
3214
3440
3750
4034
81
123
612
897
966
1137
1408
1448
2207
3089
3102
3205
3581
3664
190
1271
1274
1494
2250
2543
2928
2999
3001
3137
3394
3403
3753
3926
519
531
765
841
1371
2046
2188
2592
2802
2968
3037
3119
3130
3642
18
53
345
417
433
544
1619
1800
2157
2165
2280
3102
3704
3794
4071
34
96
336
412
1174
1409
2467
2927
3019
3044
3570
3705
3899
317
934
941
1082
1100
1424
2194
2476
3214
3354
3362
3378
3452
3874
3940
129
228
811
847
1127
1256
1399
1923
1954
2456
3038
3199
3898
3990
4079
379
607
785
831
1106
1339
1454
2663
3091
3260
3284
3462
3491
3779
4017
50
233
301
315
438
1828
1971
2133
2277
2367
2417
3082
3300
3334
3419
3630
3896
38
310
449
612
790
865
1018
1739
1798
2585
2705
2763
3265
3268
3872
68
202
281
671
950
1376
2249
2353
2565
2759
3062
3216
3286
3649
3651
163
251
1118
1283
1754
1813
1825
2287
2364
3151
3263
3299
3522
3694
3869
6
44
573
632
1038
1589
1648
2728
2758
3151
3429
3497
3653
4011
4047
176
282
928
1050
1311
1644
1974
2154
2174
2182
2414
2876
2885
3833
77
266
1065
1144
1604
2152
2364
3268
3623
3688
3712
3718
3870
3881
3922
645
1007
1011
1047
1286
1876
1928
2346
2507
2733
2759
2962
3413
3639
3836
280
698
1508
1680
1720
1871
1890
1999
2912
3354
3411
3472
3655
3800
3927
461
792
833
992
1080
1796
1893
2067
2249
2415
2839
3324
3425
3670
4095
376
460
752
863
883
1069
1200
1666
1870
1885
2066
2268
2341
4003
4058
28
102
354
537
688
1426
1651
1813
1851
2156
2563
2751
3226
3436
3557
3708
400
765
983
1570
1714
1891
1980
2099
2792
2974
3433
3439
3654
3860
162
605
1024
1141
1564
2645
2845
2861
3043
3292
3412
3747
4031
4042
4071
94
146
487
515
689
865
1066
1224
1730
1821
1909
2007
2864
2999
3693
19
85
641
973
1127
1473
1685
1875
2088
2406
2558
3057
3288
3781
3922
98
346
485
630
718
1402
2271
2420
2592
2598
2676
2878
2996
3004
3386
3532
130
270
410
790
1230
1289
1317
1340
1593
2132
2455
2495
2756
2805
3760
180
190
762
1313
1622
1629
1748
2309
2373
2643
2894
2912
3233
3241
3266
661
1231
1242
1244
1586
1762
1919
2174
2180
2215
2470
2547
3274
3299
3501
283
510
1132
1160
1776
1778
2016
2287
2366
2528
2773
3314
3796
3856
3918
793
1786
2261
2340
2407
2425
2510
2589
3025
3316
3475
3917
3920
1600
1710
1744
1798
1940
2517
3211
3231
3375
3566
3628
3924
323
573
1343
1399
1459
1853
2106
2266
2286
2365
2571
2581
2793
3153
3172
13
426
1305
1332
1370
2002
2312
2427
2536
2572
2980
3515
3757
3921
4039
52
444
999
1415
1647
1672
2147
2212
2305
2572
2625
2657
2748
2779
373
601
999
1102
1416
2174
2451
2513
2586
2768
2803
3383
3399
3496
3888
275
611
678
688
958
1619
1763
2176
2706
2972
3120
3420
3679
3705
3826
159
1014
1093
1169
1415
1470
1654
1738
1904
1914
2034
2120
2852
3335
3720
84
98
328
349
1030
1674
1752
1783
1843
2834
3066
3112
3708
3823
3855
11
90
144
465
766
868
949
989
1521
1619
1711
1814
1829
2362
2599
3656
381
656
1209
1349
1393
1590
1995
2278
2406
2655
2680
2788
3472
3486
3531
717
805
890
1136
1445
1555
1716
1902
1929
2494
2583
2628
2997
3034
3745
185
296
398
933
1293
1394
1590
1680
1872
1882
2328
2703
3465
3664
3856
4065
138
295
591
629
729
1675
2538
2800
3000
3042
3238
3308
3323
3413
136
261
360
585
1723
1858
1981
2130
2157
2210
2521
2539
2822
2838
4047
247
714
1060
1074
1207
1728
1852
2420
2506
2679
2700
3271
3291
3556
3671
3723
3749
344
651
713
802
1327
1329
1585
2018
2360
2720
2758
3100
3180
3253
3866
22
421
440
1117
1310
1327
1438
1890
1980
2253
2530
2688
3359
3436
3603
166
614
1108
1321
1475
1975
2606
2610
3087
3128
3288
3477
3573
3639
4029
4055
336
580
877
943
1191
1497
1597
2148
2476
3105
3365
3397
3701
3833
383
980
1401
1413
1558
2041
2166
2204
2227
2516
2785
3083
3220
3500
3752
79
167
211
318
451
825
1862
1915
2706
2870
3542
3725
3909
3944
3955
544
958
979
1075
1369
1392
1733
1821
1835
2267
3048
3567
3716
3731
337
548
779
1202
1264
1759
2134
2246
2918
3238
3348
3360
3459
3540
3651
3827
25
208
446
584
747
1207
2396
2490
2868
2966
3213
3219
3633
3734
147
248
311
887
1395
1898
2383
2496
2627
3091
3157
3216
3509
3552
3822
3882
203
405
432
619
687
904
1368
1514
1862
2103
2305
2478
2850
3240
3401
3580
40
142
263
304
445
893
1146
1906
2029
2183
2568
2622
2962
3462
3809
69
71
83
977
1159
1326
1751
2064
2225
2450
2923
2948
3753
3887
3896
3905
134
311
437
1509
1686
2223
2568
2820
2968
3014
3027
3029
3291
3656
4003
45
47
176
265
292
626
777
1172
1975
2060
2110
2214
2298
2429
3406
3908
184
1066
1099
1322
1460
1511
2065
2153
2596
2903
3029
3227
3368
4035
230
235
821
1053
1192
1217
1526
1554
1781
2135
2965
3098
3118
3684
4044
539
672
1210
1371
1533
2220
2477
2953
3120
3349
3489
3523
3948
3999
4081
22
506
668
1104
1626
1683
1778
2205
2440
2628
2746
2892
3009
3777
4095
283
507
532
680
1183
1775
2128
2513
2818
3023
3345
3368
3689
3766
3905
436
468
849
1067
1624
1665
1755
2260
2351
2504
3021
3024
3528
3756
38
39
290
595
925
1001
1005
1014
1366
1537
2571
2631
2850
3026
3621
731
754
769
1210
1606
1694
1837
2186
2230
2781
3194
3335
3343
3866
3997
494
578
845
884
1301
1786
1968
1972
2078
2256
2353
2535
2597
3097
3528
444
509
785
886
946
1109
1328
1595
2403
2440
2784
2883
2902
3140
3844
18
24
430
743
810
859
1061
1660
1689
1808
1839
2075
2977
3114
3340
275
395
1358
1476
1498
1900
1947
2242
2344
2705
2718
2796
3244
3499
3790
172
857
962
1445
1538
1694
2207
2272
2537
2828
3031
3415
3530
3557
3755
3877
114
315
362
555
710
768
910
996
1042
1190
1279
1658
1742
2732
2925
3812
88
213
666
1053
1274
1405
1510
2074
2665
2822
2833
2923
3169
3596
3939
4
735
738
1168
1196
1350
1383
2015
2069
2140
2997
3132
3385
3537
3786
630
699
866
995
1151
3232
3274
3278
3332
3726
3888
3903
3930
3973
252
375
460
514
834
1573
1768
1845
1995
2040
2435
2439
2786
3379
3784
94
193
733
855
878
959
1064
1173
1646
1918
2141
2489
2828
2893
3995
182
974
995
1245
2104
2384
2636
3289
3290
3389
3699
3790
4042
2
56
137
659
765
791
1525
1553
1715
2276
2931
3234
3469
3550
3901
4096
9
119
446
686
1062
1145
1718
1826
1884
2403
2487
2555
3090
3286
3323
3987
238
257
464
616
654
1148
1502
1592
1836
2196
2256
2590
3028
3305
3490
206
462
500
519
758
1025
1335
1632
1673
1965
2204
2377
3182
3875
4020
231
327
1189
1714
1720
2024
2093
2121
2281
2988
3505
3612
3802
3889
3897
151
389
436
733
1687
2104
2299
2469
2558
2736
2763
2808
3336
3458
3470
180
723
876
1635
1674
1932
1995
2220
2438
2962
3612
3900
3906
3932
4047
159
161
524
658
745
1792
2359
2369
3038
3075
3121
3188
3504
3588
3798
3977
44
47
704
862
929
1421
1970
1994
2300
2357
2526
3099
3415
3440
3634
497
731
1380
1413
1573
1844
2449
2557
3002
3050
3563
3754
3797
3900
24
643
976
1272
1400
1734
1887
2041
2477
2593
2908
2913
3007
3561
3866
326
390
958
1609
2253
2277
2333
2901
3005
3039
3067
3091
3205
3447
3857
109
136
254
276
1660
2270
2434
2487
2573
2764
2861
3053
3276
3333
3952
238
858
1262
1867
2223
2250
2633
2650
2730
2969
3067
3297
3717
4080
4
436
1111
1442
1520
1698
1745
1793
1858
2175
2584
3067
3677
3913
4005
372
642
655
813
825
1211
1221
1266
1593
1715
2117
2331
2591
3840
3859
167
415
431
483
703
861
1624
2356
2368
2464
2615
2928
3471
3957
66
800
1064
1108
2416
2941
2964
2984
3246
3247
3412
3466
3474
3636
3840
4065
165
291
327
683
737
1304
1695
1797
2112
2136
2493
2603
3331
4073
84
286
471
1510
1622
1727
1791
2103
2289
2433
2525
2623
2939
3714
3944
91
991
1370
1443
1509
1806
2232
2540
2808
2993
3021
3034
3110
3482
283
590
985
1186
1230
1597
1630
1815
1818
2738
2863
3670
3850
4019
175
300
410
687
1069
1404
2330
2731
3226
3643
3816
3825
3827
3878
3881
48
138
317
472
516
542
815
1329
1592
1991
2071
2402
2956
3804
3809
776
906
1056
1111
1210
1704
2020
2078
2218
2528
3047
3558
3732
3817
80
229
513
748
1468
1609
2170
2276
2282
2541
2562
3081
3818
3854
4031
185
795
844
941
1099
1111
1429
1711
1924
1990
2014
2074
2142
3072
3170
407
617
921
1124
1494
1533
1886
2150
2155
2248
2313
2738
2755
3062
3553
219
686
787
955
1004
1182
1240
1353
1410
1469
1696
1891
2073
3544
4028
164
806
1077
1109
1316
1726
2324
2418
2471
2663
2944
3107
3252
3450
3884
321
345
427
493
1334
1418
1482
1527
2138
2559
2617
2741
3026
3572
3605
3960
143
443
448
684
1299
1731
1839
2289
2305
2844
3261
3330
3461
3952
3983
6
56
83
104
415
1162
1163
1299
2026
2329
2644
2935
3190
3669
541
719
1095
1188
1224
1367
1493
1879
2610
3006
3283
3303
3336
3860
4070
382
404
689
1486
2082
2216
2307
2495
2514
2950
3196
3830
4027
435
592
628
1019
1175
1201
1259
1419
1789
1993
1999
2590
3176
3398
3534
3968
117
186
660
1057
1158
1794
2030
2048
2116
2323
2363
2871
3418
3457
3641
409
600
614
842
997
1253
1905
2036
2111
2331
2541
2678
2720
3134
3494
187
898
906
1628
1897
2044
2243
2415
2520
3065
3389
3972
3990
4006
188
375
450
846
1116
1165
1221
1805
2605
2664
2873
3084
3516
4002
131
186
605
659
931
1157
1159
1533
1554
2426
3315
3493
3967
4054
129
208
351
664
668
1480
1658
2114
2824
2893
3166
3487
3935
4009
45
198
245
297
329
976
1084
2194
2554
2604
2977
3474
3571
3599
3696
4064
112
166
546
642
817
920
1166
1197
1277
2619
2861
3428
4033
4040
25
110
524
953
995
1189
1388
1540
2443
2572
2782
2838
3051
3517
3846
717
884
1191
1275
1409
1440
1738
1753
2057
2580
2637
3264
3713
3928
4078
224
361
1651
1779
1849
2030
2137
2211
2658
2719
2763
2786
2949
3459
3833
61
67
233
523
713
951
1458
2022
2434
2716
3016
3429
3560
3635
3819
349
535
603
638
1003
1035
1058
1234
1260
1960
1973
2342
2361
2422
2890
3360
3672
241
317
322
369
741
750
1280
1398
1404
1489
2195
2671
3559
3723
3744
501
747
818
945
1143
1392
1413
1688
1697
1706
1925
1977
2158
2473
2950
3221
784
1325
1352
1539
1629
1655
2397
2489
2525
2708
2851
3059
3235
3273
3601
3798
250
1294
1559
1766
1985
2090
2480
2489
2772
3387
3733
3801
3820
3857
3949
256
500
531
715
918
1204
1718
1805
1913
2140
2902
2911
3344
3395
3729
3773
4075
59
363
483
803
1090
1418
1508
1621
2438
2557
3135
3578
4018
4079
122
1007
1289
1310
1733
1996
2113
2179
2591
2633
2843
3511
3666
3745
3963
33
40
537
874
927
1670
2348
2430
2505
2526
2711
2922
3293
3765
596
968
1142
1308
1637
1976
2130
2191
2303
2801
3021
3608
3666
3934
3957
4078
647
1182
1223
1530
1546
1954
2031
2134
2191
2963
3135
3490
3803
3904
4067
348
411
512
1073
1412
1535
1838
1892
1907
2683
3232
3799
3842
4032
174
347
554
652
1072
1323
1571
1616
2009
2240
2766
2774
2933
3132
4007
5
324
1083
1125
1875
2002
2160
2231
2390
2912
3567
3616
3652
3904
3936
535
560
892
1095
1913
2199
2312
2457
2836
2916
3410
3695
3913
4086
220
368
864
910
1390
1543
1749
1889
2076
2109
2280
3168
3377
3830
3953
95
434
1096
1848
2141
2248
2340
2373
2536
2917
2985
3191
3433
4025
4054
143
491
728
776
931
968
1097
1551
1555
1735
1866
1970
2814
3247
3654
654
937
941
1046
1322
1950
2208
2291
2564
3288
3385
3392
3507
3561
3689
647
840
950
1148
1617
1699
1802
1930
2212
2243
2704
3180
3181
3575
4035
243
281
701
845
1220
2186
2297
2540
2806
2859
3441
3527
3549
3917
33
218
405
511
1071
1086
1177
1427
1569
1678
2734
3156
3548
4077
172
268
271
568
627
634
886
1679
2205
2547
2662
2714
2790
3448
3602
442
491
727
1220
1224
1615
1768
1907
2107
2714
3220
3295
3828
3988
4053
192
527
649
1040
1292
1312
1637
1939
2177
2261
3253
3559
3564
3700
475
493
812
889
939
1015
2460
2554
2662
2910
3231
3625
3682
3743
3979
528
1465
1725
1932
2006
3063
3092
3319
3495
3621
3685
3820
3974
150
848
1096
1779
1934
2158
2232
2408
2461
2534
2824
2881
3114
3293
3633
23
423
501
797
951
1231
1555
1618
1829
2647
2959
3301
3438
664
875
913
1017
1138
1351
1412
2182
2200
2330
2579
2592
2696
2704
3165
206
1180
1342
1595
1898
2257
2392
2646
2773
2926
2951
3017
3399
4021
149
355
522
740
895
905
1108
1576
1873
1926
2132
2326
2395
2630
4051
224
315
769
1366
1895
2149
2183
2208
2431
2484
3602
3705
3721
3756
581
784
1255
2089
2466
2646
2748
2932
2979
3325
3491
3679
3847
3983
67
76
343
467
838
891
954
1152
1231
1268
1296
3066
3795
4010
371
811
887
1726
1744
2096
2250
3000
3088
3117
3130
3369
3402
3472
3937
314
994
1376
1471
1796
1807
1813
1962
2259
2699
2887
3461
3583
3613
3800
156
645
817
1184
1263
1435
1639
2611
2667
2854
3174
3393
3427
3449
3659
387
804
875
1010
1117
1430
1872
1873
2416
2620
2752
2949
3464
3806
3937
32
127
563
636
980
1486
1557
2139
2306
2321
2432
2442
2784
2992
3258
210
1000
1519
1699
1917
1984
2534
2614
3058
3150
3316
3397
3611
3644
3681
148
1000
2178
2535
2653
2817
3127
3515
3577
3579
3668
3716
3724
3875
4004
239
1234
1348
1651
1834
2445
2611
2939
3044
3098
3405
3569
3693
3805
3817
107
127
733
943
1265
1707
2217
2361
2660
2800
2845
2915
3434
3803
354
735
1034
1408
1438
1677
2210
2715
2828
2907
3146
3687
3728
364
419
562
1285
1477
1633
1963
2294
2388
2534
3352
3432
3458
3531
4014
4094
447
532
760
822
856
1101
1222
1269
1282
1379
2101
2529
2777
3236
4015
6
218
507
936
1212
1216
1951
2394
2599
2774
3421
3488
3933
556
603
812
975
1113
1615
1898
1945
2193
2735
2750
3226
3313
3829
140
363
453
518
595
775
1008
1268
1661
2575
2614
3016
3796
3844
3950
30
584
645
1081
1206
1238
1419
1634
1905
3249
3388
3403
4010
805
1023
1134
1326
1892
2038
2581
2891
3164
3251
3477
3595
3769
3988
520
590
928
1023
1062
1120
1137
1273
2241
2594
2934
2982
3406
3520
3771
3984
164
179
298
454
662
810
1267
1290
1422
1493
1835
1973
2768
3468
3575
4030
222
652
689
1124
1246
1711
1769
2159
2189
2377
2433
2867
3101
3765
3775
574
809
1022
1340
1349
1770
1771
2003
2715
2726
2734
3020
3564
3985
292
565
646
1332
1493
1503
1720
1803
2308
2363
2449
3127
3228
3280
3373
439
766
778
788
1180
1309
1364
1653
1666
2026
2107
2133
2795
3041
3368
89
517
1316
1444
1646
1967
2045
2132
2416
2481
2698
3010
3339
3992
463
706
1034
1214
1623
1633
1689
1747
1918
2424
2525
2844
3775
4046
32
576
657
766
886
1039
1142
1242
1402
1476
2398
3049
3443
4000
4043
508
1042
1473
1560
1868
1953
2091
2160
2358
2668
3306
3374
3516
3890
434
517
579
778
807
949
963
1114
1300
1935
2140
2479
2789
3080
3760
67
139
316
518
1052
1164
1258
1611
3576
3582
3624
3954
4037
4068
339
423
494
557
1104
1633
1769
2055
2187
2422
2617
2650
3073
3326
260
867
1003
1516
1527
2200
2224
2265
2433
3270
3698
3725
3756
3795
3917
487
494
1213
1251
1344
1423
1528
1552
2374
2802
2973
3122
3210
4009
4072
149
152
312
461
499
714
1652
1694
1770
2536
2570
2635
2952
2955
3940
20
76
236
459
1154
1484
1495
2000
2256
2687
2737
2858
3223
3304
3435
557
804
917
991
1044
1121
1201
1565
1817
2083
2204
3163
3800
3807
4092
142
487
876
1229
1313
1431
1562
1755
1807
1843
2011
2808
2835
2876
3698
181
376
996
1288
1540
1547
1761
1853
2277
2397
2971
3302
3871
3902
4063
92
320
364
551
786
796
905
1558
1620
2093
2148
2468
2807
3084
3392
3590
473
535
667
850
1094
1112
1409
1452
2146
2229
3080
3229
3549
3747
4024
66
746
848
1279
1462
1517
1965
2059
2311
2566
2605
2724
2960
3626
4060
429
649
685
704
1019
1036
1222
1394
1677
1827
2346
2550
2725
2983
3460
3822
569
700
711
1311
1538
1802
1946
2018
2244
2295
2352
2660
3345
3431
3765
14
73
306
349
715
988
1155
1610
1935
2474
2531
2914
3467
3604
222
727
871
966
1048
1053
1089
1105
1281
2118
2606
2659
3143
3404
3781
3958
88
118
751
1197
1222
1288
1297
1976
2120
2196
2480
2649
3721
3851
534
611
631
911
1015
1277
1339
2231
2878
3056
3171
3295
3353
3594
3960
447
507
780
885
922
934
961
1094
1383
2018
2501
2742
3367
3782
3864
900
974
1324
1359
1513
1675
1992
2121
2229
3386
3702
3708
3758
3836
3972
211
693
819
1665
1703
1857
2047
2265
2537
2613
3463
3476
3662
4057
591
670
1009
1223
1262
1577
1704
1748
2188
2656
3269
3425
3454
3782
3861
113
1045
1655
1776
2163
2398
2602
2951
3036
3192
3262
3279
3498
3512
3823
42
209
336
840
1604
1670
2295
2316
2566
2992
3475
3660
3871
3956
4074
386
400
509
628
650
815
842
1585
1602
1851
2072
3169
3539
3688
3853
178
316
706
710
900
1061
1082
1337
2317
3144
3391
3479
3943
4058
753
1084
1178
1367
1368
1463
1497
2494
2566
2653
2667
3526
3585
3596
3718
183
244
629
1530
1693
1866
2011
2533
2636
2727
2920
2942
3419
4080
4089
119
299
311
549
561
1539
1754
1875
2143
2233
2251
2355
2491
2786
3315
291
464
753
1179
1328
1545
2929
3168
3729
3742
3801
3868
3869
3954
4017
5
278
411
926
1030
1648
1931
2062
2702
2756
3113
3364
3553
3744
156
324
335
1094
1122
1482
1502
1824
1983
2337
2421
2530
2657
3066
3902
68
432
1226
1614
1857
1966
2104
2155
2419
2703
2819
2825
3040
3421
3584
17
201
595
650
1091
1161
1226
1312
2386
2487
2890
2939
3901
4052
4062
59
392
782
802
1006
1249
1854
2303
2322
2341
2437
2488
2719
3177
3432
780
990
1226
1227
1254
1759
2163
2288
2417
2846
3116
3408
3735
3907
3989
372
965
1057
1433
1703
1706
1993
2173
2736
2755
3355
3382
3437
3583
3782
3893
270
588
906
1424
1528
1642
1702
1725
2307
2410
3586
3636
3740
3821
3998
115
318
428
608
767
2000
2126
2465
3166
3357
3372
3409
3444
3913
1121
1214
1387
1913
2042
2136
2444
2529
2629
2760
3013
3203
4077
70
401
1071
1382
1578
1906
2119
2401
2903
3266
3754
3779
3816
4052
217
255
289
328
660
671
909
1764
2130
2226
2322
3016
3494
3962
4041
16
44
465
907
1315
1598
1728
1868
2279
2381
2429
3355
3482
3517
3624
709
1179
1910
2027
2168
2613
2746
3022
3133
3428
3646
3654
3730
3755
4000
72
841
1738
1856
1878
2111
2681
3089
3149
3222
3341
3399
3773
3926
3946
4032
79
183
208
512
789
1086
1363
2019
2924
3202
3256
3566
3910
3939
4085
449
730
1014
1602
1997
2301
2633
2732
2826
2930
3092
3178
3244
3683
3928
226
313
316
484
559
619
1411
1422
1435
1748
2330
2353
2967
3334
3636
3741
288
504
955
1284
1506
1736
1882
2578
2810
2932
3124
3256
3269
3486
3772
272
943
965
1250
1251
1816
2034
2127
2203
2464
2785
2888
3053
3493
3824
91
114
135
191
417
856
976
1596
1699
2310
2555
2915
3507
3724
3771
4012
106
676
837
1039
1456
1836
2404
2622
3036
3238
3392
3478
3877
3928
3946
865
1132
1143
1287
1613
1757
2005
2186
2337
2679
2850
2870
3155
3281
3466
105
228
642
1479
1744
1747
1752
2065
2200
2447
2832
3035
3040
3789
111
755
926
971
1278
1290
1301
1443
2040
2677
2905
3159
3416
3643
126
490
571
830
1110
1132
1311
1343
1719
2082
2177
3104
3511
3823
4055
622
1184
1384
1525
1920
2165
2171
2291
2503
3122
3304
3501
3556
3768
262
439
468
534
746
758
767
1657
2279
2911
3321
3448
3609
3703
3959
3966
238
588
674
1061
1151
1234
1704
1773
2065
2074
2719
3283
3431
3533
4044
223
441
805
877
1373
1673
1883
2269
2576
2812
2987
3073
3300
3805
3834
3
418
523
567
587
609
763
1052
1329
1388
1390
2351
3029
3186
3831
107
247
569
750
752
1552
1791
1793
1909
1953
2275
2387
2677
3133
3149
3195
457
511
794
1395
1859
1899
2529
2619
2761
2941
2955
3115
3253
3505
3811
443
981
1909
2086
2192
2258
2427
2430
2710
2784
2836
3166
3373
3640
4001
274
851
953
1029
1591
2001
2267
2297
2456
2517
2940
2999
3808
3951
4057
153
1032
1668
1792
1845
2551
2594
3131
3792
3861
3907
3925
3937
4018
232
356
721
826
1336
1362
1706
1766
2198
2244
2767
3243
3700
3865
3918
259
836
1150
1202
1237
1603
1751
2131
2823
3552
3598
3659
3752
3760
3920
193
530
1028
1799
2153
2233
2263
2598
2683
2731
2947
3161
3191
3342
3470
3491
4045
232
457
827
828
950
1021
1063
1193
1393
1780
2868
2943
3617
3715
4003
157
170
324
416
879
1861
1907
2225
2798
2954
2965
3102
3265
3393
3589
3631
263
915
994
1270
1405
1792
2048
2454
2504
2627
2712
3345
3560
3886
352
597
1140
1271
1300
1587
2281
2325
2775
2819
2921
3298
3792
3818
3847
36
74
329
529
1308
1357
1397
1474
1514
1575
1758
3329
3919
3966
4023
275
873
1127
1134
1245
2100
2359
2407
2702
2994
3363
3454
3691
4032
4069
99
196
593
898
1037
1863
2417
2728
2971
3333
3341
3489
3492
3640
3668
3969
159
369
370
724
726
814
1526
1705
1881
2069
2293
2327
2373
3070
3225
390
497
580
636
1069
1532
1657
1669
1765
1848
2156
2714
2849
2905
3954
34
53
206
225
401
986
1074
2216
2770
2982
3055
3669
3799
3968
3989
201
321
396
908
1682
1690
1986
2117
2168
2812
2820
2843
3082
3510
3947
12
214
712
971
1077
1139
1400
1485
1692
1789
2170
2369
3787
3883
3944
4016
95
217
1163
1235
1499
2102
2258
2302
2831
2946
3045
3328
3578
3582
19
527
578
1063
1358
1488
1586
1892
2051
2920
3015
3064
3132
3159
4036
72
534
593
1087
1343
1461
1543
2047
2073
2246
2320
2869
2988
3160
3898
98
116
128
421
447
504
1003
1785
2126
2362
2460
2699
3303
4004
4049
294
387
663
854
936
1237
1385
1459
1989
2105
2129
2632
3627
3880
295
772
795
1232
1576
1678
1974
2073
2129
2689
3025
3446
3455
3706
3951
511
545
565
773
1024
1102
1855
1900
1912
1980
2033
2254
3307
3413
4022
8
17
173
203
1285
1765
1981
1998
2241
2685
2717
3259
3524
3684
4019
627
1129
1429
1471
1492
1669
1688
2092
2116
2413
2770
2809
3436
3649
3837
414
526
834
1837
1926
2166
2240
2741
2877
2924
2927
3142
3208
3679
3879
1194
1213
1397
1750
2102
2222
2600
2641
3181
3207
3225
3255
3737
4076
26
177
194
388
1092
1741
2086
2320
3148
3199
3264
3396
3560
3848
4092
729
876
1116
1153
1259
1389
1601
1612
1714
2146
2372
2697
3292
3776
3933
476
855
924
975
1107
1517
1967
2454
2645
2705
3075
3139
3149
3681
3883
93
287
406
592
620
948
1902
1959
2019
2553
2976
3098
3434
3505
3846
253
1819
2609
2614
2690
2749
2879
2889
3181
3469
3678
3855
3967
3996
542
723
791
1440
1582
1997
2254
2815
2888
3123
3548
3587
3633
3797
3854
4051
58
119
959
1365
1634
1866
2051
2552
2639
3093
3234
3258
3358
3660
778
833
1286
1777
1877
2481
2555
2600
2688
3525
3573
3732
3779
3948
4082
88
583
881
1171
1295
1612
1878
2437
2791
3081
3415
3457
3839
3872
115
162
1582
1782
1869
1948
2612
2753
2837
2840
3037
3210
3478
3811
54
147
770
1068
1330
1717
1782
2610
2801
2816
3222
3298
3481
3673
3802
74
423
686
762
821
1133
1462
1481
1529
1888
2642
3460
3644
3767
3860
91
253
386
449
572
1531
2101
2214
2386
2538
2670
3318
3523
3639
3759
14
45
370
377
1049
1200
1639
2463
2790
3370
3499
3585
3720
3787
3994
32
572
658
836
1098
2349
2507
2645
2689
3351
3587
3625
3768
3867
169
457
586
1205
1433
1563
1596
2033
2284
2471
2899
3870
3973
679
709
1756
1774
2005
2099
2290
2342
2394
2519
2902
3296
3640
3838
269
797
972
1085
1502
1822
1986
2058
2316
2439
2684
3064
3533
3853
3946
115
721
1008
1199
1439
1575
1695
2399
2413
2560
2882
3814
3874
3896
3924
30
691
843
1006
1411
1702
2389
2596
2638
2853
3138
3812
3923
3934
4053
69
164
241
410
512
536
954
1418
1750
2015
2326
2483
2548
3464
3712
3843
58
70
296
656
807
1004
1157
1213
1470
1994
2387
2499
2672
3232
3237
136
163
772
972
1789
1820
2059
2240
2315
2385
3006
3010
3236
3407
3810
4062
209
322
646
936
1682
1788
2020
2115
2518
2880
3343
3371
3622
3940
4056
21
676
771
861
871
1710
1809
2420
2465
2859
2897
3260
3521
4082
522
670
775
854
1063
1550
1729
1859
1951
2164
2390
2559
3319
3513
4078
169
334
1106
1749
2106
2181
2247
2516
2622
2767
2783
3117
3363
3602
3857
62
685
783
818
975
1298
1317
1896
2105
2198
2736
3197
3554
3891
188
258
295
735
993
1046
1437
1439
1643
2362
2795
2927
3733
3739
3743
795
1040
1123
1152
1280
2035
2336
2391
2527
2701
3068
3257
3519
3570
3652
102
294
760
800
903
1087
1236
1581
1871
2357
2772
2826
3429
3806
158
578
881
992
1109
1794
2008
2383
2411
2455
2694
2975
3695
4001
4068
202
380
475
1017
1048
1106
1558
1614
1746
1911
2080
2829
3019
3375
3906
3955
148
340
915
1306
1608
2498
2667
2739
2783
3414
3464
3499
3746
4085
165
1140
1414
1561
1664
2050
2143
2234
2500
2896
3297
3538
3735
3852
566
787
923
1149
1348
1417
1803
1812
2061
2262
2598
2926
3109
3650
3799
3836
411
452
1032
1097
1137
1265
1746
1879
1984
3162
3309
3466
3540
3707
3777
3
84
109
142
197
623
1022
1384
1386
1740
2195
2712
2961
3089
3359
3630
3975
145
160
1571
1650
1736
2190
2228
2620
2669
2692
2747
2904
3147
3446
3742
354
732
781
803
1350
1766
1912
2012
2049
2126
2359
2509
2880
3485
4002
443
836
839
1284
1381
1522
1836
1944
2072
2213
3003
3215
3417
3520
3969
122
151
225
493
1503
1931
2027
2717
3110
3168
3475
3502
3531
3991
4008
274
530
894
1732
2235
2551
2720
2788
2836
3203
3204
3260
3381
3530
3868
172
341
480
660
702
2089
2123
2128
2449
2549
2923
3696
3932
4083
366
452
503
676
684
989
1078
1724
2274
2308
2503
2863
3294
3675
3976
4030
126
357
451
476
506
746
1298
1488
1939
2415
2715
3034
3156
3264
3697
118
305
788
911
1458
1957
2007
2012
2125
3783
3791
3994
4090
16
153
429
455
553
1306
1404
1886
2107
2347
3248
3294
4076
4083
325
613
673
713
1112
1318
1392
1535
1625
2012
2532
3443
3662
3829
3955
43
90
584
1168
1377
1463
1503
2708
3278
3298
3576
3586
3680
3874
3980
361
554
655
903
923
960
1155
1479
1670
1937
2196
2315
2678
3111
3441
601
853
913
953
1046
1129
1345
1537
1728
2003
2006
2391
2454
3727
4023
205
490
798
1092
1180
2526
2575
2643
2796
2814
2840
2875
3536
3637
3661
103
161
662
1486
1947
2172
2385
3042
3137
3234
3945
4038
110
250
952
1073
1549
2138
2199
2389
2816
3097
3152
3173
3178
3767
3772
4071
29
319
381
815
997
1162
1176
1573
2380
2799
2970
3041
3418
3536
3912
319
486
789
1079
1334
1712
2201
2548
2656
2789
3103
3142
3546
3599
13
105
117
265
514
625
1168
1227
1382
1565
2761
3400
3529
4074
121
908
1110
1455
1577
1806
1855
1948
1990
2037
2735
3083
3493
3914
1276
1601
2056
2137
2151
2172
2397
2398
3329
3361
3468
3810
3894
3905
229
1037
1897
1964
1992
2093
2242
2278
2376
2616
2673
2697
3789
3796
3858
21
471
598
1726
1904
1937
1982
2116
2245
2263
2879
2919
2983
3685
3831
3942
8
52
716
743
946
986
1646
2091
2296
2954
3165
3447
3622
3862
97
148
343
598
638
861
1355
2007
2079
2296
2665
2792
2967
3330
3776
31
214
235
552
730
774
1470
1693
1942
1999
2179
3054
3215
3364
3395
3893
252
427
870
1336
1636
1842
2025
2168
2309
2349
2361
2488
3093
3296
4043
4093
482
576
620
1570
1889
2124
2144
2396
2486
3169
3323
3479
3507
3783
108
125
248
325
426
441
587
893
918
1066
1219
1338
2936
3249
3733
306
403
469
516
863
1307
1427
1518
2083
2764
2938
3580
3707
3791
3873
395
551
1657
1682
1880
2159
2456
2728
2980
2998
3347
3449
3463
3785
4050
320
350
390
401
662
1817
2049
2425
2522
2790
2801
2977
3139
3175
3848
191
202
319
905
1342
1352
1422
1936
2013
2296
2501
3282
3509
3626
3763
4089
104
983
1302
1641
1930
1947
1956
2355
2753
2966
3115
3143
3275
3535
3577
21
403
422
925
1023
1091
1772
1774
1923
2292
2313
2511
3144
3263
4063
113
221
474
692
748
1122
1149
1543
1780
1943
2090
2255
2539
2952
3481
269
574
623
785
998
1243
1487
1621
2088
2185
2818
2882
2945
3337
3627
330
589
754
903
1270
1278
1534
1550
1660
1831
1894
2076
2202
2538
2634
78
398
604
856
1139
1436
1812
1946
2236
2587
2628
2860
2989
4066
4084
312
397
732
1009
1090
1145
2138
2636
2726
2889
2978
3324
3384
3638
3873
36
385
658
814
816
916
1191
2638
3158
3451
3609
3667
3991
4019
4072
4
734
904
1500
1578
1881
2306
2477
2630
2694
3050
3362
3405
3938
337
724
1378
1416
1512
1847
2079
2182
2384
2535
2760
2864
3209
3408
4096
371
485
1243
1254
1426
1535
1551
1650
2261
2274
2735
2938
3018
3203
3706
73
291
342
626
1050
1484
1647
1716
1856
2006
2015
3255
3595
3607
4092
343
463
701
1140
1228
1273
1292
1330
1441
1567
1824
2075
3052
3285
3667
56
217
422
456
942
1454
1811
1841
3318
3342
3439
3709
3713
3725
3979
393
416
516
640
849
1192
1295
1840
2103
2602
2813
3124
3677
3713
4093
27
61
173
236
260
268
991
1080
1134
2303
3030
3048
3358
3409
3514
28
362
1252
1451
1831
1896
1952
2079
2360
2544
3108
3309
3603
4021
216
240
508
1531
1920
2283
2755
2775
2865
2874
2895
3704
3807
3981
4056
69
456
486
702
1041
1092
1337
1453
1676
1756
1950
1960
2237
2537
3652
3859
80
552
720
725
914
1167
1627
1808
3008
3057
3522
3542
3792
4062
55
300
671
1372
1434
2286
2378
2589
2608
2996
3112
3543
3751
3894
3924
10
307
1374
1454
1614
1667
1712
1880
2022
2129
2613
2733
2924
3072
3452
3683
49
214
499
588
1156
1380
1808
2039
2090
2405
2882
3024
3175
3188
3485
3
9
360
839
974
1064
1170
1403
1436
1539
1801
1901
2202
2438
2578
2865
205
284
524
681
742
889
1086
1093
1762
1763
2114
2228
2506
3201
3831
3863
1
248
521
727
802
1377
1468
1732
2476
2814
2990
3174
3414
3774
3960
438
811
938
961
1024
1067
1119
1209
1260
1617
1697
1903
2188
2615
2647
527
800
1261
1280
1403
1685
1921
2608
2940
3061
3240
3480
3813
3885
4018
33
346
374
737
1564
1672
1888
2192
2280
3196
3270
3736
3770
3957
4023
4084
267
320
389
439
481
599
1580
1626
1965
2375
2532
3035
3186
3460
3619
3925
46
644
831
870
944
980
1608
1663
2013
2757
3141
3210
3527
3562
3789
120
484
1118
1123
1128
1415
1423
1702
1795
1815
1927
2167
2283
2424
3398
42
220
1021
1151
1228
1771
2452
2605
2823
3094
3276
3604
3634
3683
3943
271
307
663
996
1401
2325
2509
2523
2569
3217
3367
3515
3601
3934
3939
191
402
453
550
651
828
853
1033
1457
2206
2930
3541
3546
3825
3880
341
1449
1700
1972
2310
2386
2470
2496
2661
2818
2834
2914
2935
3145
57
1278
1306
1709
1959
1998
2144
2576
2768
2851
2952
3056
3209
3996
4033
1114
1640
1861
1979
2061
2080
2426
2632
2640
2675
3006
3520
3629
3675
3736
355
379
519
571
952
1193
1220
1627
1761
2384
3254
3299
3746
3803
4088
35
53
403
481
492
585
979
1277
1680
2316
2654
3277
3369
3842
3854
3890
10
14
361
545
564
828
1195
1420
2247
2785
2900
2992
3769
4035
867
1364
1369
1417
1487
1501
1523
1638
1876
2137
2428
2744
2954
3348
3513
716
1141
1436
1610
1823
1987
2147
2209
2399
2806
2933
3530
4016
89
1265
1685
1703
1908
1923
1950
2236
2262
2328
2553
2682
2897
3085
3525
13
394
1125
1542
1588
1780
2321
2561
2740
2873
2919
3007
3252
3606
3876
3952
104
339
618
955
1150
1375
1810
2081
2606
2900
3109
3628
3632
4012
4015
734
935
1042
1101
1887
2219
2423
2540
2568
2769
2867
2894
3873
3951
3987
93
258
335
474
597
616
829
2468
2778
2961
3146
3337
3338
3794
3919
4088
321
384
520
759
1056
1154
1250
1941
2167
2374
2485
2744
2833
2846
3566
185
479
648
748
1723
1752
2508
2519
2644
2837
2849
3082
3242
3943
384
751
945
1142
1340
1945
2221
2246
2765
2779
2885
3239
3411
3719
64
391
473
1018
1218
1501
1723
2161
2311
2806
2835
2867
3350
3422
3673
195
285
305
510
1534
2052
2441
2503
2563
2644
2690
3241
3487
3569
3621
3786
12
116
137
477
518
590
1241
1318
1568
2641
2679
2879
3135
3804
3986
133
350
554
691
1099
1115
1143
1188
1771
1983
2030
2151
2671
3032
3821
135
420
615
872
907
948
1610
1867
2552
2805
3078
3137
3526
3537
3563
3669
3840
259
594
1331
1579
1659
1785
2279
2502
2542
2565
2619
3033
3497
3500
3734
234
635
1668
2028
2229
2372
2376
2381
2514
2578
2626
2934
2981
3103
3440
20
99
477
885
1616
1640
1846
2499
2618
2886
3001
3074
3075
3425
3863
59
245
263
533
1547
1784
2142
2176
2403
2474
2564
3123
3468
3525
4000
77
215
299
425
562
589
1332
1478
1880
1988
2269
2289
2298
2358
2852
132
285
338
430
1153
1381
1465
1781
1888
2045
2390
2887
3418
3853
3883
613
801
896
1483
1583
1915
1966
2114
2376
2730
3185
3259
3929
4034
186
239
555
1185
1459
1618
1739
2047
2372
2497
3107
3134
3189
3771
3826
757
986
1126
1135
1286
1303
2334
2549
2752
2787
2898
3811
3815
3846
212
334
799
1001
1319
1541
2087
2459
2726
2959
3229
3785
3971
4002
4022
282
525
652
703
732
835
1233
2111
2520
2693
2859
3012
3074
3109
3387
3455
37
558
911
1359
1397
1883
1919
2061
2480
2956
3257
3682
3856
3914
4070
835
1152
1324
1335
1351
1580
1588
1607
2145
2170
2686
3064
3088
3141
345
1043
1089
1248
2266
2335
2463
2469
3186
3230
3310
3535
3546
3548
3618
194
677
1175
1312
1520
1838
1910
1911
1916
2180
2183
2331
3076
3743
3753
94
832
1071
1370
1448
1449
1477
1581
1926
2396
2446
2447
3248
3777
4048
125
448
869
871
914
1031
1130
1455
2149
2446
2616
2904
3044
3280
3365
179
433
546
796
829
2197
2681
3028
3119
3245
3496
3532
3537
3638
3738
154
429
508
566
635
1104
1958
2097
2409
2431
2810
2847
3187
3723
192
784
1081
1215
2136
2388
2531
2648
2713
2723
2872
2928
3317
3430
4011
691
755
1004
1376
1396
1661
1721
1996
2055
2321
2440
2556
2881
3155
3689
3974
282
501
1027
1115
2197
2674
2780
2863
2945
3014
3206
3224
3308
3555
3770
124
230
414
538
697
1281
1471
2141
2517
2557
2797
2805
3046
3453
3492
3888
817
1075
1120
1406
1664
2512
2710
2904
2940
2960
3243
3332
3511
3649
3921
264
327
558
745
901
985
1269
2050
2212
2400
2422
2651
3148
3267
3338
1167
1429
1574
1599
1662
1831
2094
2401
2991
3189
3279
3349
3414
3445
3758
3845
245
391
690
1187
1480
1886
2135
2222
2709
2946
2986
3056
3163
3632
4055
38
246
339
1076
1258
1846
1951
2586
2727
2857
3404
3545
3597
3754
221
420
589
877
1102
1443
2058
2404
2737
3096
3321
3327
3347
3423
3519
78
1305
1524
1609
1663
2009
2040
2617
2709
3063
3147
3456
3766
3902
402
804
868
1133
2165
2227
2284
2402
2586
2823
3510
3623
3912
4007
4050
559
1113
1362
1434
1705
1961
2317
2483
2593
2821
2881
3417
3448
3626
4066
170
296
592
599
1119
1187
1672
1762
2085
2153
2846
3336
3517
3784
3936
365
1141
1563
1837
1895
1902
2087
2164
2497
2782
3301
3534
3581
3599
3867
75
90
161
366
565
793
860
884
1284
1541
1922
2387
2483
3297
3962
416
502
616
1020
1030
1185
1395
1453
1722
2950
3152
3240
3287
3291
4037
696
763
1072
1884
2450
2649
2686
3101
3246
3265
3555
3900
3938
3981
3990
424
956
1131
1175
1353
1446
1817
1994
2070
2320
2874
2948
3002
3574
2
235
329
786
873
1131
1566
2366
2666
2909
2960
2985
3213
3366
3665
3676
257
762
873
891
1314
1365
1978
2020
2190
2522
2769
2848
3380
3408
3746
608
641
969
1054
1128
1313
1574
2351
2631
3305
3665
3716
3802
3932
100
138
267
348
982
1039
2428
2710
3076
3096
3439
3495
3571
4004
4053
278
632
768
870
1233
1691
2038
2470
2651
3118
3170
3183
3239
3277
3991
525
704
709
1348
1689
1882
2181
2382
2392
2625
2630
2958
3364
3970
18
385
394
719
1189
1508
2370
2458
2762
3284
3366
3400
3482
3959
152
302
385
549
1249
1257
1467
1504
1538
2234
2309
2647
3065
3430
3471
2
550
648
822
928
981
1492
1958
2029
2161
2471
2776
2894
3342
3935
3997
140
383
499
1252
1933
2583
2596
2811
2892
3193
3204
3660
3813
110
479
521
556
693
826
1035
1162
1457
1713
2175
2187
2998
3403
3698
375
682
739
1007
1100
1531
1547
1760
1849
1850
1889
2368
2405
2562
50
549
1011
1567
1851
1943
2169
2299
2365
3200
3292
3377
3545
3563
3886
133
359
667
821
878
1914
1957
1969
1987
2029
2109
2166
2245
2696
3133
218
655
749
755
891
1002
1656
1900
2145
2357
2579
2987
3128
3371
3875
4039
85
254
486
488
502
560
912
1371
2264
2629
2900
3272
3314
3469
4058
41
114
145
358
639
690
843
896
946
1322
2268
3019
3039
3201
3556
3984
281
325
678
1029
1309
1790
1864
1940
2452
2672
2957
3171
3561
3587
358
594
657
669
677
1020
1472
1896
2037
2232
2412
3099
3788
3810
3911
137
175
326
610
880
1219
1275
1498
2527
2762
2856
3657
3931
192
210
683
939
947
1557
1730
1760
1834
2042
2216
2217
2239
3483
3665
79
404
526
698
1098
2242
2314
2318
2323
2639
2707
2884
3173
3710
3797
309
393
442
621
801
1121
1641
1974
2899
2971
3095
3120
3170
3254
3267
3353
579
729
1068
1505
1557
1636
1724
1770
1921
2172
2267
2883
3184
3424
123
224
726
984
1258
1266
1420
1776
2067
2502
2843
3011
3577
3703
3882
204
620
962
1245
1705
1757
1935
2151
2290
2574
2857
2896
3140
3730
3787
4011
770
820
880
1115
1375
1523
1941
3010
3047
3086
3220
3380
3763
3970
3994
699
1091
1303
1551
1917
2096
2419
2494
2652
3138
3362
3668
3759
3764
3839
344
433
695
793
959
1572
1755
1865
2066
2511
2609
2803
3126
3829
4040
4067
1425
1519
1743
2159
2375
2379
2409
2486
2524
2750
3121
3333
3451
3763
3806
374
437
782
899
1437
1526
1594
1833
2148
2765
2989
3077
3696
3837
391
1105
1568
1820
1936
2252
2304
2352
2404
2506
2716
3097
3378
3674
4040
550
808
1283
1556
2033
2112
2124
2584
2723
3046
3138
3388
3405
3443
3588
3773
175
290
774
847
1380
2070
2559
2699
2841
2970
2989
3079
3281
3721
3784
581
777
2072
2282
2948
3185
3379
3552
3582
3625
3678
3707
3892
4073
4081
1051
1608
1767
2157
2423
2655
2819
3106
3193
3384
3446
3859
3923
4046
4068
353
978
1147
1261
1735
1858
2064
2312
2478
2680
2913
3105
3136
3925
885
927
1107
1146
1564
1575
2793
2849
2946
3079
3327
3564
3589
3817
3877
212
333
1240
1363
1475
1945
1972
2062
2273
3031
3046
3213
3647
3738
3820
204
910
1194
1199
1238
1372
1869
2156
2294
2737
2955
3251
3562
3693
3822
61
289
300
1248
1294
1725
1799
1977
2616
2907
3307
3503
3606
3841
3899
64
223
1122
1159
1346
1562
2054
2218
2425
2602
2671
2864
3637
3997
4063
130
241
340
466
789
938
1110
1165
1225
1302
1388
1475
1487
1749
3367
3657
48
68
152
189
356
389
452
803
1297
1565
1709
1929
2257
3258
3967
103
483
736
859
952
1060
1144
1344
1382
1784
1915
2192
2342
2734
3553
547
586
695
798
1146
1178
1607
2100
2224
2239
2260
2597
3009
3383
46
166
489
672
675
847
1354
1484
2021
2452
2974
3322
3398
3411
11
1431
1464
1790
2010
2013
2023
2682
2791
2877
2936
3438
3628
3726
3815
26
75
156
665
718
1476
2043
2418
2569
2733
3032
3641
3714
3849
4027
473
1365
1890
1894
2110
2227
2858
3332
3334
3426
3484
3622
3964
3986
307
1131
1455
1690
1847
2202
2264
2527
3060
3154
3616
3690
3804
3805
661
1055
1469
1686
1700
1715
2115
2426
2500
2766
2822
2925
3348
3788
4010
631
1020
1078
1288
1321
1490
1553
1683
1809
1927
2039
2076
2355
3545
3949
31
379
533
829
1144
1201
1248
1303
1357
1591
1894
2427
2916
3312
3974
322
470
1631
2285
2654
2811
2969
3337
3351
3353
3761
3793
4037
4081
665
764
848
1613
1840
2100
2208
2632
2655
2707
2933
2957
3658
3929
4028
127
153
427
513
757
1171
1479
1788
1854
2278
2556
2604
2662
3832
3885
46
279
808
1281
1414
1428
1566
1681
1696
1734
1998
2560
2877
3401
3863
213
505
714
927
1290
1428
1491
1548
1910
1993
2442
2626
2743
3386
3838
112
424
496
2131
2379
2724
2761
2777
2998
3058
3539
3614
3692
3906
381
883
933
1260
1750
1769
1884
2493
2510
2797
2855
2938
3045
3541
3575
3643
3992
141
425
568
1017
1317
1345
1701
2118
2374
2625
2842
3711
3749
3884
3885
3978
171
331
812
1047
1828
1864
2059
2067
2152
2154
2358
2419
2797
3008
3179
288
574
867
982
1203
1268
1700
2112
2382
2466
2961
3194
3375
3658
3815
227
431
635
1198
1294
1391
1448
1556
1802
2218
2324
2691
2922
3100
3938
4069
131
174
190
846
944
1059
1308
2235
2660
2866
3202
3262
3326
3581
95
154
297
869
916
1751
1931
2752
3224
3344
3391
3465
3508
3632
3864
196
203
328
528
683
1084
1139
1444
1745
2252
2393
2523
3255
3395
4038
15
370
435
640
1005
1059
1764
1938
2082
2158
2238
2700
2777
3346
3655
3918
428
496
1188
1299
1662
1698
1814
1824
2127
2335
2749
2827
2892
2915
3111
4067
87
236
858
1414
1606
2071
2078
2260
2574
2696
2953
3111
3146
3529
3547
3684
134
715
1059
1183
1661
1787
2001
2472
2473
2547
2842
2845
3547
3659
4022
112
257
421
562
656
832
909
1353
1971
2042
2194
2615
2669
2757
3513
105
250
419
1058
1316
1631
1718
1786
1819
1830
2903
3077
3119
3194
3476
648
1193
1442
1630
1650
1870
2017
2125
2364
2725
2778
3843
3909
4044
4087
264
400
696
1518
1713
2027
2134
2745
2906
3077
3208
3244
3452
3523
3692
445
833
1051
1156
1246
1405
1466
2011
2037
2262
2666
2792
2841
3374
3615
3978
680
722
743
857
1369
1456
1587
1692
1871
2122
2584
3017
3025
3218
3644
57
491
690
1275
1400
1451
1453
1464
1640
1664
1683
2676
2890
3275
3915
146
470
604
653
678
1067
1149
1507
1970
1977
1988
2002
2319
2929
2967
3216
3731
151
280
523
719
1347
1477
1589
1604
2271
2408
2574
2937
3618
165
500
543
705
1074
1174
1364
1511
1840
2742
3094
3125
3382
3774
3821
155
160
303
540
667
998
1282
1319
1826
1989
2092
2122
2363
2580
3603
132
216
458
687
917
1055
1542
2085
2642
2869
3028
3061
3610
3701
3832
122
312
412
882
1244
1506
1948
2378
2441
2474
2588
3104
3262
3388
3711
3903
3982
266
918
1731
2025
2043
2259
2412
2675
3042
3450
3562
3819
3876
3879
4051
139
970
1698
1985
2429
2492
2505
2835
3154
3178
3349
3356
3554
3858
4006
70
360
413
564
627
862
1126
1211
1721
2652
2781
3141
3711
3795
3898
388
852
879
1187
1707
1832
2560
2573
2601
2693
3068
3114
3435
3467
4059
380
464
1013
1088
1304
1765
1791
1804
1812
2046
2546
2695
2747
3071
3461
93
366
844
1291
1460
1630
2428
2520
2748
2789
2807
3202
3217
3690
3963
268
272
332
350
909
1195
1472
1563
1645
1783
2738
3086
3225
3722
3993
358
424
781
834
1632
1852
2146
2150
2285
2324
2369
2391
2607
3601
3667
542
563
1002
1123
1296
1679
1772
2179
2230
2654
2875
3434
3650
3718
3987
458
631
929
1408
1441
1462
1778
1826
1963
2028
2652
2661
3252
3794
3975
438
547
754
1001
1043
1118
1199
1652
2799
3060
3177
3351
3428
3490
3962
31
242
538
606
682
830
1116
1939
2185
2491
2731
2780
2787
3305
3340
3841
200
496
1055
1062
2004
2016
2318
2462
2922
3093
3246
3302
3442
3916
4086
15
249
420
570
619
915
2177
2195
2251
2482
2711
3183
3495
3521
3722
37
167
273
286
904
1287
1298
1516
1638
2108
2288
2532
2910
3501
3887
130
181
745
771
806
1208
1432
1901
2254
2443
2515
2563
3311
3352
3631
3677
179
243
422
555
984
990
1549
1709
1775
1961
2418
2498
2500
2666
3793
397
759
859
970
1051
1552
1663
2064
2283
2409
2459
2665
2811
3233
3361
4084
171
304
338
557
570
1383
1521
1669
2095
2211
2475
3175
3182
3295
3970
509
685
1166
1190
1584
1818
2125
2163
2829
2981
3378
3402
3871
3949
3998
7
108
357
525
1529
2043
2048
2249
2352
2703
3558
3619
3735
3832
4064
4093
102
149
170
298
1844
2094
2181
2304
2407
2467
2860
2911
3158
3565
3764
212
359
749
761
1217
1318
2221
2226
2301
2472
2587
2721
2995
3224
3283
3850
4077
89
189
1040
1112
1182
1605
1767
1827
2533
2830
2988
3647
4005
4008
42
242
406
476
599
967
1583
1690
1732
2335
2897
3539
3642
3748
3870
139
837
1293
1330
1743
2117
2173
2356
2831
3054
3157
3167
3245
3320
3420
382
1307
1456
1985
2453
2518
2612
2757
2978
3250
3310
3320
3404
3479
3894
376
679
681
739
1033
1075
1230
2154
2565
2856
2917
3473
3503
4020
30
41
406
437
768
942
954
1089
1154
1335
2281
2432
3294
3849
3926
480
670
716
717
718
956
1756
1983
2034
2379
3416
3637
3737
3993
4026
425
863
908
922
1654
1919
2573
2749
2848
3104
3311
3496
3653
3676
3827
199
285
1490
1545
1622
2113
2740
2800
2817
3076
3122
3219
3325
3699
3895
666
720
1385
1814
1944
2088
2184
2259
2721
2918
2975
3004
3910
4007
4030
65
86
773
782
912
1016
1352
1815
2046
2060
3011
3159
3162
3221
3740
213
382
445
1232
1356
1644
2354
2635
2837
2880
2943
3079
3611
3664
4014
54
243
705
724
1599
1722
1860
2334
3087
3101
3164
3410
3593
3941
4026
23
55
234
249
287
399
827
1457
1740
2337
2436
3614
3830
3845
4061
272
430
649
969
1113
1232
1519
1722
1883
2302
2395
2893
2963
3049
3573
4096
43
106
121
407
749
794
999
1458
1566
1645
2209
2244
2445
2754
2852
249
647
752
858
872
988
1126
1184
1350
1588
2110
3039
3389
3686
3864
60
392
921
963
1011
1602
2128
2414
2553
2638
2995
3083
3239
3591
3608
133
260
269
293
840
924
1083
1170
1416
2339
2340
2399
2579
2773
2947
3290
216
256
779
1081
1777
2106
2231
2255
2704
3022
3274
3359
3774
3889
3964
377
600
617
708
823
1678
1863
1933
2187
2457
2458
2804
3579
4045
495
639
669
739
1164
1710
1753
1934
2478
2588
2936
3053
3087
3296
3347
3969
37
467
481
677
850
1194
1274
2068
2084
2580
2804
2990
3129
3278
3738
11
237
607
706
879
982
1287
1574
1598
1916
2145
2236
2511
3167
3432
3584
121
169
184
1155
1251
1398
1518
2122
2896
3179
3245
3477
3533
3882
3984
4049
160
359
397
412
466
820
964
990
1005
1010
2008
2123
2293
3013
3772
838
947
1315
1441
1623
2887
2895
2994
3001
3131
3376
3502
3776
3876
3936
432
1584
1992
2017
2062
2648
2692
2753
3218
3223
3356
3422
3615
3914
3931
178
538
919
1407
1437
1741
1795
1952
2211
2219
2366
2661
3112
3814
3922
126
459
862
937
1060
1257
1775
1816
1864
2097
2515
2656
3328
3887
3930
409
604
1387
1624
1629
1649
1784
2350
2931
2941
3272
3381
3506
3837
280
444
1198
1363
1708
1968
2041
2306
2708
2947
3078
3160
3497
3508
3986
16
97
1176
1272
1601
1692
1849
1961
2343
2627
3040
3124
3207
3727
3762
132
1027
1255
1450
1504
1569
2624
2898
3126
3483
3595
3790
3838
4056
4069
367
440
779
1250
1465
2004
2057
2102
2189
2844
2885
3165
3247
3287
4091
23
274
279
654
1012
1209
2558
2626
3088
3350
3379
3661
3737
3961
3971
28
150
455
585
1381
1406
1481
1514
1675
1737
1806
1874
1964
2609
3624
85
373
539
1130
1469
1492
1712
1978
2203
2292
2444
2876
2972
3435
4009
174
699
712
787
1666
1753
2298
2343
2509
2607
3419
3481
3598
3729
3916
470
504
1008
1662
1885
1938
2176
2332
2567
2597
3200
3567
3600
3620
3734
4036
253
469
471
1239
1338
1472
1617
1648
2286
2691
3187
3198
3360
3571
3676
82
333
484
644
1013
1341
1396
1463
1852
2099
2639
2987
3280
3381
3391
3709
458
740
894
1021
1430
1599
2561
2829
2932
3113
3653
3739
3778
3886
4090
757
1065
1202
1354
1494
1549
1895
1955
1982
2862
3193
3325
3758
3930
3996
284
310
1261
2021
2367
2809
3069
3282
3607
3609
3614
3702
3889
4091
198
226
640
741
1164
1247
1542
1684
1737
2225
2288
2600
2979
3164
3286
47
50
226
237
255
302
1240
1357
1942
2050
2332
2348
3023
3412
3903
3976
22
111
146
529
1090
1297
1512
2109
2548
2593
2765
3228
3289
3629
3672
144
526
581
734
809
920
1050
1236
2266
2798
2937
2986
3116
3321
3834
3911
10
141
528
695
1103
1233
1681
2215
2918
3116
3514
3694
3929
3945
4024
118
304
313
602
688
1198
1227
1333
1398
1505
1745
2144
2791
3480
3770
1167
1264
1635
1953
2028
2197
2333
2382
2648
2724
2920
3045
3127
3682
4013
24
497
684
940
1177
1253
1488
1891
2113
3096
3195
3631
3645
3828
4087
86
415
451
902
948
1161
1183
1464
1946
1966
2274
2847
2862
2919
3150
3568
187
303
940
1247
1420
2292
2571
2921
2964
3002
3107
3686
3755
3995
4014
27
395
807
1070
1078
1333
1506
1673
1797
2437
2804
3055
3060
3453
3630
35
108
1223
1359
1419
1567
2213
2458
2830
3275
3326
3484
3492
3691
181
262
917
1124
1272
2010
2139
2690
2878
3027
3085
3390
3611
3769
4039
81
144
644
1038
1387
1434
1916
2008
2346
2377
2457
3048
3201
3958
3989
262
462
582
970
1006
1012
1049
1148
2455
2642
2873
2996
3427
3519
3747
171
1293
1346
1373
1546
2621
2760
2862
2901
2991
2993
2997
3043
3140
4026
568
609
633
742
860
1029
1319
1607
2371
2629
3157
3302
3304
3862
289
622
673
1169
1378
1426
1594
1954
2575
2695
2775
2834
2951
3125
3228
3426
3540
3972
200
935
1009
1120
1320
1736
2378
2650
2722
2723
3047
3184
3447
3557
3958
580
593
1206
1208
1530
1554
1782
2270
2368
2603
2981
3441
3891
3915
4042
372
700
989
1300
1368
1374
1625
1743
1958
2044
2139
2577
2969
3376
3423
3648
365
643
1083
1153
1496
1545
1561
1739
2307
2519
2693
2824
3346
3486
3726
177
271
478
697
835
874
1445
1949
2089
2411
2464
3144
3256
3620
3646
4025
352
529
575
783
797
1068
1548
1562
1772
1930
2713
2899
2917
3646
4029
71
276
367
672
938
1328
1649
1659
1811
1975
2235
2410
2721
3136
3941
4021
140
440
575
707
1054
1073
1171
1474
1505
1637
1742
2564
2664
2888
3369
4076
725
1158
1499
1544
1819
2049
2360
2479
3092
3430
3613
3675
3867
3868
3895
63
465
693
860
973
979
1107
1307
1333
1379
1480
2233
2485
3030
3339
3483
3912
4091
227
622
744
1267
1544
1572
1857
2068
2393
2701
3012
3281
3678
3862
3981
4043
4050
29
377
468
537
1496
1532
1546
1596
2124
2444
2515
2831
3242
3449
3751
242
515
650
736
813
852
1495
1855
2388
2740
3005
3123
3722
3750
3849
7
75
888
932
1266
1271
1584
2053
2149
2184
2344
2512
3454
3634
4054
227
495
758
1269
1452
2282
2469
2545
2583
2745
2764
3313
3635
3717
3824
3909
141
1249
1360
1513
1693
1797
2217
2219
2669
3031
3195
3424
3687
3890
3982
378
792
963
1355
1507
1570
1708
1790
2228
2318
2554
3306
3357
3538
3851
3988
39
794
868
1048
1389
1482
1536
1949
2081
2310
2848
2974
3768
3964
4024
492
600
738
1041
1100
1315
1592
1688
1733
2513
3118
3410
3488
3701
3993
270
310
564
822
1033
1157
1438
1497
1501
1676
2003
2036
2389
3508
4028
17
83
419
624
708
841
919
1038
1197
1279
1862
2131
2224
2269
3346
86
530
626
846
1412
1431
1997
2066
2105
2684
2776
3030
3051
3248
3361
3402
41
475
945
1082
1613
1844
1938
1949
2222
2697
3131
3744
3761
3828
3878
76
362
463
764
993
1394
1527
2039
2057
2319
2414
2421
2618
2854
3011
657
1052
1239
1577
1600
1937
2075
2436
2956
2979
3084
3145
3638
3731
3998
100
128
553
711
712
882
1129
1147
1295
1447
1571
2700
3352
3907
4089
128
365
480
510
902
934
1214
1512
1550
2198
2942
3071
3317
3852
3931
97
543
708
730
1331
1893
2293
2463
2624
3007
3018
3113
3617
3983
4059
653
892
967
1136
1203
1361
1987
2026
2115
2264
2332
2851
3420
3641
3975
228
335
347
966
1407
1544
1969
2496
2803
2906
2984
3527
3798
3835
4015
239
450
533
819
921
1012
1450
1534
2561
2771
3003
3230
3249
3471
3869
764
864
920
1225
1406
1582
1605
1620
1636
1971
2257
2467
2523
3263
3316
3558
331
737
1432
1560
1625
1801
2035
2498
2508
2640
2889
3013
3143
3207
3813
3847
277
540
722
1305
1500
1681
2336
2866
2943
3128
3211
3290
3534
3596
3606
5
81
219
907
1015
1229
1276
2055
2268
2672
2689
2746
3350
3645
3809
4008
4072
632
741
916
1076
1323
1496
1707
1740
2302
2314
2448
2461
3273
3384
3462
1
7
694
696
1037
1424
1687
1867
2530
3211
3498
3514
3591
3617
3780
601
1172
1853
1928
2333
2488
2698
2857
3130
3134
3155
3504
3627
3834
197
326
353
826
1225
1325
1861
2314
2550
2576
2942
3271
3331
3416
3728
293
1360
1603
1978
2193
2295
2424
2473
2539
2601
2670
2994
3103
3590
60
201
353
418
935
1016
1018
1045
1103
1304
1656
1783
2484
2608
3710
131
134
456
461
551
965
1473
1585
1591
1626
1721
1911
2206
2743
3197
3879
178
305
559
925
1742
2023
2299
2442
3020
3022
3242
3250
3269
3444
3897
168
182
774
790
1686
2086
2436
2674
2832
3129
3409
3524
3594
3600
116
536
615
942
1036
2317
2329
2493
2687
3703
3719
3880
4046
4061
277
351
472
977
1016
1342
1489
1667
1899
1960
2453
2589
3438
3579
3648
3855
222
265
334
1019
1211
1560
1803
1833
2290
2935
3043
3309
3372
3518
3947
1228
1347
1461
1611
2178
2207
2255
2567
2595
2860
3277
3417
3549
3835
3948
722
808
964
1044
1145
1794
1804
2024
2054
2077
2127
2815
2872
3285
3680
92
234
371
634
854
1135
1580
2713
2727
2827
3426
3550
3852
3910
4079
646
981
1160
1386
1515
1996
2162
2585
2931
3180
3518
3750
3786
3945
157
609
665
707
1034
1246
1758
2958
3231
3261
3423
3489
3543
3663
3881
984
1150
1204
1467
1529
1701
2251
2512
2754
2821
2872
3267
3655
3897
4036
330
747
875
1119
1548
2160
2169
2287
2599
2747
3017
3027
3162
3307
3908
369
638
1229
1467
1920
2142
2504
2684
2751
3054
3187
3541
3695
3858
744
819
944
1000
1221
1428
1579
2155
2624
2909
3036
3565
3807
3950
4090
428
586
832
901
987
1103
1579
1667
1885
2423
2854
2895
2982
3004
3037
478
506
666
824
1035
1360
1517
1561
2319
2543
2853
2944
3331
3358
3555
20
57
1218
1292
1331
1717
2402
2441
2552
2601
2798
3397
3473
3751
3956
194
301
520
1399
1498
1509
2354
2400
2611
3192
3357
3526
3761
3844
3884
101
261
298
330
426
442
1070
1176
1254
1427
2052
2461
2668
3200
3219
3947
177
223
617
1027
1215
1391
1491
1524
2308
2451
2658
3191
3610
3662
4001
196
338
1070
1237
1612
1659
2234
2258
2380
2490
2963
3209
3421
3572
3616
19
333
448
679
751
761
806
2169
2716
3215
3385
3390
3589
3728
4016
8
183
618
792
1320
1373
1421
1795
1823
2550
2567
3237
3470
3767
4057
892
901
1241
1768
1798
1955
2084
2221
2678
3303
3522
3674
3808
3826
3839
124
392
399
514
897
972
1044
1267
1346
1483
1611
2022
2590
2743
3058
3778
62
309
541
603
1349
2063
2375
2448
2759
2783
2937
3147
3374
3578
3592
74
162
276
513
598
855
1282
1576
1969
2284
2621
3110
3697
3950
4094
352
606
612
824
1138
1631
1773
1990
2203
2215
2334
2677
2722
3078
3315
3383
49
378
545
1174
1347
1642
1701
2285
2322
2365
2698
3390
3629
3650
3977
460
572
630
643
1114
1524
1787
1832
1874
2045
2491
2514
3183
3270
3271
3584
58
342
567
809
1451
1807
1984
2070
2884
2901
3151
3502
3593
3673
3824
383
515
961
1324
1536
1963
2063
3032
3153
3205
3276
3542
3841
3901
3971
255
373
552
579
769
890
895
983
1979
2543
2986
3090
3208
3544
3551
43
230
231
323
857
1239
1537
1684
1820
2032
2175
2544
3257
3808
4075
199
454
738
960
1236
1374
1628
2053
2275
2582
2595
2825
2908
3261
3748
331
1256
1345
1628
1727
1877
1904
2133
2587
2653
2694
3057
3282
3322
3965
210
611
694
896
1085
1310
1833
2206
2707
2809
3059
3569
3757
3920
3942
176
478
596
929
1093
1339
1691
2118
2311
2607
2680
2812
3068
3340
3848
27
682
1054
1598
1917
2241
2385
2435
2492
2612
2959
3300
3308
3455
3935
374
1212
1647
1793
2297
2453
2588
2670
2718
2970
3222
3394
3921
4017
4060
155
258
414
489
756
1206
1285
1320
1334
1386
2014
2944
3018
3576
3597
34
204
498
614
1028
1296
1515
1593
1936
1940
2178
2907
2930
3148
3380
3488
189
387
664
1811
1821
2051
2164
2350
2392
2779
2816
2870
3179
3465
3619
64
477
577
773
1026
1410
1741
1933
2546
2744
2810
2855
3311
3999
4060
435
453
1096
1433
1976
2263
2356
2406
2545
2577
2782
3456
3724
4029
4059
96
125
207
710
897
924
1200
1291
1423
1621
1644
1653
2004
2171
2510
3063
405
818
880
1031
1076
1205
1934
1959
2023
2542
2767
2802
2821
2958
3963
264
308
1729
1873
1943
2063
2237
2855
2965
3026
3329
3568
3861
4049
12
124
215
355
498
663
845
888
1235
1257
1695
1717
1796
1897
2210
3177
96
1461
1589
1645
1655
2024
2162
2273
2326
2338
2770
2972
3173
3872
4086
101
356
767
791
1389
1587
2108
2272
2327
2394
2459
3158
3328
3607
3992
278
290
434
633
636
842
1097
1208
1262
1942
2098
2370
2871
2966
3061
3335
297
726
962
1962
2052
2475
2533
2717
2795
3406
3504
3591
3742
3819
3980
240
378
548
602
728
763
914
1192
1583
2071
2460
2562
3041
3458
3891
4080
35
87
606
939
1166
1460
1623
1838
2095
3313
3538
3642
3923
3941
4041
82
143
279
786
1495
1879
1899
1908
2199
2339
2400
2921
3171
3700
3781
246
348
566
1138
1605
2014
2044
2776
2841
2891
3241
3312
3516
3736
3783
73
346
546
864
883
1043
1351
1356
1962
2161
2411
2570
2675
2712
3966
259
313
431
459
770
912
1101
1169
1344
2300
3080
3184
3212
3324
3712
293
302
479
505
541
930
1520
1541
1757
2031
2201
2451
2820
3049
3382
3612
233
810
1172
1217
1504
1684
1823
2265
2347
2502
2905
3106
3451
3532
3620
3968
107
240
332
536
681
761
1185
1314
2245
2350
3108
3237
3251
3370
3518
4012
573
823
1468
1586
1830
1925
2095
2549
2556
3160
3279
3327
3704
3965
4074
123
273
669
759
813
816
930
1013
1173
1887
2053
2205
2247
2685
2807
3035
3899
502
608
1105
1860
2031
2147
2505
2709
2751
3069
3188
3312
3510
3544
3959
4034
71
117
229
402
474
569
1065
1336
1654
2524
2701
3344
3574
3842
4073
168
607
895
1556
1774
1914
1918
2239
2482
2551
2595
2754
3174
3818
4066
303
368
700
978
1676
1787
1903
2032
2123
2886
3005
3615
3651
3956
3961
120
314
839
1252
1507
1876
2184
2435
2673
2762
2874
3024
3190
3372
3474
9
99
610
668
1361
1366
1478
1642
1922
2084
2167
2252
2347
3568
3570
244
467
495
605
728
824
1160
1196
1321
1532
2582
2683
2868
3154
3167
596
659
673
723
827
1181
1446
1758
2077
2143
2732
3221
3503
3720
3749
3757
3933
4095
215
407
561
703
742
957
964
1156
1238
1928
2085
2271
2830
2953
3125
251
771
820
852
1079
2344
2421
2794
2813
3003
3074
3363
3422
3764
4027
288
680
705
1026
1196
1809
1854
1905
2108
2439
2649
2676
2891
2926
3791
188
469
692
957
1205
1242
1522
1834
1881
2038
2080
2401
3009
3273
3687
4005
287
408
937
1165
1341
1767
1773
2025
2096
2162
2486
2508
2825
2916
3788
52
109
386
625
1002
1057
1186
1500
1513
1841
1850
2171
2450
3069
3498
158
1010
1841
1955
1956
2345
2466
2482
2594
2758
3172
3459
3692
3778
4052
299
344
393
503
532
597
780
1215
1255
1906
2056
2383
2788
3387
3427
368
544
899
985
1045
1098
1173
1485
1528
2468
3033
3314
3494
3506
3801
244
744
923
1087
1361
1652
1779
1825
2253
2516
2528
2750
2787
2815
3407
211
221
634
932
998
1204
1760
1979
2336
2408
2742
2934
2991
3572
3663
51
556
831
887
900
1489
1687
1893
2098
2173
2475
2570
3199
3608
4065
409
575
661
940
1022
1289
1417
1440
1848
1952
2054
2150
2507
2886
3850
485
1325
1435
1536
1643
1691
1716
2193
2681
2771
2973
3023
3424
3554
3911
63
82
308
1041
1355
1375
1827
2343
2839
3000
3105
3301
3310
3500
4045
103
147
441
567
1407
1616
1724
2119
3230
3356
3478
3547
3580
3702
4025
77
364
582
720
919
1639
1860
2056
2544
2945
3033
3272
3365
3444
3865
4048
266
913
1522
1679
1719
2036
2371
2495
2631
2957
3012
3204
3597
3645
3691
462
772
1354
2191
2220
2294
2393
2443
2646
3059
3185
3198
3730
3961
3973
231
232
273
413
517
591
1276
1800
1924
1989
2637
3106
3108
3521
3814
301
413
756
760
1028
1077
1411
1658
2035
2301
2338
2682
2865
3688
3965
1
187
641
707
1302
1401
1578
1649
2323
2659
2842
3015
3095
3895
3976
571
947
971
1085
1323
1474
1708
2081
2092
2858
3661
3671
3762
3865
3979
129
199
624
701
816
851
949
1026
1635
1653
2016
2120
2796
3086
3176
163
394
489
799
1264
1447
1641
2490
2883
3099
3453
3485
3551
3610
3663
65
261
1203
1425
1839
1842
2445
2771
2794
2827
3052
3463
3506
3845
3942
454
492
1263
1384
1432
1856
1924
2497
2725
2729
2985
3145
3574
3593
3759
150
309
624
960
1178
1385
1390
1559
2189
2686
3355
3550
3588
3878
4013
633
702
837
1442
1713
1967
2000
2585
2623
2898
3161
3285
3401
3473
3559
40
308
674
2272
2479
2499
2542
2582
2794
2914
2995
3038
3322
3366
3658
284
488
594
1025
1147
1314
1367
1396
1523
1908
2068
2345
2691
2739
3117
3339
39
100
756
866
1247
1799
2021
2248
2875
3072
3090
3212
3600
3623
3635
889
894
902
1158
1590
1800
1878
2485
2545
2657
2718
3190
3266
3442
3536
3727
65
482
651
874
1133
1378
1490
1515
1603
1729
2339
2929
3161
3172
3467
237
357
674
1337
1362
1727
1730
1847
1859
2325
3163
3445
3512
3524
3699
3812
66
155
225
455
1301
1697
1805
2641
3062
3223
3457
3592
3656
3893
4033
332
560
843
890
893
1025
1379
1421
1719
1956
3073
3250
3319
3613
3714
55
173
363
628
878
1403
1446
1615
1677
2687
3227
3306
3598
3657
4064
63
396
621
625
930
1481
1627
1868
2238
2983
3176
3212
3528
3672
3775
286
1080
1410
1759
1777
2524
2756
2853
3052
3206
3400
3476
3748
3785
3919
396
531
637
675
968
1088
1179
1216
1763
1932
1991
2668
2976
3373
3715
323
399
583
788
1358
1600
2069
2180
2349
2462
2541
2569
2739
2832
4082
135
547
570
978
1553
1810
1822
1872
2237
2354
2367
2518
3020
3152
3732
3793
548
623
814
1450
1540
1874
1912
1968
2501
2546
2688
2769
3686
3953
3985
540
582
783
844
1058
1181
1597
1643
2275
3008
3259
3284
3317
3647
3816
111
482
698
1186
1618
2017
2338
2623
3192
3287
3551
3565
3762
3904
3980
220
922
957
1391
1447
1620
1781
1810
2640
3136
3150
3156
3371
3433
4088
219
251
881
1117
1163
1219
1568
1606
1674
1988
2101
2395
2651
3085
3377
3835
51
207
351
731
969
1036
1095
1253
1327
1594
2238
2465
2838
2993
3604
25
80
418
753
1088
1511
2273
2581
3065
3318
3376
3393
3509
3535
3825
292
417
587
653
987
1801
1822
1929
2077
2300
2413
2472
2664
3235
4031
314
1056
1356
1846
1973
2201
2214
2223
2313
2813
3189
3341
3618
3752
3985
193
209
277
398
1031
1283
1402
1525
1991
2209
2380
2949
3198
3268
4006
48
254
340
692
711
776
967
1243
1485
1634
1737
1754
2780
3697
3709
3766
157
583
1136
1870
1925
2087
2135
2481
2521
2869
2909
3197
3590
3892
3927
195
621
1569
1572
1668
1832
2978
3100
3236
3529
3648
3674
3780
4020
4085
36
522
637
823
1049
1190
1326
1452
1595
1865
1922
1927
2410
2447
3543
182
252
318
408
740
869
951
1235
1830
1865
2185
2315
2730
2866
3953
3982
825
882
1128
1263
2009
2634
2637
2781
3050
3095
3126
3243
3293
3338
3706
3710
367
577
777
1761
2058
2230
2341
2643
2799
3094
3354
3437
3594
3680
4094
51
180
388
613
872
1195
1425
1788
1903
2121
2431
2531
2793
3394
3450
113
408
561
838
987
1338
1449
1665
1818
2603
2658
2826
3014
3343
3666
154
198
577
602
615
697
750
1181
1696
1986
2446
2635
2711
2833
4083
54
195
488
539
849
898
1372
1491
1764
1845
1981
2213
2674
2906
3153
3745
168
207
347
558
725
1216
2348
2484
2620
2663
2685
3139
3217
3694
3740
543
639
830
850
992
997
1212
1309
1825
2291
2591
3070
3235
3512
3741
29
72
798
1377
1521
1671
2329
2910
2980
3142
3227
3233
3739
3908
3995
101
145
267
450
637
977
1273
1478
1483
1829
2083
2345
2729
2745
3396
294
341
553
629
1516
1746
1941
2091
2766
2975
2976
3370
3843
3977
4038
26
120
380
466
1439
1671
1734
1850
2097
2098
2618
2964
3115
3289
246
256
342
384
694
1291
1656
1671
1957
2001
2032
2521
3070
3229
49
87
205
337
498
1079
1130
1341
1731
2327
2990
3671
4048
4075
306
472
503
926
1072
1244
1466
2412
2729
2839
2856
3196
3583
3927
247
933
988
1466
1581
1843
2010
2226
2270
2381
2692
3182
3851
4061
775
851
1444
1877
2005
2695
2702
2706
2908
2925
3605
3685
3741
3916
60
200
1135
1170
1270
1559
1816
1921
1982
3431
3445
3456
3592
3780
184
563
736
853
931
1218
1510
2276
2778
3121
3206
3484
3605
3715
197
521
721
796
994
1632
1804
2019
2430
3051
3442
3586
3681
3690
404
490
799
801
1259
2060
2119
2152
2371
2405
2432
2577
3407
3892
78
106
446
866
899
956
1125
1241
1747
1785
2094
2604
3214
3330
158
781
1032
1735
1869
1901
1944
2243
2304
2522
2722
2772
3129
3254
1
16
31
46
60
74
88
102
116
131
144
159
174
189
206
221
236
251
266
280
295
310
325
340
355
371
385
400
415
430
446
461
476
491
506
519
531
546
561
575
590
605
620
635
651
666
681
697
711
726
743
758
773
789
803
818
833
847
863
877
893
909
924
940
955
971
985
1000
1015
1030
1045
1059
1074
1089
1104
1119
1134
1149
1165
1181
1196
1211
1225
1240
1255
1268
1284
1300
1315
1330
1345
1360
1375
1391
1406
1420
1435
1450
1465
1479
1494
1509
1523
1539
1553
1568
1582
1596
1611
1626
1640
1655
1670
1685
1700
1715
1731
1746
1760
1775
1788
1804
1819
1834
1848
1862
1876
1890
1906
1920
1935
1950
1965
1980
1997
2012
2028
2044
2059
2076
2090
2105
2119
2135
2150
2164
2179
2194
2208
2223
2238
2253
2268
2283
2297
2311
2326
2341
2355
2370
2383
2398
2411
2426
2440
2455
2469
2483
2497
2512
2527
2542
2557
2572
2587
2602
2617
2631
2644
2660
2675
2688
2702
2717
2730
2744
2760
2776
2791
2805
2820
2835
2849
2863
2878
2892
2907
2921
2935
2950
2965
2980
2995
3010
3025
3040
3056
3071
3086
3102
3117
3131
3147
3161
3176
3191
3206
3220
3235
3250
3265
3280
3294
3309
3324
3339
3354
3368
3383
3398
3413
3428
3443
3459
3474
3488
3501
3515
3530
3545
3560
3576
3591
3606
3622
3637
3652
3668
3683
3698
3712
3726
3741
3755
3771
3786
3801
3816
3832
3847
3862
3877
3891
3906
3921
3938
3953
3969
3983
3998
4013
4028
4044
4059
4074
4089
4104
4120
4134
4149
4164
4179
4193
4208
4223
4238
4253
4268
4282
4297
4312
4327
4342
4356
4372
4386
4401
4415
4429
4444
4459
4474
4489
4503
4516
4530
4545
4560
4575
4591
4606
4622
4637
4651
4666
4681
4695
4710
4725
4739
4754
4770
4784
4798
4814
4829
4846
4861
4876
4891
4906
4921
4935
4951
4966
4979
4993
5008
5023
5038
5053
5068
5080
5096
5111
5125
5139
5153
5167
5182
5198
5212
5227
5243
5259
5273
5288
5303
5318
5333
5349
5364
5379
5394
5409
5424
5439
5454
5469
5483
5498
5513
5528
5543
5558
5573
5588
5602
5617
5633
5647
5662
5678
5693
5709
5725
5740
5755
5770
5786
5802
5817
5832
5847
5862
5877
5891
5906
5921
5936
5952
5966
5981
5994
6009
6025
6040
6055
6071
6086
6100
6114
6129
6145
6160
6175
6192
6207
6222
6237
6252
6267
6282
6296
6311
6325
6340
6356
6371
6385
6400
6415
6430
6445
6460
6474
6489
6505
6520
6536
6551
6566
6582
6597
6611
6626
6640
6655
6670
6685
6700
6715
6730
6745
6759
6775
6790
6804
6819
6834
6848
6862
6877
6893
6906
6921
6935
6950
6965
6981
6996
7012
7026
7041
7054
7069
7084
7100
7114
7129
7145
7160
7175
7191
7206
7220
7235
7251
7266
7281
7296
7310
7325
7340
7355
7370
7385
7401
7416
7431
7445
7459
7474
7489
7503
7517
7532
7547
7562
7576
7591
7606
7621
7636
7650
7667
7683
7698
7713
7729
7743
7758
7773
7789
7805
7821
7836
7851
7866
7881
7896
7912
7927
7942
7959
7972
7987
8002
8017
8034
8049
8064
8079
8094
8109
8124
8139
8154
8169
8184
8199
8215
8230
8245
8260
8276
8291
8307
8322
8337
8353
8368
8385
8399
8414
8429
8444
8458
8473
8488
8503
8518
8533
8548
8563
8578
8593
8609
8624
8639
8654
8670
8685
8699
8715
8730
8746
8762
8777
8792
8807
8822
8837
8851
8866
8881
8896
8911
8926
8941
8956
8971
8987
9002
9018
9033
9048
9062
9077
9093
9108
9124
9139
9154
9169
9184
9200
9215
9230
9244
9259
9274
9289
9304
9318
9336
9351
9366
9382
9397
9413
9428
9444
9460
9475
9493
9510
9525
9540
9555
9571
9586
9602
9617
9632
9647
9662
9678
9693
9708
9723
9738
9753
9768
9783
9798
9813
9829
9845
9860
9877
9892
9907
9921
9936
9950
9965
9981
9996
10010
10024
10040
10055
10070
10085
10100
10114
10129
10144
10159
10173
10188
10203
10218
10233
10248
10264
10279
10294
10309
10324
10339
10355
10370
10385
10401
10416
10432
10447
10462
10477
10492
10507
10522
10537
10552
10567
10582
10597
10613
10628
10643
10658
10674
10689
10703
10719
10734
10749
10765
10780
10796
10811
10826
10841
10856
10871
10887
10903
10919
10934
10951
10967
10982
10997
11012
11027
11042
11057
11075
11090
11105
11120
11136
11151
11166
11181
11196
11211
11226
11241
11256
11271
11286
11301
11316
11332
11347
11362
11377
11392
11407
11422
11437
11452
11467
11482
11497
11512
11527
11543
11558
11574
11589
11605
11620
11635
11650
11665
11680
11695
11710
11726
11741
11756
11771
11786
11802
11817
11832
11847
11862
11877
11893
11908
11923
11938
11954
11970
11985
12000
12015
12030
12046
12061
12076
12091
12106
12121
12135
12149
12163
12177
12191
12205
12219
12233
12247
12261
12275
