205
4096
12288
50
323
445
452
572
843
955
1198
1237
1263
1606
1653
1844
1857
1982
2204
2425
2589
2918
3081
3119
3140
3293
3443
3475
3582
3659
3706
3736
3746
4032
4042
4058
45
129
191
377
383
448
489
963
1152
1197
1201
1224
1309
1327
1377
1411
1489
1711
1773
2049
2402
2452
2709
2765
2872
2898
3060
3165
3251
3272
3429
3643
3764
3796
3892
4003
4049
235
278
395
528
575
702
744
768
933
956
1189
1278
1459
1612
1744
1813
1944
1966
2096
2176
2258
2334
2339
2375
2482
2495
2547
2679
2802
2812
2817
2982
2986
2987
3282
3948
3980
4043
106
133
150
249
269
493
604
830
840
1022
1214
1232
1292
1416
1487
1489
1538
1552
1576
1703
1778
1875
1881
1977
2388
2430
2546
2595
2705
3151
3423
3587
3705
3827
3944
117
159
177
399
599
648
689
800
838
884
975
980
1185
1261
1298
1412
1447
1613
1672
1838
1901
1907
2109
2196
2197
2606
2950
3044
3264
3294
3310
3336
3467
3696
3748
3882
3908
13
702
877
900
988
1032
1135
1166
1395
1567
1754
1834
1897
1945
1986
2037
2067
2155
2174
2225
2245
2270
2317
2480
2496
2510
2878
2880
2946
3043
3091
3230
3342
3399
3590
11
27
63
207
381
548
594
768
935
1385
1488
1602
1615
1917
2024
2109
2617
2825
2865
3312
3405
3414
3430
3577
3578
3649
3771
3829
3867
3897
3923
3944
74
161
190
224
549
559
561
592
829
877
896
917
940
986
1061
1294
1463
1720
1759
2017
2210
2530
2534
2615
2654
2746
2907
3035
3214
3453
4076
271
384
476
1203
1373
1432
1631
1685
1830
1864
1949
2025
2248
2459
2480
2526
2694
2801
2886
2901
2909
2956
2962
3135
3295
3531
3548
3777
3835
3871
3921
30
137
436
458
588
704
774
1014
1137
1194
1283
1321
1433
1889
1959
2077
2135
2364
2393
2573
2792
2865
3023
3077
3078
3249
3253
3275
3392
3881
3895
3961
3967
4011
4083
22
23
73
164
507
597
640
664
791
795
908
958
1308
1340
1437
1571
1603
1782
1870
1898
1965
1989
2157
2583
2638
2666
2718
2794
2799
2881
3016
3059
3329
3437
3501
3589
3625
3855
3941
185
198
210
269
289
482
614
688
780
1134
1212
1334
1576
1626
1637
1734
1867
2020
2086
2304
2366
2609
2702
2981
3170
3184
3273
3289
3365
3516
3781
3795
3975
3
145
178
206
243
304
420
618
813
864
888
910
996
1225
1569
1648
1661
1746
2260
2308
2319
2516
2632
2881
3080
3122
3204
3353
3377
3452
3496
3623
3634
3681
3833
3872
3873
151
172
209
314
527
582
720
775
1033
1376
1463
1486
1882
1885
1890
1945
2035
2445
2635
2670
2780
2837
2951
3079
3085
3137
3243
3332
3399
3799
3843
3890
3908
3936
4073
4077
2
98
195
226
436
492
590
785
1013
1128
1512
1530
1581
1755
1765
1810
1927
2011
2125
2325
2460
2712
2731
2736
2775
2844
2854
2926
2975
3061
3203
3307
3403
3458
131
161
234
501
725
873
963
1005
1111
1175
1220
1279
1596
1673
1706
1719
1726
1783
1839
1883
2014
2161
2220
2281
2331
2383
2478
2581
2586
2639
2647
2654
2914
3070
3265
3382
3439
3601
3626
3789
3816
3847
3906
3969
4071
36
41
71
268
368
370
406
432
463
469
643
1093
1284
1305
1652
1657
1860
1867
1939
2267
2344
2716
2773
2802
2825
2889
2940
2981
3005
3118
3199
3275
3478
3522
3601
3628
3909
221
271
379
554
755
783
805
852
976
987
1109
1472
1635
1893
1909
1958
2172
2447
2533
2539
2571
2590
2789
2944
2979
3276
3328
3389
3391
3665
3694
3706
3819
4080
10
58
115
124
194
254
283
308
337
470
685
708
1087
1108
1329
1417
1488
1501
1672
1694
1832
1905
1923
2223
2271
2403
2611
2661
2671
2931
2941
3244
3258
3274
3441
3445
3597
3644
3742
3767
3804
3970
191
220
281
302
570
615
846
870
873
1036
1042
1192
1225
1272
1326
1473
1482
1529
1737
1785
1885
1905
1993
2018
2315
2326
2429
2447
2548
2607
2719
2726
2774
2852
2940
3112
3138
3166
3295
3378
3382
3473
3607
3619
3729
3773
3823
3864
3912
107
202
229
350
440
446
456
593
700
771
836
940
959
973
1117
1407
1464
1593
1718
1793
1845
2322
2397
2405
2500
2694
2850
2960
3096
3127
3161
3212
3354
3410
3465
3793
3973
4074
246
374
468
622
726
939
949
977
1258
1264
1328
1596
1625
1784
2073
2221
2305
2438
2853
2855
2990
2999
3030
3052
3135
3217
3311
3325
3335
3353
3427
3428
3555
3592
3593
3759
3976
134
156
343
354
422
595
965
1080
1086
1100
1125
1364
1410
1518
1769
1848
1920
1940
2060
2070
2154
2330
2766
2797
2817
2876
2899
2932
2964
3009
3116
3279
3751
3764
3767
3772
3858
4095
5
419
550
587
645
667
866
1003
1047
1134
1429
1609
1802
1850
1909
2028
2063
2078
2224
2309
2338
2395
2479
2509
2624
2733
2863
3071
3357
3443
3452
3510
4000
4010
43
120
223
243
255
328
330
529
671
682
712
811
834
1094
1348
1374
1426
1476
1511
1604
1665
1849
1951
2148
2187
2219
2269
2555
2571
2735
2736
2831
2888
2916
2968
3174
3316
3335
3453
3535
3720
3776
239
277
311
336
380
689
1051
1124
1191
1233
1333
1344
1357
1468
1659
1808
2188
2458
2683
2885
2938
3043
3092
3161
3260
3534
3536
3587
3609
3678
3855
4067
297
497
548
580
628
649
666
667
828
1030
1119
1199
1207
1562
1684
1891
1972
2316
2423
2553
2578
2962
3059
3071
3266
3384
3420
3467
3532
3556
3745
3754
3841
169
222
479
627
754
920
931
972
1390
1484
1718
2088
2227
2320
2360
2594
2732
2877
3044
3090
3105
3144
3166
3192
3330
3418
3517
3523
3528
3571
3586
3610
3817
4027
4039
248
263
338
373
438
701
703
890
893
1013
1106
1310
1448
1752
1809
1911
1969
2090
2260
2297
2680
2844
3035
3063
3117
3151
3304
3375
3708
3734
3782
3835
3904
3981
4003
20
393
513
812
947
1162
1180
1221
1280
1508
1688
1901
1995
2126
2142
2251
2461
2485
2511
2730
2788
2921
3073
3114
3148
3281
3419
3468
3497
3655
3744
3883
3910
4035
98
142
298
338
591
655
666
670
708
723
806
879
892
920
960
1022
1049
1107
1210
1420
1439
1501
1714
1729
1882
2078
2104
2307
2411
2513
2514
2623
2672
2699
2705
2894
2977
3001
3072
3206
3335
3369
3611
3686
3726
3814
3815
3960
189
483
625
716
1007
1121
1211
1391
1590
1729
1780
1927
2223
2263
2294
2445
2478
2487
2585
2874
3016
3198
3234
3236
3337
3477
3495
3535
3561
3602
3634
3710
3711
3723
3768
3806
3850
3974
140
181
464
514
525
640
847
945
962
1175
1188
1242
1289
1394
1515
1814
1900
1948
2046
2051
2093
2159
2177
2437
2518
2557
2664
2687
2772
2799
2941
3089
3306
3372
3562
3687
3942
3943
4079
196
261
277
385
430
601
731
738
749
781
1094
1114
1179
1313
1377
1392
1520
1572
1638
1674
2015
2129
2145
2341
2424
2462
2471
2623
2751
2766
2882
3051
3182
3215
3227
3380
3669
3708
3822
3850
9
31
35
57
252
403
567
1177
1291
1324
1433
1568
1649
1869
1989
2066
2080
2162
2314
2383
2409
2479
2655
3103
3106
3189
3417
3568
3574
3640
3744
3788
3900
4092
354
510
527
751
818
826
909
1029
1136
1196
1368
1477
1509
1563
1928
2040
2253
2289
2412
2591
2648
2674
2915
2942
2949
2963
3034
3493
3502
3507
3635
3710
3758
3788
3924
4089
164
377
381
385
465
572
590
656
675
1460
1498
1558
1619
1656
1828
1895
1899
2142
2222
2263
2277
2384
2495
2587
2597
2617
2691
2715
2753
2906
3283
3431
3518
3781
3788
3804
3903
3920
3999
43
172
346
441
465
480
546
589
778
804
891
912
985
1339
1341
1417
1495
1608
1642
1658
1662
1769
1847
1961
1979
2198
2221
2324
2578
2606
2659
2757
2815
2828
2846
2847
2864
2967
3096
3233
3422
3461
3716
3865
3930
3968
142
253
441
459
563
604
662
710
796
820
941
1031
1127
1156
1169
1240
1366
1390
1640
1699
1779
1790
1896
2111
2321
2343
2380
2417
2434
2640
2837
2951
3120
3212
3232
3449
3733
3752
3895
1
298
347
449
506
601
602
612
758
820
1086
1116
1182
1196
1207
1223
1414
1427
1560
1799
1988
1990
1991
2106
2228
2234
2302
2353
2665
2876
3094
3216
3319
3417
3664
3707
3774
3803
3877
3981
99
147
233
411
421
591
610
660
721
777
785
886
1109
1113
1178
1244
1312
1413
1722
1743
1814
1933
2003
2048
2247
2477
2983
3011
3013
3088
3218
3426
3513
3546
3553
3675
3794
110
140
203
309
386
387
415
504
595
634
794
800
840
922
1291
1419
1675
1865
1957
1975
2009
2232
2239
2245
2249
2356
2360
2371
2513
2629
2631
2937
2954
3315
3341
3470
3553
3792
3798
3974
3993
4058
105
116
208
329
333
345
437
512
605
658
711
789
1130
1271
1348
1367
1390
1761
1876
2031
2164
2209
2254
2312
2607
2688
2696
2764
3096
3118
3267
3282
3308
3323
3598
3636
3693
3696
3715
3779
3819
77
79
85
197
217
267
394
515
569
644
717
770
804
887
1082
1208
1415
1486
1660
1726
1809
1811
1968
1977
2392
2395
2568
2611
2685
2857
3173
3217
3362
3560
3569
3598
3605
3716
3874
3911
3989
4029
109
175
317
517
751
868
1123
1142
1241
1364
1485
1588
1622
1702
1794
1803
1840
1870
1967
2168
2173
2194
2255
2524
2747
2778
2826
2911
2958
3172
3226
3244
3416
3836
3864
3888
3928
4039
4095
4
212
278
292
368
401
455
844
953
1040
1254
1288
1343
1393
1450
1458
1627
1670
1698
1865
1937
2131
2235
2390
2760
3048
3066
3153
3181
3302
3437
3448
3503
3690
4000
4025
4064
84
143
176
270
316
373
378
521
564
596
639
686
812
880
892
905
1075
1324
1409
1470
1557
1630
2160
2202
2311
2352
2367
2544
2580
2713
2790
2798
3079
3115
3219
3438
3451
3581
3613
3893
3961
4086
34
60
192
396
471
1145
1194
1251
1258
1673
1731
1732
1797
1821
1907
1926
2206
2216
2486
2552
2779
2886
3172
3218
3255
3332
3651
3697
3830
3869
4038
4055
32
101
169
325
363
405
553
724
803
964
1006
1048
1096
1146
1252
1276
1697
1752
1837
1996
2055
2217
2522
2658
2662
2748
2829
2899
3100
3122
3262
3327
3559
3562
3646
3845
3895
171
337
401
414
444
599
706
817
905
967
1001
1059
1131
1187
1313
1321
1411
1461
1536
1716
1791
2029
2120
2122
2319
2364
2501
2636
2714
2812
2896
3006
3039
3371
3505
3525
3563
3618
3657
3766
3939
26
275
613
783
787
986
1040
1139
1173
1645
1723
1736
1802
1858
1929
2027
2203
2284
2392
2810
3041
3062
3092
3138
3264
3444
3532
3645
3688
3898
3946
3968
4013
4021
4057
4085
35
108
134
334
344
410
516
647
655
677
810
903
911
951
1011
1034
1038
1042
1058
1353
1704
1727
1757
1760
1806
2042
2075
2186
2354
2490
2582
2745
2785
2897
3019
3198
3536
3552
3606
3641
3849
4033
25
151
439
462
593
642
673
693
715
727
745
798
885
966
1067
1297
1304
1880
2201
2690
2753
2761
2900
2933
2958
3074
3297
3358
3360
3649
3661
3685
3761
3826
3843
4014
4021
37
39
48
79
283
290
335
434
534
557
732
842
977
1185
1315
1383
1398
1414
1569
1678
1679
1716
1894
1934
1942
2009
2442
2558
2656
2720
2752
2905
2919
2927
3662
3718
3870
3886
3916
4089
152
633
797
837
1025
1171
1372
1465
1666
1682
1707
1748
1795
1940
2182
2232
2412
2702
2741
2792
2904
3005
3160
3315
3359
3548
3853
4030
4042
111
113
297
312
387
486
586
661
772
827
864
969
984
1061
1066
1286
1337
1341
1356
1434
1497
1531
1735
1813
1998
2054
2167
2403
2470
2539
2584
2667
2676
2820
2871
3215
3306
3421
3516
3623
3653
3720
3889
3898
3924
447
650
717
731
911
926
1028
1227
1346
1399
1491
1644
1782
2250
2286
2348
2375
2469
2677
2722
2830
2907
2986
3180
3259
3284
3702
3735
3759
3871
3917
3996
4017
4070
168
709
795
1048
1083
1145
1148
1170
1238
1306
1372
1406
1522
1664
1799
1816
1935
1938
1951
2075
2133
2153
2182
2197
2314
2332
2372
2420
2507
2516
2643
2827
2846
2971
3136
3146
3192
3222
3229
3233
3413
3429
3500
3717
3765
4016
47
129
257
503
539
620
683
721
889
1044
1084
1450
1695
1713
1767
1969
2027
2069
2220
2289
2532
2576
2634
2746
2776
2834
2997
3003
3019
3086
3142
3148
3303
3405
3560
3858
3884
3979
4046
4077
18
285
292
443
467
598
608
732
874
881
1114
1174
1325
1440
1476
1542
1651
1770
1852
1862
1908
1929
2108
2145
2181
2316
2373
2514
2537
2852
2931
2972
3010
3052
3101
3681
3958
4041
225
348
417
429
475
520
566
698
722
760
835
846
859
1097
1123
1333
1352
1379
1446
1608
1657
1709
1841
1888
2239
2554
2610
2729
2884
3144
3397
3513
3572
3621
3694
3810
3821
3856
3995
4065
4076
119
135
234
358
368
576
680
746
755
788
1295
1483
1599
1978
2216
2229
2337
2365
2446
2498
2627
2858
2990
3108
3181
3273
3365
3442
3450
3488
3507
3529
3567
3577
3619
3713
3825
4072
4091
68
109
251
282
487
533
549
556
630
903
914
948
1001
1153
1359
1565
1572
1641
1851
1921
2051
2284
2346
2387
2397
2429
2497
2555
2849
2938
3031
3113
3145
3180
3358
3533
3572
3663
3684
3932
331
699
748
799
1132
1247
1303
1346
1408
1581
1703
1724
1766
1814
1888
1893
1938
1946
2124
2214
2377
2396
2526
2631
2669
2747
3000
3109
3124
3126
3277
3402
3430
3460
3469
3617
3639
3681
3695
3956
3988
4029
17
36
349
589
631
776
856
933
990
1126
1396
1401
1415
2004
2032
2061
2081
2105
2214
2236
2787
2916
2956
3009
3150
3196
3381
3561
3902
3955
4057
10
94
114
132
199
204
231
617
898
928
1218
1224
1309
1318
1363
1426
1452
1610
1622
1695
1705
1883
1895
2038
2428
2585
2625
2653
2726
2965
2994
3052
3251
3322
3737
3792
3805
3828
3870
3984
19
102
105
158
192
459
471
478
497
519
552
637
735
774
835
927
959
964
1147
1192
1226
1632
1687
1692
1712
1786
1871
2032
2134
2268
2644
2678
2782
2875
2935
2980
2991
3047
3139
3195
3213
3240
3300
3361
3436
3604
3734
3790
3800
3874
3893
3901
3991
4063
64
70
162
265
366
438
692
716
1160
1255
1387
1400
1455
1471
1597
1665
1686
1834
2082
2156
2246
2354
2628
2867
2970
3027
3175
3231
3238
3386
3424
3432
3683
3714
3756
3797
3813
3879
4040
4045
18
188
293
367
394
424
809
853
968
1148
1453
1526
1640
1688
1740
1872
2017
2272
2338
2407
2411
2584
2751
2864
2919
3203
3300
3326
3368
3383
3457
3485
3732
3818
3902
4050
15
69
140
165
428
497
669
734
758
839
857
1150
1347
1360
1361
1405
1421
1490
1498
1536
1589
1655
1886
1947
1998
2020
2043
2176
2188
2291
2405
2424
2532
2807
2869
2912
3124
3153
3155
3160
3168
3202
3294
3363
3404
3421
3530
3940
4025
14
23
31
103
375
466
486
784
786
941
1012
1031
1064
1099
1178
1219
1384
1441
1849
1943
1963
2098
2160
2203
2371
2763
2827
2900
2929
3024
3053
3054
3262
3414
3495
3670
3756
3758
3823
3829
3952
4005
4013
4081
70
183
288
371
436
491
697
747
866
993
1129
1174
1295
1326
1424
1428
1496
1555
1637
1738
1858
1879
2067
2150
2152
2331
2333
2419
2483
2604
2701
2768
3003
3009
3026
3222
3309
3312
3439
3728
3791
3909
3963
3978
3998
72
125
276
280
584
596
698
838
896
1055
1108
1194
1237
1248
1268
1302
1303
1425
1523
1713
1738
1817
1835
2015
2065
2238
2464
2505
2542
2762
2794
3017
3060
3290
3376
3524
3533
3539
3541
3629
3713
3770
3820
3873
4026
4073
4079
291
404
439
481
511
564
694
745
834
928
1093
1287
1293
1351
1416
1823
1826
2050
2089
2130
2183
2296
2302
2572
2629
2638
2781
2838
2867
2928
3062
3123
3169
3235
3415
3489
3642
3695
4096
52
275
295
457
570
665
710
746
786
821
850
1012
1149
1167
1288
1452
1535
1555
1570
1571
1675
2061
2159
2162
2179
2370
2383
2494
2564
2628
2665
2775
3066
3124
3290
3292
3394
3415
3647
3784
3801
3935
4069
74
334
358
414
496
574
764
863
927
929
1054
1081
1342
1422
1436
1502
1723
1728
1979
2092
2200
2243
2386
2528
2684
2793
3042
3141
3287
3339
3364
3373
3498
3667
3670
3816
3906
3932
3971
4012
4087
14
65
130
136
168
195
219
315
331
360
420
485
488
583
643
808
830
930
1034
1255
1259
1381
1605
1647
1676
2095
2201
2438
2488
2538
2558
2703
2836
2860
2879
2984
3034
3241
3258
3342
3480
3487
3653
3730
3807
20
259
279
326
409
520
529
583
592
696
734
861
885
1067
1086
1114
1190
1217
1221
1239
1287
1362
1554
1601
2042
2084
2120
2410
2451
2486
2632
2701
2833
2883
2885
3095
3341
3351
3754
3852
3967
142
620
669
978
1092
1155
1273
1383
1535
1737
2036
2240
2313
2563
2574
2620
3010
3068
3106
3412
3462
3511
3554
3608
3633
3690
3765
3815
3854
3917
4082
102
130
416
552
609
639
695
938
1004
1023
1168
1203
1210
1281
1318
1574
1617
1669
1735
2261
2304
2418
2725
2815
3142
3205
3220
3243
3284
3589
3610
3668
3877
3918
3933
3937
3955
4025
130
227
241
282
324
616
627
801
844
935
1021
1037
1200
1202
1214
1222
1350
1570
1611
1621
1674
1714
1836
1930
1933
1981
1988
2018
2026
2408
2457
2465
2531
2888
2923
3065
3107
3171
3190
3202
3221
3609
3719
3753
4081
4085
339
407
412
573
750
1019
1104
1172
1266
1274
1277
1772
1964
2059
2074
2237
2340
2386
2406
2410
2540
2651
2703
2719
2766
2884
2969
2975
3067
3164
3216
3271
3299
3346
3497
3673
3899
4020
4067
56
68
179
211
323
428
566
670
922
1008
1131
1202
1228
1327
1370
1398
1502
1553
1580
2069
2366
2433
2569
2901
2971
3000
3099
3100
3102
3121
3158
3169
3390
3583
3674
3698
3980
3984
3997
4059
4070
169
361
407
496
544
600
687
776
952
1298
1534
1592
1635
1763
1985
2098
2099
2127
2154
2351
2367
2398
2687
2711
2866
2952
3156
3193
3324
3345
3385
3407
3512
3598
3648
3652
3773
3795
3885
73
274
322
364
371
737
761
945
974
1023
1068
1257
1583
1595
1628
1771
1841
1984
2140
2155
2212
2246
2307
2543
2724
2759
2828
3105
3108
3301
3506
3539
3595
3659
3722
3858
3888
4093
272
460
526
577
635
1011
1043
1402
1455
1728
1788
2079
2166
2278
2422
2444
2667
2843
2882
3334
3499
3533
3548
3578
3594
3605
3652
82
213
472
484
624
660
979
999
1041
1209
1355
1526
1819
1975
2019
2205
2243
2301
2608
2661
2673
2763
2796
2809
3050
3219
3224
3542
3602
3800
3856
3901
3928
37
114
197
210
310
450
523
538
693
860
899
930
982
1018
1025
1062
1205
1335
1367
1433
1469
1546
1610
2016
2041
2153
2170
2293
2300
2382
2413
2430
2550
2566
2630
2755
2810
2833
2877
3101
3134
3186
3565
3596
3724
3736
3753
3948
3962
3973
4038
4045
24
400
419
442
445
686
765
794
1000
1060
1069
1101
1141
1167
1285
1387
1423
1574
1708
1824
1825
1856
1924
1996
2140
2189
2251
2328
2356
2391
2431
2456
2561
2697
2714
2754
2936
3011
3025
3191
3280
3441
3621
3684
3831
3861
4053
245
451
606
653
658
713
779
815
818
862
880
925
1099
1136
1138
1267
1281
1321
1581
1606
1675
1744
1979
2066
2172
2201
2259
2508
2593
2708
2953
3045
3289
3313
3334
3433
3752
3813
4056
4066
115
240
356
379
481
535
759
793
854
869
886
1320
1364
1372
1558
1613
1641
1663
1687
1843
1904
1936
2123
2127
2241
2433
2489
2607
2642
2659
2675
2676
2998
3184
3185
3199
3221
3459
3483
3600
3759
3775
3817
3859
3863
4063
40
83
101
104
120
236
452
557
582
651
770
843
876
1010
1039
1076
1085
1251
1317
1469
1543
1600
1634
2093
2178
2206
2349
2426
2823
2842
2925
2935
3193
3214
3446
3459
3460
3517
3538
3774
3809
3822
3958
3995
13
148
158
162
225
232
248
356
422
801
865
919
923
1018
1065
1249
1549
1664
1739
1831
1899
1944
2020
2101
2118
2255
2269
2337
2419
2502
2533
2583
2662
2819
2970
3123
3125
3317
3434
3522
3537
3728
4007
294
322
346
654
721
825
832
1375
1762
1802
1869
1966
2208
2318
2323
2408
2523
2527
2559
2614
2616
2816
2820
2930
3015
3298
3344
3447
3544
3851
3869
4060
4069
63
340
351
355
503
550
762
845
957
1017
1023
1073
1106
1120
1216
1249
1269
1285
1338
1714
1742
1755
1787
1845
1854
1993
2033
2137
2193
2347
2421
2506
2808
3041
3083
3084
3179
3201
3255
3282
3426
3584
3585
3633
3772
3786
3833
3842
3868
3926
3957
4093
92
138
149
150
188
303
330
359
362
460
500
545
683
1219
1277
1300
1316
1443
1525
1582
1650
1704
1837
1881
2013
2103
2171
2265
2370
2473
2549
2644
2649
2671
2714
2791
3020
3026
3220
3375
3709
3785
3819
3871
4023
5
72
216
218
359
390
398
778
816
1002
1043
1104
1188
1213
1246
1274
1346
1424
1548
1575
1593
1614
1622
1687
1785
1950
1980
1994
2199
2287
2722
2812
2966
3036
3038
3091
3195
3239
3278
3400
3504
3523
3692
3700
3726
3748
3852
3907
4087
164
290
301
315
454
760
826
853
1077
1079
1220
1262
1275
1361
1380
1482
1514
1518
1624
1791
1795
1964
1978
2218
2225
2250
2352
2468
2706
2839
3131
3194
3207
3223
3254
3540
3757
3921
3943
305
349
481
581
643
1211
1264
1396
1404
1405
1597
1609
1633
1645
1700
1768
1776
1887
1902
2204
2237
2242
2273
2645
3014
3073
3121
3383
3410
3520
3643
3725
3761
3896
4051
4058
4079
4094
80
141
163
200
307
357
424
565
598
678
864
1075
1139
1201
1204
1450
1536
1567
1629
1819
1836
1896
2034
2116
2399
2488
2627
2701
2754
2776
2780
2941
3040
3083
3103
3269
3291
3608
3658
3762
3849
3900
4010
24
73
195
302
307
538
659
680
718
829
926
975
991
1233
1406
1431
1516
1551
1680
1751
1898
1940
1959
2096
2134
2359
2698
2733
2773
2839
2908
2910
2947
3050
3117
3207
3229
3328
3499
3515
3570
3576
3920
3959
3974
4006
4029
4090
117
203
632
767
856
934
1130
1164
1354
1494
1668
1744
1769
1863
1900
2080
2186
2287
2474
2556
2692
2739
2779
2804
2947
2966
2985
3001
3078
3144
3164
3375
3434
3514
3763
3888
3966
33
355
391
689
740
988
998
1008
1068
1079
1187
1301
1475
1485
1565
1584
1818
1961
2038
2044
2211
2286
2292
2345
2619
2637
2646
2652
2729
2762
3002
3006
3046
3170
3446
3524
3549
3707
3818
4092
107
224
326
329
330
435
451
509
618
642
897
980
1005
1155
1183
1454
1520
1678
1727
1944
1984
2053
2058
2127
2159
2204
2230
2449
2461
2472
2504
2642
2873
2892
2904
3032
3154
3400
3584
3615
3631
3664
3668
3742
3919
3934
3990
4005
100
103
167
351
427
453
535
538
750
950
1077
1085
1144
1230
1254
1260
1289
1338
1425
1470
1542
1655
1671
1833
1848
1878
2239
2339
2349
2464
2598
2867
2870
2893
2933
2952
2974
3220
3283
3566
3569
3574
3575
3591
3692
3747
3875
24
141
262
413
503
529
625
636
668
691
694
916
921
953
973
1096
1115
1203
1209
1242
1256
1293
1407
1517
1786
1870
1935
2007
2021
2176
2285
2335
2350
2524
2682
2804
2975
3286
3344
3660
3678
3721
3792
3894
4056
4083
61
371
433
443
530
615
623
709
949
962
1027
1054
1222
1349
1384
1478
1504
1645
1783
1820
1912
1932
1934
2056
2107
2479
2959
2974
3110
3323
3351
3610
3630
3631
3648
3787
3839
3918
3938
4020
47
204
230
357
369
472
687
744
750
906
1054
1121
1191
1272
1378
1680
1686
1770
1868
2037
2058
2112
2119
2144
2153
2254
2325
2420
2515
2517
2565
2575
2879
2988
3072
3081
3115
3139
3318
3409
3642
3832
3927
3977
4060
4084
46
77
266
273
388
410
511
578
621
672
772
983
1113
1217
1242
1457
1505
1598
1696
1713
1798
1863
2083
2094
2098
2143
2362
2416
2553
2635
2755
2955
3069
3186
3194
3490
3707
3746
3844
3903
3919
3925
3955
4044
4065
52
81
128
144
145
199
226
254
261
306
319
324
611
700
768
773
848
923
943
989
1195
1375
1494
1533
1691
1716
1818
1918
1978
2077
2315
2439
2539
2546
2748
2803
2818
2845
2946
2995
3049
3051
3110
3313
3355
3542
3627
3736
3847
3853
3884
3950
4046
118
146
157
352
417
442
641
672
726
756
832
924
1227
1235
1265
1290
1297
1405
1412
1544
1601
1614
1615
1647
1715
1827
1919
1974
2379
2389
2432
2458
2459
2525
2547
2551
2584
2872
2983
2999
3313
3337
3403
3454
3472
3497
3532
3580
3582
3963
87
170
179
558
603
637
733
793
802
867
957
996
1143
1153
1178
1246
1282
1358
1426
1444
1497
1725
1728
1762
1878
1904
1922
1981
2124
2191
2220
2285
2604
2774
2814
2839
3047
3069
3095
3128
3152
3200
3212
3247
3493
3862
4052
16
26
89
144
193
353
1025
1162
1176
1181
1216
1438
1500
1529
1656
1724
1747
1956
1960
2067
2068
2100
2183
2240
2274
2327
2406
2468
2492
2512
2576
2682
2734
2913
2972
3073
3154
3177
3224
3425
3482
3755
4048
139
143
177
187
251
397
402
407
410
492
567
736
755
901
944
956
991
1140
1371
1453
1692
1970
2059
2112
2278
2299
2394
2529
2559
2570
2624
2655
2678
2880
2942
3137
3140
3185
3209
3406
3520
3562
3683
3704
3907
3985
76
188
228
341
387
408
570
605
679
764
926
1187
1490
1556
1643
1660
1784
1893
1932
2005
2226
2288
2403
2435
2441
2443
2509
2538
2715
2821
2989
3379
3461
3495
3575
3590
3687
3786
3787
3806
3844
3852
3854
3945
3983
4008
4036
4052
42
154
176
180
213
225
239
259
313
339
353
362
491
578
681
687
696
723
751
837
861
888
1192
1234
1248
1308
1350
1381
1454
1459
1584
1694
1774
1834
2005
2163
2178
2261
2329
2357
2358
2622
2650
2717
2819
2895
2914
3148
3333
3366
3573
3600
3718
3783
3971
3987
3992
4037
4082
123
287
457
468
589
592
718
730
757
790
921
952
980
1004
1189
1255
1312
1331
1388
1444
1462
1757
1884
1919
1971
2085
2113
2115
2233
2282
2318
2409
2422
2434
2493
2581
2713
2895
2909
2934
2945
3250
3365
3676
3774
3828
3942
3949
3987
4034
4038
28
61
132
312
447
657
792
813
819
867
913
955
978
1118
1130
1184
1205
1335
1438
1572
1821
1847
1895
2040
2149
2195
2297
2334
2340
2352
2448
2747
2851
2957
2996
3032
3057
3312
3401
3491
3546
3557
3618
3824
3842
3950
4022
78
143
166
246
344
499
602
607
617
663
741
763
996
1045
1059
1071
1201
1278
1373
1547
1578
1579
1634
1892
2472
2496
2601
2605
2638
2660
2783
2972
3129
3190
3316
3373
3686
3688
3946
4004
4084
7
118
247
321
348
470
554
567
624
774
786
902
981
1046
1139
1183
1249
1357
1382
1508
1588
1710
1810
1865
1963
2130
2219
2288
2292
2306
2330
2562
2609
2654
2807
2930
2937
3037
3084
3141
3170
3423
3431
3622
3825
3966
4028
7
122
213
262
288
458
563
585
626
676
789
803
841
848
878
1066
1134
1362
1452
1513
1619
1639
1651
1686
1903
1912
1913
1987
2041
2080
2184
2280
2404
2408
2467
2502
2542
2672
2689
2732
2770
3025
3111
3114
3126
3528
3564
3568
3632
3743
3949
3989
51
62
67
92
183
208
230
263
457
579
603
688
699
1060
1087
1089
1279
1365
1533
1534
1656
1753
1797
1861
1875
1963
2051
2146
2166
2184
2189
2267
2485
2498
2700
2711
2739
2808
2842
3087
3098
3162
3223
3374
3396
3400
3549
3657
3711
3770
3857
3970
3985
3988
75
531
693
706
763
771
897
1019
1215
1311
1400
1506
1588
1591
1617
1625
1743
1753
1775
1866
1896
2035
2134
2149
2151
2190
2228
2259
2262
2347
2407
2426
2465
2505
2560
2868
2901
2905
3028
3149
3245
3306
3356
3408
3413
3435
3478
3507
3534
3578
3586
3624
3643
3989
15
54
194
237
239
320
432
463
634
728
772
790
928
942
1027
1223
1359
1402
1419
1442
1493
1522
1529
1641
1764
1921
2087
2132
2398
2510
2600
2791
2891
2892
2968
2992
3024
3155
3270
3283
3454
3511
3544
3583
3616
3703
3838
4010
4012
4037
111
244
280
383
517
534
642
648
663
676
681
709
781
877
904
927
992
1073
1170
1171
1212
1215
1299
1387
1442
1469
1523
1563
1930
2031
2102
2124
2348
2423
2508
2567
2573
2635
2643
2723
2840
2863
2995
3159
3271
3299
3301
3303
3540
3640
3727
3859
3953
3977
3978
4018
124
182
366
392
399
408
545
712
769
875
895
900
1005
1102
1157
1256
1263
1283
1331
1507
1683
1693
1735
1762
1868
2057
2070
2075
2175
2224
2373
2503
2507
2525
2603
2674
2824
2870
3171
3305
3402
3482
3503
3517
3542
3555
3757
3840
3841
3
47
180
217
495
738
765
857
899
1051
1101
1211
1482
1503
1661
1689
1712
1917
1928
2105
2115
2244
2246
2355
2377
2415
2721
2795
2926
2952
3017
3070
3076
3155
3242
3267
3319
3359
3484
3510
3554
3565
3623
3648
3766
3928
4065
122
202
256
318
337
365
375
490
502
505
581
647
651
682
740
767
814
866
947
954
1138
1193
1319
1393
1399
1583
1631
1658
1758
1763
1843
1846
1968
2071
2091
2094
2129
2139
2167
2186
2231
2310
2442
2602
2641
3146
3331
3343
3392
3545
3559
3603
3735
3799
3802
3875
3930
4033
62
88
367
435
462
558
1117
1132
1189
1193
1236
1324
1339
1456
1490
1663
1780
2033
2090
2092
2215
2299
2363
2456
2540
2637
2704
2805
2838
2871
2883
2988
3033
3040
3192
3197
3265
3295
3487
3604
3651
3703
3762
3825
4002
4052
4080
69
77
172
343
433
551
695
761
1056
1127
1209
1332
1395
1439
1448
1545
1573
1690
1732
1939
1983
2049
2100
2156
2338
2416
2537
2551
2560
2743
2889
2898
2936
3095
3132
3163
3209
3350
3352
3377
3389
3406
3511
3579
3624
3717
3729
3778
3807
3860
4004
4089
7
136
153
238
279
395
476
777
791
966
1112
1140
1184
1266
1445
1451
1543
1897
1902
1925
2064
2131
2136
2141
2194
2213
2308
2355
2436
2481
2498
2565
2646
2777
2938
2943
3109
3224
3257
3281
3352
3361
3391
3455
3580
3727
3731
3846
3964
3970
4044
4061
19
652
686
707
859
930
1169
1173
1267
1297
1320
1386
1466
1511
1698
1727
1771
1777
1807
1990
2146
2165
2425
2470
2542
2610
2805
2880
2887
3089
3125
3133
3145
3210
3285
3435
3476
3491
3666
3882
3931
3957
3960
96
176
198
305
306
348
722
724
763
839
858
958
959
1078
1141
1159
1587
1663
1945
1980
2147
2185
2298
2374
2561
2630
2703
2740
2784
2809
2870
2982
3210
3276
3310
3440
3508
3526
3539
3632
3731
3750
3834
3880
4023
4091
126
384
448
494
553
677
794
832
861
942
962
1035
1216
1273
1354
1368
1391
1441
1471
1475
1492
1636
1659
1748
1749
1756
1767
1927
1958
1985
2021
2074
2117
2163
2242
2442
2563
2615
2669
2761
2860
3020
3173
3200
3349
3355
3367
3371
3444
3466
3470
3575
3642
3644
3712
3878
3911
4019
28
100
233
372
512
814
835
851
858
1000
1036
1230
1261
1334
1475
1503
1506
1540
1646
1647
1805
1811
1916
1965
2046
2070
2249
2266
2290
2351
2370
2372
2439
2492
2521
2649
2698
2738
2763
2835
2887
2902
2934
2994
3116
3165
3238
3241
3287
3346
3430
3504
3607
3689
3868
3887
3929
3938
4039
27
58
66
69
87
181
183
215
440
543
572
601
638
729
1011
1030
1033
1177
1257
1268
1299
1348
1378
1432
1458
1465
1466
1474
1530
1562
2117
2169
2257
2272
2463
2522
2544
2821
2834
2943
2964
2996
3191
3197
3291
3325
3455
3611
3654
3699
3719
3749
3917
3954
3993
25
53
190
202
212
215
283
316
359
389
486
640
641
782
821
862
880
1009
1299
1391
1528
1589
1703
1708
1911
1913
1953
1971
2048
2053
2119
2232
2248
2432
2483
2500
2550
2673
2758
2849
2896
2948
3067
3098
3120
3169
3176
3177
3324
3377
3387
3446
3462
3612
3784
3824
3881
3913
149
237
345
493
638
719
907
951
995
1156
1307
1392
1429
1453
1498
1505
1600
1621
1671
1718
1751
1774
1873
2019
2032
2055
2056
2126
2271
2274
2305
2344
2431
2626
2628
2686
2711
2724
2770
2814
2861
2929
3061
3157
3354
3396
3496
3615
3723
3794
3880
3942
4071
44
170
258
310
311
366
582
623
784
852
929
934
938
968
992
1016
1056
1095
1100
1103
1181
1248
1397
1479
1646
1721
1737
1788
1839
1855
1997
2006
2052
2280
2450
2483
2517
2555
2781
2813
2850
2883
2923
2945
2978
3018
3023
3153
3357
3426
3638
3725
3860
3905
3914
3964
4017
4040
153
185
252
385
621
623
676
855
891
1021
1140
1166
1198
1345
1541
1604
1618
1760
1826
1892
1905
2006
2072
2089
2104
2106
2114
2133
2152
2200
2236
2389
2454
2519
2612
2695
2767
2811
2998
3075
3176
3371
3389
3394
3424
3442
3478
3783
3786
3890
3915
3940
4007
300
350
397
660
788
1024
1095
1126
1136
1168
1471
1491
1493
1637
1660
1950
2000
2004
2024
2195
2212
2227
2268
2377
2491
2572
2612
2618
2626
2678
2690
2706
2723
2727
2922
3030
3069
3078
3165
3193
3206
3208
3240
3274
3372
3412
3494
3512
3630
3791
3811
3841
3861
15
21
386
394
438
475
541
556
560
634
841
946
1133
1286
1428
1444
1468
1658
1669
1734
1765
1776
1792
1915
1980
2005
2497
2537
2633
2688
2744
2856
2873
2877
2924
2969
3050
3061
3208
3256
3401
3409
3597
3608
3667
3763
3803
3809
3820
3923
4088
80
85
167
257
473
479
571
685
690
701
766
958
960
990
1020
1055
1066
1070
1085
1104
1196
1347
1359
1550
1556
1585
1653
1761
2007
2008
2065
2131
2171
2188
2221
2253
2264
2290
2499
2521
2522
2535
2562
2686
2797
2801
3036
3261
3331
3356
3374
3419
3564
3625
3640
3651
3658
3836
3999
4070
128
187
336
622
730
753
782
806
822
834
878
883
912
954
981
1090
1129
1138
1243
1296
1461
1531
1538
1539
1682
1741
1754
1808
1819
1822
1874
1954
1967
1969
1981
2023
2113
2157
2162
2192
2335
2463
2469
2511
2771
2944
2982
3004
3074
3082
3184
3339
3411
3434
3447
3510
3599
3615
3851
3938
4090
97
186
219
229
299
605
627
757
798
908
956
961
985
1035
1072
1102
1148
1179
1290
1353
1430
1435
1561
1651
1712
1955
1962
2129
2226
2274
2294
2323
2332
2476
2646
2664
2681
2693
2805
2911
2995
3029
3211
3216
3225
3340
3499
3612
3617
3691
3929
4005
4028
4091
26
41
42
63
216
300
319
531
546
555
654
683
795
823
868
895
971
997
1003
1100
1120
1312
1333
1437
1447
1801
1806
2146
2149
2179
2235
2252
2301
2322
2451
2461
2471
2520
2549
2890
2923
3022
3120
3187
3321
3392
3543
3582
3613
3619
3672
3686
3745
3872
3891
3940
3945
4015
4020
4080
12
144
221
235
253
338
384
408
499
516
587
631
675
831
881
982
1053
1176
1313
1341
1342
1639
1690
1768
1778
1829
1866
1992
2023
2028
2072
2128
2136
2245
2328
2445
2488
2556
2589
2759
2908
3098
3157
3239
3268
3310
3320
3347
3390
3396
3531
3541
3606
3755
3796
3799
3862
3868
3965
4027
4037
4092
4096
48
126
150
205
361
449
454
467
537
664
728
886
916
987
1028
1190
1287
1344
1388
1392
1394
1559
1594
1611
1781
1805
1833
1932
2010
2022
2052
2063
2073
2174
2196
2264
2270
2295
2425
2560
2606
2699
2777
2874
2997
3035
3053
3063
3085
3093
3112
3129
3285
3369
3398
3463
3464
3466
3526
3570
3632
49
53
152
539
606
648
719
807
808
824
906
976
1001
1045
1069
1153
1408
1424
1534
1561
1570
1580
1620
1623
1743
1772
1789
1849
1879
1880
1890
1972
2008
2038
2081
2115
2180
2185
2279
2324
2361
2502
2674
2696
2743
2858
3039
3388
3451
3573
3597
3627
3805
3853
3972
4048
186
312
376
413
434
455
463
477
559
656
892
969
990
1116
1304
1331
1369
1428
1516
1521
1951
1996
2023
2049
2170
2276
2330
2387
2423
2481
2492
2625
2728
2786
2858
2922
3023
3042
3223
3256
3289
3477
3645
3709
3778
3916
3980
103
206
227
533
573
664
917
918
1084
1126
1144
1322
1329
1383
1420
1464
1499
1537
1568
1580
1582
1613
1626
1652
1654
1797
1866
1910
1926
2013
2050
2087
2106
2193
2250
2269
2424
2443
2452
2474
2485
2795
2885
2896
2986
3054
3077
3128
3152
3231
3348
3378
3395
3488
3525
3555
3649
3785
3949
3975
3983
51
89
101
141
286
393
409
533
536
568
633
654
747
805
884
889
1110
1147
1241
1398
1514
1532
1591
1745
1836
1871
1916
1994
2071
2082
2118
2151
2466
2536
2550
2567
2686
2697
2715
2760
2781
2806
2894
2924
2953
2983
2989
2998
3053
3126
3230
3349
3476
3488
3513
3741
3771
3810
3968
4032
4055
65
76
107
179
180
222
256
325
382
510
547
705
898
943
988
1004
1091
1111
1332
1369
1587
1595
1633
1654
1787
1890
1997
2017
2083
2110
2238
2296
2297
2360
2511
2580
2588
2737
2831
2958
2992
3037
3071
3191
3458
3479
3481
3538
3588
3593
3628
3727
3777
3991
4017
105
178
230
333
537
614
619
697
788
791
890
895
945
1052
1057
1166
1301
1379
1381
1486
1556
1704
1705
1847
1934
1952
2169
2303
2418
2465
2477
2599
2640
2707
3045
3239
3308
3311
3336
3571
3620
3635
3637
3688
3866
3892
3905
3934
3935
4002
60
249
284
308
327
446
565
575
662
671
753
833
842
851
855
1020
1125
1223
1238
1286
1315
1418
1448
1454
1559
1574
1632
1666
1709
1800
1948
2001
2024
2095
2121
2122
2317
2433
2443
2451
2481
2517
2722
2732
2739
2767
2879
2955
3125
3197
3314
3343
3408
3484
3501
3509
3606
3650
3655
3739
3769
3903
3911
4024
4069
36
54
97
165
201
334
483
492
527
545
668
957
999
1014
1113
1159
1177
1188
1253
1310
1328
1393
1412
1488
1537
1582
1623
1709
1817
1821
1832
1853
1955
2045
2063
2147
2255
2257
2393
2426
2440
2513
2541
2567
2586
2614
2757
2830
2857
2903
2939
2966
3055
3104
3242
3309
3317
3346
3398
3678
3845
3990
4027
4062
20
49
99
128
273
294
325
474
809
994
1259
1351
1371
1408
1439
1443
1447
1467
1476
1492
1507
1620
1638
1662
1719
1774
1914
2233
2421
2463
2528
2531
2535
2644
2691
2791
2799
2821
2853
2866
2898
2935
2943
2947
3076
3094
3146
3160
3246
3247
3286
3399
3411
3566
3586
3656
3740
3741
3775
3832
3866
3963
3979
4022
4075
8
155
160
295
317
327
345
374
646
754
798
856
979
1002
1033
1041
1097
1280
1283
1296
1384
1410
1411
1478
1495
1497
1624
1634
1733
1886
2036
2050
2089
2132
2256
2262
2291
2458
2467
2580
2597
2734
2744
2903
2934
2971
3200
3248
3258
3271
3369
3440
3483
3487
3498
3547
3552
3573
3626
3732
3877
3892
3896
4078
29
64
78
90
173
205
218
221
245
328
423
450
524
551
704
720
775
814
825
833
858
859
860
937
985
1009
1038
1157
1311
1527
1552
1573
1878
1953
1985
2039
2097
2138
2190
2215
2218
2395
2399
2417
2420
2444
2452
2602
2685
2787
2840
2886
2932
2945
3087
3249
3263
3266
3281
3393
3444
3474
3492
3521
3527
3546
3641
3656
3672
3823
3826
3896
4018
52
95
193
206
373
581
749
765
870
919
944
946
1074
1105
1115
1340
1435
1544
1546
1559
1648
1705
1733
1882
1976
1983
1984
1998
2033
2084
2209
2342
2379
2387
2453
2562
2720
2737
2866
2974
3008
3049
3058
3111
3204
3270
3296
3314
3327
3372
3391
3417
3476
3618
3672
3695
3767
3770
3885
3933
3995
4046
9
16
131
310
313
341
342
453
530
666
762
823
904
1014
1112
1164
1253
1363
1382
1404
1551
1730
1731
1816
1888
1965
2008
2066
2222
2272
2378
2381
2397
2551
2645
2670
2684
2689
2704
2730
2737
2786
2841
2948
2954
2963
2976
3018
3021
3105
3167
3322
3325
3345
3471
3549
3583
3822
3880
3947
4007
4026
4088
84
108
112
151
244
248
261
268
295
425
442
477
522
523
612
636
638
646
830
868
1050
1103
1108
1118
1119
1145
1181
1197
1360
1418
1474
1533
1539
1746
1818
2062
2091
2154
2287
2455
2484
2679
2696
2717
2750
2768
2862
2963
3024
3030
3097
3119
3147
3341
3390
3406
3442
3474
3526
3580
3594
3662
3741
3744
3889
4015
96
154
264
301
351
369
381
404
507
537
652
655
696
737
766
973
1119
1154
1436
1441
1506
1565
1614
1654
1813
1817
1840
1879
1929
2036
2099
2123
2165
2224
2271
2306
2323
2327
2438
2457
2683
2741
2780
2797
2897
2920
2946
3027
3082
3086
3218
3321
3468
3515
3664
3715
3738
3800
3826
3937
3969
4031
4032
4047
91
270
347
536
542
625
645
675
787
887
975
977
1028
1046
1165
1195
1234
1527
1676
1680
1721
1859
1861
1883
2097
2126
2241
2404
2470
2547
2681
2709
2718
2738
2825
2838
2840
2967
2979
3000
3043
3048
3107
3150
3188
3253
3261
3338
3340
3362
3458
3491
3530
3675
3699
3726
3752
3795
3866
3936
3992
4014
4023
83
127
285
374
383
488
518
621
632
888
921
931
1128
1207
1245
1473
1504
1509
1510
1601
1631
1679
1683
1710
1751
1806
1857
1876
1957
1977
2116
2169
2439
2605
2744
2832
2915
2933
3017
3025
3123
3235
3266
3277
3309
3376
3385
3386
3395
3414
3433
3448
3594
3657
3703
3720
3797
3906
3926
3973
3999
4019
4054
79
135
260
365
415
441
565
661
688
742
780
784
841
855
889
944
948
995
1044
1052
1237
1323
1325
1370
1402
1406
1487
1527
1558
1627
1841
1854
1873
1930
1986
2100
2123
2187
2196
2290
2295
2313
2314
2365
2378
2400
2401
2414
2455
2564
2618
2621
2656
2749
2809
2841
2844
3028
3033
3056
3122
3263
3280
3340
3361
3423
3486
3628
3631
3698
3766
4019
4094
8
85
90
104
353
426
449
495
560
619
650
710
867
976
999
1006
1015
1200
1202
1259
1272
1278
1279
1300
1345
1356
1585
1643
1652
1777
1910
1959
2014
2027
2191
2329
2476
2553
2633
2650
2666
2756
2760
2806
2931
3088
3158
3183
3198
3397
3456
3543
3588
3636
3734
3811
3821
3912
4031
4034
46
136
196
257
281
390
396
493
500
563
626
644
661
670
697
705
775
862
1047
1190
1218
1229
1302
1342
1496
1516
1552
1563
1584
1598
1702
1730
1748
1753
1877
1880
1915
1923
2001
2084
2099
2198
2244
2284
2301
2310
2499
2630
2651
2653
2665
2817
2829
2848
2856
2872
2881
2903
2906
2979
3012
3083
3156
3174
3185
3190
3231
3232
3302
3323
3385
3505
3556
3584
3614
3679
3698
3769
3811
3887
3902
3954
3957
3966
4016
4066
112
152
223
229
274
287
329
362
472
495
549
718
736
759
777
950
963
1012
1017
1026
1301
1376
1460
1477
1551
1554
1638
1653
1710
1717
1852
1914
2045
2128
2180
2249
2268
2277
2288
2336
2369
2378
2398
2422
2493
2505
2590
2641
2648
2720
2756
2855
2864
3012
3236
3244
3269
3293
3373
3402
3449
3465
3481
3644
3646
3705
3760
3815
3843
3891
3947
3972
4067
4072
4087
41
56
74
96
201
303
499
540
695
749
771
942
961
984
1050
1072
1083
1132
1385
1409
1413
1449
1491
1514
1544
1550
1616
1677
1741
1776
1827
1829
1935
1970
1990
2030
2039
2046
2065
2076
2079
2316
2339
2368
2412
2447
2491
2532
2601
2619
2662
2684
2699
2835
2964
2980
2988
3012
3027
3031
3041
3152
3162
3257
3308
3416
3425
3431
3451
3454
3518
3550
3553
3587
3592
3851
3959
4047
4064
21
67
71
72
94
95
244
358
364
372
423
532
691
706
836
851
939
948
954
1099
1161
1185
1285
1336
1535
1597
1684
1715
1759
1788
1809
1824
1864
1869
1908
1952
1993
2012
2034
2265
2380
2396
2574
2608
2612
2742
2795
2899
2902
2904
2907
2924
2973
2985
3046
3082
3257
3317
3366
3367
3427
3538
3552
3590
3715
3750
3781
3827
3876
3886
3898
3939
3943
3961
4036
4064
4077
31
86
185
189
227
228
511
515
534
733
739
779
797
805
807
946
997
1053
1068
1165
1173
1232
1275
1316
1421
1481
1523
1596
1603
1639
1650
1657
1670
1688
1749
1833
2029
2047
2170
2222
2332
2354
2359
2361
2429
2491
2675
2713
2757
2761
2824
2918
3107
3154
3226
3227
3237
3298
3428
3460
3467
3496
3514
3527
3537
3554
3614
3772
3808
3812
3976
3984
3987
3993
4078
4094
1
5
34
56
76
97
106
112
259
301
319
331
376
388
494
530
540
649
668
769
847
878
883
1016
1020
1117
1133
1154
1168
1228
1243
1270
1293
1319
1344
1435
1480
1649
1779
1828
1842
1915
2101
2119
2167
2207
2282
2361
2406
2446
2512
2599
2698
2762
2816
2905
2940
2949
2954
2968
2989
3047
3048
3179
3229
3304
3320
3438
3494
3502
3547
3680
3694
3711
3712
3743
3794
3946
3960
4075
4086
38
64
127
157
194
228
277
343
448
484
541
574
619
657
662
669
674
698
719
737
1036
1047
1074
1088
1161
1175
1263
1319
1351
1401
1404
1460
1510
1560
1562
1616
1642
1722
1782
1856
1873
1960
1988
2006
2034
2041
2059
2145
2191
2219
2334
2345
2392
2468
2499
2523
2573
2596
2700
2705
2728
2772
2845
2984
3007
3044
3097
3109
3149
3205
3237
3262
3273
3275
3276
3324
3348
3351
3363
3388
3483
3577
3593
3661
3663
3665
3714
3910
3926
3936
3939
3986
4001
4008
4043
40
59
192
210
232
249
250
276
389
427
506
513
519
524
547
598
600
699
891
915
1016
1102
1141
1182
1262
1288
1300
1323
1335
1339
1349
1599
1702
1706
1775
1811
1830
1838
1862
1876
1952
2055
2181
2273
2312
2336
2341
2416
2435
2436
2541
2636
2637
2717
2774
2796
2860
2960
3019
3056
3065
3100
3189
3205
3225
3260
3315
3321
3322
3326
3339
3384
3443
3445
3559
3566
3683
3751
3897
4024
16
44
123
146
173
306
367
382
391
406
423
428
496
540
603
607
684
708
727
811
822
865
884
940
979
994
1013
1052
1071
1124
1226
1258
1282
1345
1423
1465
1472
1481
1499
1522
1525
1555
1575
1600
1623
1742
1822
1966
2009
2114
2137
2173
2280
2310
2340
2391
2417
2462
2572
2587
2598
2620
2669
2680
2685
2730
2759
2776
2804
2819
2833
2875
2967
3029
3065
3068
3090
3131
3149
3213
3249
3272
3360
3439
3450
3463
3471
3475
3480
3481
3514
3547
3561
3572
3603
3676
3733
3747
3756
3805
3820
3913
3994
4063
4074
4075
18
240
289
327
332
346
412
429
477
498
542
569
594
659
679
717
779
836
871
894
970
981
1018
1082
1158
1191
1246
1253
1318
1429
1446
1451
1513
1553
1566
1591
1611
1665
1670
1752
1823
1875
2002
2021
2083
2225
2368
2376
2388
2393
2432
2474
2486
2519
2548
2557
2576
2579
2592
2625
2652
2727
2854
2909
2976
2977
2987
3033
3039
3076
3133
3215
3235
3264
3291
3305
3567
3602
3609
3616
3620
3667
3689
3709
3724
3798
3804
3875
3904
3909
4018
4024
4088
42
45
135
189
220
260
505
521
555
562
578
631
677
714
816
819
821
875
970
1024
1057
1115
1147
1159
1169
1172
1261
1322
1349
1371
1379
1542
1545
1587
1604
1615
1646
1650
1678
1681
1689
1707
1731
1787
1852
1857
1860
1983
2037
2122
2141
2161
2229
2320
2331
2399
2418
2454
2460
2579
2593
2765
2815
2920
2929
2932
2944
2949
3018
3079
3147
3182
3213
3214
3253
3254
3267
3326
3355
3419
3473
3521
3579
3585
3616
3624
3665
3760
3801
3828
3855
3920
3932
3954
3965
4011
4050
4055
4093
4095
22
57
78
116
159
237
255
294
305
318
323
356
364
396
402
412
447
461
488
507
517
575
597
612
622
636
714
728
793
799
811
914
924
965
968
1080
1158
1160
1200
1257
1314
1358
1389
1487
1606
1629
1669
1685
1699
1701
1711
1766
1837
1908
2151
2253
2259
2275
2279
2309
2369
2390
2427
2529
2530
2593
2594
2597
2603
2634
2668
2689
2735
2741
2767
2775
2811
2823
2843
2859
3003
3008
3022
3034
3038
3086
3087
3116
3202
3250
3388
3409
3441
3534
3647
3660
3673
3675
3682
3729
3735
3745
3908
3982
4021
4034
4053
4062
14
153
207
253
390
393
482
526
562
639
673
734
742
761
764
796
801
809
829
890
900
902
909
920
936
989
1063
1065
1105
1106
1163
1386
1434
1468
1479
1564
1612
1628
1679
1683
1695
1697
1816
1823
1859
1894
1903
2132
2200
2208
2235
2254
2341
2350
2402
2435
2494
2611
2619
2621
2624
2639
2769
2779
2785
2814
2830
2922
2993
3070
3134
3163
3194
3228
3278
3297
3307
3345
3370
3410
3427
3463
3626
3663
3669
3836
3846
3856
3876
3931
4012
4061
4068
35
51
55
223
236
264
273
322
336
372
380
422
487
516
526
553
558
597
742
743
819
894
898
925
950
966
1027
1049
1053
1105
1156
1174
1195
1270
1302
1304
1378
1430
1472
1499
1519
1532
1590
1666
1674
1701
1711
1771
1786
1919
1926
2022
2047
2138
2183
2187
2217
2359
2440
2482
2490
2496
2503
2514
2535
2610
2613
2622
2740
2778
2796
2845
2889
2928
2962
3007
3010
3021
3112
3176
3284
3329
3353
3381
3412
3413
3438
3466
3504
3516
3519
3528
3529
3560
3600
3655
3740
3758
3821
3829
3847
3867
3934
3985
4036
4068
60
68
131
147
148
175
238
293
350
416
420
430
483
536
617
629
630
647
714
741
802
874
974
1055
1098
1231
1265
1307
1394
1417
1420
1456
1457
1477
1512
1519
1557
1602
1636
1701
1784
1827
1830
1846
1868
1909
1913
1922
1987
1992
2025
2097
2120
2158
2179
2237
2267
2281
2283
2366
2437
2448
2546
2552
2691
2709
2723
2740
2752
2756
2758
2827
2831
2910
2961
3037
3090
3131
3158
3163
3179
3209
3228
3287
3298
3556
3581
3633
3692
3716
3719
3740
3773
3798
3803
3831
3834
3882
3894
4014
13
17
40
106
119
139
171
196
274
282
303
313
455
479
571
733
743
778
785
803
827
916
995
1007
1026
1059
1070
1089
1103
1165
1205
1206
1215
1225
1236
1245
1265
1268
1269
1280
1307
1366
1401
1478
1502
1575
1607
1643
1696
1820
1864
1898
1946
1974
1995
2082
2121
2140
2197
2203
2206
2279
2476
2520
2540
2585
2613
2618
2629
2652
2657
2688
2731
2746
2753
2813
2984
3001
3045
3089
3186
3199
3387
3436
3492
3551
3569
3627
3629
3838
3839
3937
3951
3964
4001
2
93
174
184
214
252
286
321
332
354
382
413
419
439
443
485
514
546
580
586
591
594
606
635
663
665
692
704
722
725
800
806
817
847
852
860
949
1032
1035
1046
1063
1118
1239
1323
1361
1438
1445
1456
1473
1540
1548
1576
1617
1630
1648
1677
1692
1717
1723
1763
1765
1804
1831
1887
1889
1939
2010
2074
2143
2192
2252
2277
2311
2342
2357
2453
2503
2577
2616
2626
2627
2672
2725
2752
2910
2911
2973
3032
3099
3172
3195
3196
3210
3248
3398
3464
3468
3595
3639
3700
3751
3796
3894
3925
3951
3965
3981
4001
4049
4081
2
27
28
66
94
173
214
291
391
406
411
433
435
489
502
547
596
637
650
690
700
738
739
837
893
984
1043
1044
1229
1235
1277
1303
1353
1386
1407
1440
1507
1543
1549
1564
1578
1671
1691
1721
1835
1877
1911
1923
1938
1967
1987
1994
2018
2039
2040
2104
2138
2158
2189
2214
2242
2275
2283
2325
2364
2427
2430
2437
2446
2462
2512
2531
2545
2571
2653
2692
2725
2733
2735
2750
2768
2788
2798
2808
2891
2919
2921
2939
2948
3038
3042
3075
3085
3110
3188
3241
3327
3370
3376
3379
3404
3457
3527
3530
3571
3605
3650
3661
3690
3700
3702
3802
3921
3945
3953
4030
4031
4076
32
80
102
110
113
133
175
205
238
263
270
280
287
289
321
352
378
403
417
474
504
544
548
579
615
618
713
752
776
826
838
849
893
953
971
1010
1083
1098
1171
1231
1239
1266
1330
1370
1418
1515
1764
1773
1779
1832
1859
1943
1946
1947
2016
2058
2072
2094
2125
2157
2181
2229
2265
2275
2296
2326
2480
2497
2558
2561
2615
2620
2647
2660
2724
2773
2810
2824
2850
2859
2893
2900
2906
2928
3004
3011
3029
3051
3057
3118
3140
3177
3189
3228
3242
3274
3311
3319
3362
3379
3387
3485
3535
3563
3591
3671
3717
3728
3738
3846
3883
3948
4040
4041
4051
4054
6
29
34
93
95
166
174
182
222
251
335
421
459
464
500
513
561
566
633
649
658
684
690
727
827
828
854
876
915
989
1009
1056
1067
1096
1110
1179
1247
1252
1275
1305
1314
1316
1336
1350
1355
1431
1455
1511
1512
1524
1528
1537
1538
1547
1553
1560
1566
1577
1593
1610
1625
1632
1689
1699
1725
1726
1738
1773
1850
1853
1856
1861
1991
2042
2164
2194
2198
2213
2252
2304
2305
2328
2367
2504
2527
2566
2617
2633
2671
2786
2862
2868
2869
2990
2993
3004
3133
3143
3221
3233
3245
3265
3280
3299
3307
3318
3336
3368
3432
3437
3505
3524
3603
3611
3677
3702
3746
3761
3768
3797
3833
3849
3850
3857
3890
3959
3972
3994
4022
4051
4082
19
25
29
50
65
88
114
118
134
245
255
392
409
418
461
475
514
542
559
579
588
787
789
813
863
941
972
1015
1058
1090
1116
1137
1142
1164
1180
1182
1198
1256
1295
1310
1343
1368
1415
1419
1440
1484
1524
1539
1729
1749
1755
1792
1844
1855
1884
1973
1982
1995
1999
2003
2019
2026
2057
2137
2173
2185
2202
2211
2231
2234
2236
2258
2276
2315
2324
2326
2333
2357
2358
2385
2407
2415
2477
2487
2501
2566
2590
2613
2694
2772
2777
2789
2861
2920
2936
3055
3062
3099
3106
3127
3143
3211
3238
3277
3294
3348
3422
3558
3595
3601
3674
3693
3732
3742
3840
3863
3867
3922
3930
4026
4060
4074
4
58
75
86
137
155
191
236
241
265
267
341
370
389
418
429
445
466
510
525
539
609
644
735
744
781
783
816
869
901
915
936
1015
1029
1030
1032
1088
1092
1163
1236
1326
1327
1365
1395
1403
1416
1431
1492
1504
1508
1618
1655
1682
1739
1815
1822
1914
1920
1924
1931
1960
1962
1991
1992
2076
2180
2218
2234
2319
2355
2362
2396
2410
2434
2454
2460
2564
2690
2854
2859
2890
2997
3016
3049
3181
3261
3338
3350
3360
3393
3453
3486
3570
3670
3704
3718
3725
3749
3768
3785
3802
3837
3842
3845
3889
3901
3956
3958
3982
4009
4030
4045
30
93
98
145
204
231
242
291
360
473
509
568
574
629
701
702
707
724
773
872
918
934
947
998
1040
1073
1080
1089
1157
1163
1186
1197
1214
1230
1260
1306
1317
1343
1356
1385
1422
1434
1480
1493
1500
1503
1518
1550
1569
1577
1599
1607
1667
1676
1780
1785
1807
1889
1901
1920
1956
2004
2012
2085
2088
2116
2117
2156
2184
2209
2217
2233
2313
2371
2449
2455
2467
2530
2557
2591
2594
2595
2621
2664
2758
2783
2807
2828
2855
2869
2882
2957
2973
2993
2999
3180
3245
3332
3359
3364
3450
3455
3480
3485
3679
3730
3769
3783
3808
3810
3814
3830
3835
3913
3994
3997
4013
4028
4048
4090
11
75
127
138
220
246
264
272
304
363
370
426
434
502
518
585
599
613
657
730
739
754
770
825
844
865
870
876
881
882
932
937
972
1076
1078
1091
1112
1121
1125
1152
1160
1252
1281
1298
1328
1389
1403
1483
1519
1554
1557
1629
1633
1693
1781
1789
1871
1891
1928
1943
1976
1989
2013
2028
2053
2095
2103
2112
2144
2199
2230
2247
2282
2285
2300
2309
2311
2336
2344
2382
2388
2401
2414
2444
2456
2466
2515
2518
2520
2534
2577
2639
2670
2692
2742
2801
2802
2822
2913
2914
2994
3031
3056
3113
3127
3132
3141
3204
3206
3250
3259
3260
3263
3333
3394
3436
3449
3479
3492
3536
3614
3617
3645
3689
3691
3714
3722
3747
3793
3812
3837
3879
3916
3925
3951
3983
4008
48
92
100
161
178
211
256
275
302
377
427
431
480
491
518
528
562
577
792
863
872
874
925
932
937
1051
1070
1079
1082
1123
1135
1158
1229
1269
1315
1427
1436
1437
1449
1451
1520
1524
1545
1636
1685
1733
1747
1750
1768
1803
1815
1844
1845
1931
1948
2081
2103
2133
2251
2307
2400
2402
2448
2475
2494
2544
2559
2643
2673
2680
2708
2726
2769
2798
2800
2976
2980
3005
3015
3077
3088
3091
3142
3143
3145
3164
3171
3203
3232
3269
3304
3447
3512
3563
3592
3641
3669
3680
3704
3731
3738
3762
3789
3808
3816
3832
3848
3857
3879
3886
3899
3918
3923
8
39
115
120
174
201
209
272
288
298
315
339
352
401
402
415
437
451
464
480
608
656
692
715
799
815
902
913
922
986
1021
1057
1084
1127
1154
1186
1199
1208
1220
1264
1267
1282
1325
1334
1375
1377
1421
1425
1432
1442
1462
1500
1525
1530
1531
1594
1616
1618
1630
1664
1691
1717
1758
1770
1793
1803
1805
1815
1886
1918
2056
2068
2091
2093
2111
2125
2139
2155
2216
2226
2260
2276
2286
2303
2346
2356
2380
2381
2385
2394
2441
2487
2489
2528
2529
2589
2601
2655
2657
2660
2663
2695
2784
2884
2891
2913
2939
2965
2987
3014
3166
3201
3236
3300
3318
3328
3338
3368
3374
3401
3420
3456
3469
3472
3506
3525
3545
3581
3666
3676
3697
3701
3705
3760
3779
3780
3837
3838
3861
3878
3910
3941
4033
4044
1
33
61
84
90
125
157
159
170
184
186
217
247
293
357
378
398
421
425
446
452
456
467
482
508
525
535
580
608
626
681
729
747
762
769
780
804
815
824
840
850
879
882
883
907
923
992
1029
1039
1049
1063
1093
1122
1149
1151
1162
1226
1240
1247
1366
1396
1463
1467
1484
1513
1566
1586
1659
1684
1694
1696
1750
1796
1858
1907
1931
1973
2090
2096
2107
2147
2148
2158
2164
2243
2248
2256
2312
2322
2379
2391
2409
2449
2478
2490
2545
2592
2712
2727
2771
2790
2794
2823
2856
2863
2868
2887
2892
2917
2965
3008
3014
3036
3093
3111
3157
3168
3237
3288
3329
3342
3356
3382
3407
3429
3452
3479
3489
3500
3521
3551
3557
3637
3639
3668
3682
3757
3776
3806
3814
3859
3885
3899
3912
3969
3975
3996
4006
4009
4011
4035
4047
4072
4
21
38
46
49
86
119
121
137
138
278
284
285
307
314
320
335
355
376
400
471
487
504
505
519
523
569
576
610
616
624
651
703
753
857
882
894
897
911
914
936
964
1002
1048
1078
1094
1107
1144
1183
1204
1208
1212
1221
1250
1270
1284
1337
1365
1397
1446
1479
1483
1509
1668
1766
1778
1793
1829
1897
1899
1916
1971
2035
2064
2092
2102
2110
2144
2152
2172
2195
2202
2256
2281
2283
2293
2298
2358
2384
2400
2428
2440
2453
2475
2484
2518
2554
2602
2603
2645
2656
2666
2668
2683
2778
2783
2785
2822
2835
2875
2876
2893
2961
3159
3162
3183
3225
3246
3272
3290
3314
3333
3347
3349
3358
3381
3403
3418
3461
3522
3540
3551
3558
3568
3576
3585
3589
3607
3658
3701
3712
3754
3775
3780
3813
3860
3872
3884
3962
3978
3979
3986
4035
4056
6
23
39
91
110
117
149
166
209
211
214
219
232
271
299
311
333
365
469
484
498
531
532
556
560
583
604
712
741
756
807
808
817
833
849
853
896
903
939
943
952
978
1050
1062
1143
1150
1167
1262
1271
1276
1294
1317
1337
1363
1376
1389
1403
1410
1427
1461
1470
1564
1586
1644
1681
1745
1746
1794
1796
1798
1801
1824
1825
1874
1933
1941
1949
1961
2002
2026
2044
2054
2068
2086
2141
2166
2223
2231
2258
2320
2333
2349
2373
2386
2394
2466
2482
2521
2538
2545
2556
2581
2588
2604
2640
2651
2667
2668
2679
2682
2706
2707
2788
2803
2816
2836
2916
2917
2953
3022
3063
3074
3108
3130
3139
3227
3230
3243
3279
3305
3331
3411
3420
3425
3464
3493
3508
3515
3518
3519
3558
3565
3576
3591
3599
3604
3635
3637
3679
3696
3710
3722
3733
3915
3929
3977
3990
3992
4000
4009
4042
53
57
70
121
122
154
165
199
216
265
318
340
342
361
399
437
444
454
460
469
508
521
607
611
614
691
711
729
824
842
843
887
912
917
960
974
983
998
1008
1039
1097
1124
1151
1206
1213
1222
1234
1284
1292
1380
1423
1494
1528
1541
1546
1627
1690
1719
1734
1740
1804
1848
1885
1891
1904
1925
1942
1970
1999
2022
2062
2086
2102
2109
2128
2148
2161
2165
2175
2230
2240
2241
2247
2289
2317
2321
2327
2337
2342
2372
2375
2384
2389
2464
2526
2527
2536
2548
2568
2582
2605
2623
2636
2675
2708
2721
2731
2734
2751
2755
2782
2784
2787
2793
2806
2818
2847
2871
2912
2950
3055
3104
3113
3115
3136
3137
3178
3217
3252
3330
3357
3397
3404
3407
3416
3456
3489
3494
3544
3550
3622
3638
3662
3673
3743
3869
3897
3900
3952
3956
4066
4086
3
32
44
55
89
123
126
215
233
266
286
304
308
416
424
440
450
478
485
501
515
528
564
585
620
628
682
766
802
823
846
910
919
933
961
983
1026
1031
1038
1045
1061
1064
1087
1088
1092
1180
1184
1186
1224
1227
1228
1243
1254
1374
1496
1567
1579
1598
1620
1720
1732
1736
1761
1790
1795
1796
1812
1846
1853
1862
1894
1910
1921
1924
1949
2043
2048
2073
2101
2107
2114
2150
2168
2227
2292
2302
2345
2346
2363
2368
2382
2427
2428
2484
2495
2506
2507
2519
2569
2574
2583
2586
2609
2631
2632
2641
2649
2661
2687
2712
2742
2748
2782
2829
2836
2837
2878
2918
2930
2950
2955
2969
2978
2992
3006
3066
3072
3075
3080
3093
3102
3119
3130
3132
3167
3207
3211
3234
3254
3256
3366
3432
3433
3435
3459
3465
3498
3545
3612
3613
3659
3713
3724
3790
3844
3865
3881
3891
3904
3924
3982
4006
4085
54
82
91
104
108
132
200
208
226
242
247
250
296
453
501
532
550
551
584
586
609
613
652
674
679
694
705
748
756
831
848
849
904
967
971
1019
1037
1042
1065
1069
1076
1110
1135
1137
1146
1172
1176
1193
1238
1240
1271
1289
1320
1357
1369
1374
1400
1445
1466
1480
1510
1561
1573
1583
1602
1608
1609
1621
1635
1672
1693
1700
1750
1756
1757
1777
1781
1791
1800
1860
1863
1877
1906
1917
1936
1947
1968
1975
1982
2010
2012
2030
2047
2060
2071
2087
2108
2171
2182
2205
2210
2213
2365
2369
2374
2411
2415
2436
2450
2459
2472
2500
2501
2509
2554
2570
2592
2642
2697
2718
2749
2750
2764
2811
2851
2853
2878
2890
2942
2956
2957
3026
3057
3064
3067
3094
3102
3134
3150
3151
3167
3173
3188
3226
3252
3255
3268
3286
3297
3334
3380
3405
3422
3471
3523
3622
3630
3634
3653
3666
3684
3737
3753
3763
3764
3782
3834
3862
3873
3883
3893
3931
3947
3971
3986
3996
4068
30
38
125
133
147
162
182
184
231
279
292
296
340
405
425
432
490
494
498
522
543
554
571
577
595
678
707
711
725
810
812
839
845
850
885
899
901
951
970
1062
1071
1081
1122
1170
1235
1245
1250
1260
1292
1294
1330
1380
1397
1474
1489
1501
1517
1532
1568
1577
1586
1592
1605
1619
1667
1681
1700
1724
1754
1790
1835
1838
1839
1867
1884
1906
1936
1937
1954
1957
1958
1999
2007
2015
2016
2045
2077
2078
2177
2199
2210
2228
2238
2264
2266
2294
2308
2329
2350
2362
2381
2469
2533
2582
2600
2608
2650
2676
2693
2716
2745
2792
2803
2832
2834
2842
2846
2852
2874
2894
2925
2926
2927
2959
2977
3064
3080
3097
3117
3138
3159
3161
3168
3174
3187
3196
3252
3301
3367
3370
3448
3470
3472
3490
3501
3503
3531
3557
3596
3620
3621
3656
3671
3685
3693
3699
3706
3723
3730
3737
3750
3771
3790
3807
3809
3817
3818
3824
3827
3854
3864
3874
3878
3914
3927
3933
3976
3998
6
9
12
17
45
55
62
121
139
146
171
190
207
224
234
258
260
266
276
284
296
309
347
369
375
380
388
403
418
431
458
466
474
512
520
543
552
588
593
610
646
653
667
684
715
745
757
759
767
792
796
831
879
910
935
967
1010
1017
1077
1143
1149
1232
1233
1241
1340
1347
1358
1373
1430
1467
1607
1628
1730
1772
1775
1792
1794
1801
1804
1810
1825
1842
1874
1903
1912
1941
1954
2003
2011
2043
2044
2069
2079
2088
2142
2160
2174
2190
2207
2208
2211
2266
2270
2293
2300
2413
2419
2489
2493
2504
2508
2515
2525
2534
2541
2543
2568
2577
2578
2579
2588
2596
2657
2663
2707
2710
2728
2736
2745
2770
2790
2820
2826
2849
2873
2895
2897
2915
2925
2970
2991
3020
3084
3135
3136
3156
3183
3219
3240
3248
3302
3337
3344
3363
3383
3384
3395
3408
3440
3445
3457
3462
3475
3484
3490
3500
3520
3529
3652
3674
3682
3721
3739
3748
3755
3765
3791
3840
3848
3870
3876
3914
3922
3991
50
59
81
83
113
129
158
160
200
240
269
290
314
344
405
426
462
465
568
587
641
685
703
746
752
758
782
871
875
908
931
938
965
987
993
1003
1058
1060
1131
1133
1142
1146
1151
1155
1199
1204
1218
1219
1231
1250
1274
1276
1296
1305
1306
1308
1311
1314
1330
1355
1360
1409
1464
1481
1485
1505
1526
1540
1579
1585
1590
1595
1612
1644
1649
1673
1698
1706
1739
1745
1758
1759
1799
1812
1840
1842
1855
1887
1900
1902
1922
1937
1941
1962
1972
1974
1976
2000
2011
2064
2076
2085
2110
2113
2135
2136
2150
2193
2212
2257
2347
2351
2385
2421
2441
2473
2506
2569
2648
2663
2677
2700
2710
2729
2769
2800
2848
2888
2951
2985
3002
3013
3058
3101
3114
3128
3130
3178
3251
3270
3292
3316
3343
3347
3364
3415
3424
3428
3477
3486
3508
3537
3543
3564
3579
3691
3777
3782
3787
3789
3812
3831
3865
3887
3915
3927
3953
3967
4043
4049
4050
4053
4057
4062
10
22
37
59
82
111
116
148
155
156
160
163
181
187
203
218
243
250
267
268
281
328
386
392
397
398
400
444
456
468
470
473
478
489
508
509
522
524
555
584
600
602
629
645
653
672
673
674
678
720
732
743
748
797
845
873
906
929
969
1000
1006
1022
1034
1064
1074
1075
1091
1095
1098
1101
1107
1128
1161
1217
1244
1251
1273
1322
1329
1352
1382
1399
1449
1457
1458
1462
1495
1521
1571
1594
1603
1605
1640
1667
1677
1707
1715
1720
1725
1740
1741
1742
1764
1798
1820
1826
1828
1850
1851
1872
1881
1950
1955
1956
1964
1997
2001
2025
2052
2054
2061
2108
2163
2177
2261
2263
2273
2303
2306
2318
2335
2363
2374
2376
2390
2431
2450
2523
2524
2536
2549
2552
2563
2575
2647
2658
2677
2681
2721
2771
2789
2818
2822
2841
2843
2847
2862
2908
2917
2959
2981
3040
3046
3058
3092
3121
3175
3208
3222
3246
3247
3278
3285
3288
3293
3352
3354
3386
3393
3519
3550
3574
3596
3599
3638
3654
3660
3708
3721
3739
3779
3784
3801
3905
3907
3935
3944
3950
3952
4004
4059
12
67
109
124
156
163
177
193
241
242
262
300
309
316
320
324
360
404
414
430
431
461
476
490
541
557
561
576
590
616
628
632
635
659
671
713
716
723
760
773
790
818
820
822
907
932
982
991
994
1041
1072
1109
1120
1129
1150
1152
1206
1244
1332
1338
1367
1388
1422
1443
1459
1515
1517
1548
1549
1589
1592
1668
1697
1722
1747
1756
1760
1783
1789
1800
1807
1812
1831
1843
1872
1906
1986
2000
2014
2030
2057
2060
2062
2105
2121
2135
2139
2175
2244
2278
2291
2295
2298
2299
2343
2353
2376
2404
2405
2413
2414
2471
2475
2516
2543
2570
2575
2591
2595
2598
2599
2600
2658
2659
2695
2702
2704
2710
2716
2754
2800
2813
2832
2857
2861
2865
2902
2912
2927
2937
2960
2996
3002
3007
3013
3059
3064
3103
3147
3178
3182
3187
3201
3259
3288
3296
3303
3350
3378
3380
3418
3421
3469
3473
3474
3502
3509
3541
3567
3588
3629
3647
3677
3680
3685
3697
3701
3749
3780
3848
3863
3919
3922
3941
3997
4002
4003
4015
4061
4073
4078
4083
4084
11
33
43
66
71
81
87
88
99
167
168
197
198
212
235
254
258
297
299
317
326
332
342
349
363
379
395
411
506
544
573
611
630
665
680
726
731
735
736
740
752
810
828
854
869
871
872
905
909
913
918
924
955
993
997
1007
1024
1037
1081
1090
1111
1122
1210
1213
1290
1291
1309
1336
1352
1354
1362
1413
1414
1521
1541
1547
1578
1624
1626
1642
1661
1662
1708
1736
1767
1808
1851
1854
1892
1918
1925
1942
1953
1973
2002
2029
2031
2111
2118
2130
2143
2168
2178
2192
2205
2207
2215
2262
2321
2343
2348
2353
2401
2457
2473
2510
2565
2587
2596
2614
2616
2622
2634
2693
2719
2738
2743
2749
2764
2765
2793
2826
2848
2851
2921
2961
2978
2991
3015
3021
3028
3054
3060
3068
3081
3104
3129
3175
3234
3268
3279
3292
3296
3320
3330
3482
3506
3509
3625
3636
3646
3650
3654
3671
3677
3687
3776
3778
3793
3830
3839
3962
3988
3998
4016
4041
4054
4059
4071
4096
1
34
71
109
144
181
216
248
279
310
345
384
417
454
490
524
569
606
640
682
731
769
806
844
878
920
952
985
1020
1055
1089
1137
1175
1214
1254
1288
1324
1363
1409
1448
1488
1525
1567
1608
1650
1689
1726
1768
1800
1837
1878
1914
1956
1993
2033
2062
2107
2141
2187
2227
2265
2306
2345
2385
2427
2458
2498
2552
2592
2628
2677
2721
2766
2813
2852
2895
2936
2981
3022
3053
3091
3137
3176
3217
3256
3294
3321
3354
3406
3453
3493
3539
3583
3626
3659
3711
3756
3805
3844
3882
3925
3973
4010
4050
4098
4145
4191
4231
4277
4322
4375
4425
4472
4515
4561
4609
4668
4719
4766
4807
4854
4906
4960
5014
5064
5120
5169
5216
5274
5321
5373
5425
5468
5514
5572
5631
5686
5744
5797
5855
5908
5961
6012
6072
6133
6187
6247
6310
6371
6427
6474
6535
6596
6651
6701
6766
6830
6895
6959
7032
7094
7157
7223
7287
7350
7413
7486
7546
7632
7707
7786
7863
7939
8020
8115
8195
8301
8394
8494
8602
8695
8801
8901
8996
9106
9224
9340
9471
9593
9705
9825
9962
10075
10219
10372
10526
10687
10839
11002
11179
11357
11541
11715
11916
12109
