409
4120
16360
55
198
282
400
437
611
706
824
899
950
1036
1223
1247
1361
1487
1633
1727
1809
1940
1985
2101
2217
2306
2440
2526
2656
2724
2857
2897
3045
3169
3268
3398
3486
3523
3654
3719
3859
3992
4021
56
199
283
401
438
612
707
722
900
951
1037
1224
1248
1362
1488
1634
1728
1810
1941
1986
2102
2218
2307
2441
2527
2657
2725
2858
2898
3046
3170
3269
3399
3487
3524
3655
3720
3860
3993
4022
57
200
284
402
439
613
708
723
901
952
1038
1225
1249
1363
1489
1635
1729
1811
1942
1987
2103
2219
2308
2442
2528
2658
2726
2859
2899
3047
3171
3270
3297
3488
3525
3656
3721
3861
3994
4023
58
201
285
403
440
614
709
724
902
953
1039
1226
1250
1364
1490
1636
1730
1812
1943
1988
2104
2220
2309
2443
2529
2659
2727
2860
2900
3048
3172
3271
3298
3489
3526
3657
3722
3862
3995
4024
59
202
286
404
441
615
710
725
903
954
1040
1227
1251
1365
1491
1637
1731
1813
1944
1989
2105
2221
2310
2444
2530
2660
2728
2861
2901
3049
3173
3272
3299
3490
3527
3658
3723
3863
3996
4025
60
203
287
405
442
616
711
726
904
955
1041
1228
1252
1366
1492
1638
1732
1814
1945
1990
2106
2222
2311
2445
2531
2661
2729
2862
2902
3050
3174
3273
3300
3491
3528
3659
3724
3864
3997
4026
61
204
288
406
443
617
712
727
905
956
1042
1229
1253
1367
1493
1639
1733
1815
1946
1991
2107
2223
2312
2446
2532
2662
2730
2863
2903
3051
3175
3274
3301
3492
3529
3660
3725
3865
3998
4027
62
205
289
407
444
618
713
728
906
957
1043
1230
1254
1368
1494
1640
1734
1816
1947
1992
2108
2224
2313
2447
2533
2663
2731
2864
2904
3052
3176
3275
3302
3493
3530
3661
3726
3866
3999
4028
63
206
290
408
445
516
714
729
907
958
1044
1231
1255
1369
1495
1641
1735
1817
1948
1993
2109
2225
2314
2448
2534
2664
2732
2865
2905
3053
3177
3276
3303
3494
3531
3662
3727
3867
4000
4029
64
104
291
409
446
517
715
730
908
959
1045
1232
1256
1370
1496
1642
1736
1818
1949
1994
2110
2226
2315
2449
2535
2665
2733
2866
2906
3054
3178
3277
3304
3495
3532
3663
3728
3868
4001
4030
65
105
292
410
447
518
716
731
909
960
1046
1233
1257
1371
1497
1643
1737
1819
1950
1995
2111
2227
2316
2450
2536
2666
2734
2867
2907
3055
3179
3278
3305
3496
3533
3664
3729
3869
4002
4031
66
106
293
411
448
519
717
732
910
961
1047
1234
1258
1372
1498
1644
1738
1820
1951
1996
2112
2228
2317
2451
2537
2667
2735
2868
2908
3056
3180
3279
3306
3497
3534
3665
3730
3870
4003
4032
67
107
294
412
449
520
718
733
911
962
1048
1235
1259
1373
1499
1645
1739
1821
1952
1997
2113
2229
2318
2452
2538
2668
2736
2869
2909
3057
3181
3280
3307
3498
3535
3666
3731
3871
4004
4033
68
108
295
310
450
521
719
734
912
963
1049
1236
1260
1374
1500
1646
1740
1822
1953
1998
2114
2230
2319
2453
2539
2669
2737
2870
2910
3058
3182
3281
3308
3499
3536
3667
3732
3872
4005
4034
69
109
296
311
451
522
720
735
913
964
1050
1134
1261
1375
1501
1647
1741
1823
1954
1999
2115
2231
2320
2454
2540
2670
2738
2871
2911
3059
3183
3282
3309
3500
3537
3668
3733
3873
4006
4035
70
110
297
312
452
523
721
736
914
965
1051
1135
1262
1376
1502
1648
1742
1824
1955
2000
2116
2232
2321
2455
2541
2671
2739
2872
2912
3060
3184
3283
3310
3501
3538
3669
3734
3874
4007
4036
71
111
298
313
453
524
619
737
915
966
1052
1136
1263
1377
1503
1546
1743
1825
1956
2001
2117
2233
2322
2456
2542
2672
2740
2873
2913
3061
3185
3284
3311
3502
3539
3670
3735
3875
4008
4037
72
112
299
314
454
525
620
738
916
967
1053
1137
1264
1378
1504
1547
1744
1826
1957
2002
2118
2234
2323
2457
2543
2673
2741
2874
2914
3062
3186
3285
3312
3400
3540
3671
3736
3876
4009
4038
73
113
300
315
455
526
621
739
917
968
1054
1138
1265
1379
1505
1548
1745
1827
1855
2003
2119
2235
2324
2458
2544
2674
2742
2875
2915
3063
3187
3286
3313
3401
3541
3672
3737
3877
4010
4039
74
114
301
316
456
527
622
740
918
969
1055
1139
1266
1380
1506
1549
1746
1828
1856
2004
2120
2236
2325
2459
2545
2675
2743
2876
2916
3064
3188
3287
3314
3402
3542
3673
3738
3878
4011
4040
75
115
302
317
457
528
623
741
919
970
1056
1140
1267
1381
1507
1550
1747
1829
1857
2005
2121
2237
2326
2460
2546
2676
2744
2877
2917
3065
3189
3288
3315
3403
3543
3674
3739
3879
4012
4041
76
116
303
318
458
529
624
742
920
971
1057
1141
1268
1382
1508
1551
1748
1830
1858
2006
2122
2238
2327
2461
2547
2677
2745
2878
2918
3066
3190
3289
3316
3404
3544
3675
3740
3880
4013
4042
77
117
304
319
459
530
625
743
921
972
1058
1142
1269
1383
1509
1552
1749
1831
1859
2007
2123
2239
2328
2462
2548
2678
2746
2879
2919
3067
3191
3290
3317
3405
3545
3676
3741
3881
4014
4043
78
118
305
320
460
531
626
744
922
973
1059
1143
1270
1384
1510
1553
1750
1832
1860
2008
2124
2240
2329
2463
2549
2576
2747
2880
2920
3068
3192
3291
3318
3406
3546
3677
3742
3882
4015
4044
79
119
306
321
461
532
627
745
923
974
1060
1144
1271
1385
1511
1554
1751
1833
1861
2009
2125
2241
2330
2464
2550
2577
2748
2881
2921
3069
3193
3292
3319
3407
3547
3678
3743
3883
4016
4045
80
120
307
322
462
533
628
746
924
975
1061
1145
1272
1386
1512
1555
1649
1834
1862
2010
2126
2242
2331
2465
2551
2578
2749
2882
2922
3070
3091
3293
3320
3408
3548
3679
3744
3884
4017
4046
81
121
308
323
463
534
629
747
925
976
1062
1146
1273
1387
1513
1556
1650
1835
1863
2011
2127
2243
2332
2466
2552
2579
2750
2883
2923
3071
3092
3294
3321
3409
3549
3680
3745
3885
3915
4047
82
122
309
324
464
535
630
748
926
977
1063
1147
1274
1388
1514
1557
1651
1836
1864
2012
2128
2244
2333
2467
2553
2580
2751
2884
2924
3072
3093
3295
3322
3410
3550
3681
3746
3886
3916
4048
83
123
207
325
465
536
631
749
927
978
1064
1148
1275
1389
1515
1558
1652
1837
1865
2013
2129
2245
2334
2468
2554
2581
2752
2782
2925
3073
3094
3296
3323
3411
3551
3682
3747
3887
3917
4049
84
124
208
326
466
537
632
750
825
979
1065
1149
1276
1390
1516
1559
1653
1838
1866
2014
2130
2246
2335
2469
2555
2582
2753
2783
2926
3074
3095
3194
3324
3412
3552
3683
3748
3888
3918
4050
85
125
209
327
467
538
633
751
826
980
1066
1150
1277
1391
1517
1560
1654
1839
1867
2015
2131
2247
2336
2470
2556
2583
2754
2784
2927
3075
3096
3195
3325
3413
3553
3684
3749
3889
3919
4051
86
126
210
328
468
539
634
752
827
981
1067
1151
1278
1392
1518
1561
1655
1840
1868
2016
2132
2248
2337
2471
2557
2584
2755
2785
2928
3076
3097
3196
3326
3414
3554
3685
3750
3890
3920
4052
87
127
211
329
469
540
635
753
828
982
1068
1152
1279
1393
1519
1562
1656
1841
1869
2017
2133
2249
2338
2472
2558
2585
2756
2786
2929
3077
3098
3197
3327
3415
3555
3686
3751
3891
3921
4053
88
128
212
330
470
541
636
754
829
983
1069
1153
1280
1394
1520
1563
1657
1842
1870
2018
2134
2250
2339
2370
2559
2586
2757
2787
2930
3078
3099
3198
3328
3416
3556
3687
3752
3892
3922
4054
89
129
213
331
471
542
637
755
830
984
1070
1154
1281
1395
1521
1564
1658
1843
1871
2019
2135
2251
2340
2371
2560
2587
2758
2788
2931
3079
3100
3199
3329
3417
3557
3688
3753
3893
3923
4055
90
130
214
332
472
543
638
756
831
985
1071
1155
1282
1396
1522
1565
1659
1844
1872
2020
2136
2252
2341
2372
2561
2588
2759
2789
2932
3080
3101
3200
3330
3418
3558
3689
3754
3894
3924
4056
91
131
215
333
473
544
639
757
832
986
1072
1156
1283
1397
1523
1566
1660
1845
1873
2021
2137
2253
2342
2373
2562
2589
2760
2790
2933
3081
3102
3201
3331
3419
3559
3690
3755
3895
3925
4057
92
132
216
334
474
545
640
758
833
987
1073
1157
1284
1398
1524
1567
1661
1846
1874
2022
2138
2254
2343
2374
2563
2590
2761
2791
2934
3082
3103
3202
3332
3420
3560
3691
3756
3896
3926
4058
93
133
217
335
475
546
641
759
834
988
1074
1158
1285
1399
1525
1568
1662
1847
1875
2023
2139
2255
2344
2375
2564
2591
2762
2792
2935
3083
3104
3203
3333
3421
3561
3692
3757
3897
3927
4059
94
134
218
336
476
547
642
760
835
989
1075
1159
1286
1400
1526
1569
1663
1848
1876
2024
2140
2256
2345
2376
2565
2592
2763
2793
2936
3084
3105
3204
3334
3422
3562
3693
3758
3898
3928
4060
95
135
219
337
477
548
643
761
836
990
1076
1160
1287
1401
1527
1570
1664
1849
1877
2025
2141
2257
2346
2377
2566
2593
2764
2794
2937
3085
3106
3205
3335
3423
3563
3694
3759
3899
3929
4061
96
136
220
338
478
549
644
762
837
991
1077
1161
1288
1402
1528
1571
1665
1850
1878
2026
2142
2258
2347
2378
2567
2594
2765
2795
2938
3086
3107
3206
3336
3424
3564
3695
3760
3900
3930
4062
97
137
221
339
479
550
645
763
838
992
1078
1162
1289
1403
1529
1572
1666
1851
1879
2027
2143
2259
2348
2379
2568
2595
2766
2796
2939
3087
3108
3207
3337
3425
3565
3696
3761
3901
3931
4063
98
138
222
340
480
551
646
764
839
993
1079
1163
1290
1404
1530
1573
1667
1852
1880
2028
2144
2260
2349
2380
2569
2596
2767
2797
2940
3088
3109
3208
3338
3426
3566
3697
3762
3902
3932
4064
99
139
223
341
481
552
647
765
840
994
1080
1164
1291
1405
1531
1574
1668
1853
1881
2029
2145
2261
2350
2381
2570
2597
2768
2798
2941
3089
3110
3209
3339
3427
3567
3698
3763
3903
3933
4065
100
140
224
342
482
553
648
766
841
995
1081
1165
1292
1406
1532
1575
1669
1854
1882
2030
2146
2262
2351
2382
2571
2598
2769
2799
2942
3090
3111
3210
3340
3428
3568
3699
3764
3904
3934
4066
101
141
225
343
483
554
649
767
842
996
1082
1166
1293
1407
1533
1576
1670
1752
1883
2031
2147
2263
2352
2383
2572
2599
2770
2800
2943
2988
3112
3211
3341
3429
3569
3700
3765
3905
3935
4067
102
142
226
344
484
555
650
768
843
997
1083
1167
1294
1408
1534
1577
1671
1753
1884
2032
2148
2264
2353
2384
2573
2600
2771
2801
2944
2989
3113
3212
3342
3430
3570
3701
3766
3906
3936
4068
103
143
227
345
485
556
651
769
844
998
1084
1168
1295
1409
1535
1578
1672
1754
1885
2033
2149
2265
2354
2385
2574
2601
2772
2802
2945
2990
3114
3213
3343
3431
3571
3702
3767
3907
3937
4069
1
144
228
346
486
557
652
770
845
999
1085
1169
1296
1410
1536
1579
1673
1755
1886
2034
2150
2266
2355
2386
2575
2602
2773
2803
2946
2991
3115
3214
3344
3432
3572
3703
3768
3908
3938
4070
2
145
229
347
487
558
653
771
846
1000
1086
1170
1297
1411
1537
1580
1674
1756
1887
2035
2151
2164
2356
2387
2473
2603
2774
2804
2947
2992
3116
3215
3345
3433
3573
3704
3769
3909
3939
4071
3
146
230
348
488
559
654
772
847
1001
1087
1171
1298
1412
1538
1581
1675
1757
1888
2036
2152
2165
2357
2388
2474
2604
2775
2805
2948
2993
3117
3216
3346
3434
3574
3705
3770
3910
3940
4072
4
147
231
349
489
560
655
773
848
1002
1088
1172
1299
1413
1539
1582
1676
1758
1889
2037
2153
2166
2358
2389
2475
2605
2776
2806
2949
2994
3118
3217
3347
3435
3575
3706
3771
3911
3941
4073
5
148
232
350
490
561
656
774
849
1003
1089
1173
1300
1414
1540
1583
1677
1759
1890
2038
2154
2167
2359
2390
2476
2606
2777
2807
2950
2995
3119
3218
3348
3436
3576
3707
3772
3912
3942
4074
6
149
233
351
491
562
657
775
850
1004
1090
1174
1301
1415
1541
1584
1678
1760
1891
2039
2155
2168
2360
2391
2477
2607
2778
2808
2951
2996
3120
3219
3349
3437
3577
3708
3773
3913
3943
4075
7
150
234
352
492
563
658
776
851
1005
1091
1175
1302
1416
1542
1585
1679
1761
1892
2040
2156
2169
2361
2392
2478
2608
2779
2809
2952
2997
3121
3220
3350
3438
3578
3606
3774
3914
3944
4076
8
151
235
353
493
564
659
777
852
1006
1092
1176
1303
1417
1543
1586
1680
1762
1893
2041
2157
2170
2362
2393
2479
2609
2780
2810
2953
2998
3122
3221
3351
3439
3579
3607
3775
3812
3945
4077
9
152
236
354
494
565
660
778
853
1007
1093
1177
1304
1418
1544
1587
1681
1763
1894
2042
2158
2171
2363
2394
2480
2610
2781
2811
2954
2999
3123
3222
3352
3440
3580
3608
3776
3813
3946
4078
10
153
237
355
495
566
661
779
854
1008
1094
1178
1305
1419
1545
1588
1682
1764
1895
2043
2159
2172
2364
2395
2481
2611
2679
2812
2955
3000
3124
3223
3353
3441
3581
3609
3777
3814
3947
4079
11
154
238
356
496
567
662
780
855
1009
1095
1179
1306
1420
1443
1589
1683
1765
1896
2044
2160
2173
2365
2396
2482
2612
2680
2813
2956
3001
3125
3224
3354
3442
3582
3610
3778
3815
3948
4080
12
155
239
357
497
568
663
781
856
1010
1096
1180
1307
1421
1444
1590
1684
1766
1897
2045
2161
2174
2366
2397
2483
2613
2681
2814
2957
3002
3126
3225
3355
3443
3583
3611
3779
3816
3949
4081
13
156
240
358
498
569
664
782
857
1011
1097
1181
1308
1422
1445
1591
1685
1767
1898
2046
2162
2175
2367
2398
2484
2614
2682
2815
2958
3003
3127
3226
3356
3444
3584
3612
3780
3817
3950
4082
14
157
241
359
499
570
665
783
858
1012
1098
1182
1309
1423
1446
1592
1686
1768
1899
2047
2163
2176
2368
2399
2485
2615
2683
2816
2959
3004
3128
3227
3357
3445
3585
3613
3781
3818
3951
4083
15
158
242
360
500
571
666
784
859
1013
1099
1183
1310
1424
1447
1593
1687
1769
1900
2048
2061
2177
2369
2400
2486
2616
2684
2817
2960
3005
3129
3228
3358
3446
3586
3614
3782
3819
3952
4084
16
159
243
361
501
572
667
785
860
1014
1100
1184
1311
1425
1448
1594
1688
1770
1901
2049
2062
2178
2267
2401
2487
2617
2685
2818
2961
3006
3130
3229
3359
3447
3587
3615
3783
3820
3953
4085
17
160
244
362
502
573
668
786
861
1015
1101
1185
1312
1426
1449
1595
1689
1771
1902
2050
2063
2179
2268
2402
2488
2618
2686
2819
2962
3007
3131
3230
3360
3448
3588
3616
3784
3821
3954
4086
18
161
245
363
503
574
669
787
862
1016
1102
1186
1313
1427
1450
1596
1690
1772
1903
2051
2064
2180
2269
2403
2489
2619
2687
2820
2963
3008
3132
3231
3361
3449
3589
3617
3785
3822
3955
4087
19
162
246
364
504
575
670
788
863
1017
1103
1187
1314
1428
1451
1597
1691
1773
1904
2052
2065
2181
2270
2404
2490
2620
2688
2821
2964
3009
3133
3232
3362
3450
3590
3618
3786
3823
3956
4088
20
163
247
365
505
576
671
789
864
1018
1104
1188
1315
1429
1452
1598
1692
1774
1905
2053
2066
2182
2271
2405
2491
2621
2689
2822
2965
3010
3134
3233
3363
3451
3591
3619
3787
3824
3957
4089
21
164
248
366
506
577
672
790
865
1019
1105
1189
1316
1430
1453
1599
1693
1775
1906
2054
2067
2183
2272
2406
2492
2622
2690
2823
2966
3011
3135
3234
3364
3452
3592
3620
3788
3825
3958
4090
22
165
249
367
507
578
673
791
866
1020
1106
1190
1317
1431
1454
1600
1694
1776
1907
2055
2068
2184
2273
2407
2493
2623
2691
2824
2967
3012
3136
3235
3365
3453
3593
3621
3789
3826
3959
4091
23
166
250
368
508
579
674
792
867
1021
1107
1191
1318
1432
1455
1601
1695
1777
1908
2056
2069
2185
2274
2408
2494
2624
2692
2825
2968
3013
3137
3236
3366
3454
3594
3622
3790
3827
3960
4092
24
167
251
369
509
580
675
793
868
1022
1108
1192
1319
1433
1456
1602
1696
1778
1909
2057
2070
2186
2275
2409
2495
2625
2693
2826
2969
3014
3138
3237
3367
3455
3595
3623
3791
3828
3961
4093
25
168
252
370
510
581
676
794
869
1023
1109
1193
1320
1434
1457
1603
1697
1779
1910
2058
2071
2187
2276
2410
2496
2626
2694
2827
2970
3015
3139
3238
3368
3456
3596
3624
3792
3829
3962
4094
26
169
253
371
511
582
677
795
870
1024
1110
1194
1321
1435
1458
1604
1698
1780
1911
2059
2072
2188
2277
2411
2497
2627
2695
2828
2971
3016
3140
3239
3369
3457
3597
3625
3793
3830
3963
4095
27
170
254
372
512
583
678
796
871
1025
1111
1195
1322
1436
1459
1605
1699
1781
1912
2060
2073
2189
2278
2412
2498
2628
2696
2829
2972
3017
3141
3240
3370
3458
3598
3626
3794
3831
3964
4096
28
171
255
373
513
584
679
797
872
1026
1112
1196
1323
1437
1460
1606
1700
1782
1913
1958
2074
2190
2279
2413
2499
2629
2697
2830
2973
3018
3142
3241
3371
3459
3599
3627
3795
3832
3965
4097
29
172
256
374
514
585
680
798
873
1027
1113
1197
1324
1438
1461
1607
1701
1783
1914
1959
2075
2191
2280
2414
2500
2630
2698
2831
2974
3019
3143
3242
3372
3460
3600
3628
3796
3833
3966
4098
30
173
257
375
515
586
681
799
874
1028
1114
1198
1325
1439
1462
1608
1702
1784
1915
1960
2076
2192
2281
2415
2501
2631
2699
2832
2975
3020
3144
3243
3373
3461
3601
3629
3797
3834
3967
4099
31
174
258
376
413
587
682
800
875
1029
1115
1199
1326
1440
1463
1609
1703
1785
1916
1961
2077
2193
2282
2416
2502
2632
2700
2833
2976
3021
3145
3244
3374
3462
3602
3630
3798
3835
3968
4100
32
175
259
377
414
588
683
801
876
1030
1116
1200
1327
1441
1464
1610
1704
1786
1917
1962
2078
2194
2283
2417
2503
2633
2701
2834
2977
3022
3146
3245
3375
3463
3603
3631
3799
3836
3969
4101
33
176
260
378
415
589
684
802
877
928
1117
1201
1328
1442
1465
1611
1705
1787
1918
1963
2079
2195
2284
2418
2504
2634
2702
2835
2978
3023
3147
3246
3376
3464
3604
3632
3800
3837
3970
4102
34
177
261
379
416
590
685
803
878
929
1118
1202
1329
1340
1466
1612
1706
1788
1919
1964
2080
2196
2285
2419
2505
2635
2703
2836
2979
3024
3148
3247
3377
3465
3605
3633
3801
3838
3971
4103
35
178
262
380
417
591
686
804
879
930
1119
1203
1330
1341
1467
1613
1707
1789
1920
1965
2081
2197
2286
2420
2506
2636
2704
2837
2980
3025
3149
3248
3378
3466
3503
3634
3802
3839
3972
4104
36
179
263
381
418
592
687
805
880
931
1120
1204
1331
1342
1468
1614
1708
1790
1921
1966
2082
2198
2287
2421
2507
2637
2705
2838
2981
3026
3150
3249
3379
3467
3504
3635
3803
3840
3973
4105
37
180
264
382
419
593
688
806
881
932
1121
1205
1332
1343
1469
1615
1709
1791
1922
1967
2083
2199
2288
2422
2508
2638
2706
2839
2982
3027
3151
3250
3380
3468
3505
3636
3804
3841
3974
4106
38
181
265
383
420
594
689
807
882
933
1122
1206
1333
1344
1470
1616
1710
1792
1923
1968
2084
2200
2289
2423
2509
2639
2707
2840
2983
3028
3152
3251
3381
3469
3506
3637
3805
3842
3975
4107
39
182
266
384
421
595
690
808
883
934
1123
1207
1334
1345
1471
1617
1711
1793
1924
1969
2085
2201
2290
2424
2510
2640
2708
2841
2984
3029
3153
3252
3382
3470
3507
3638
3806
3843
3976
4108
40
183
267
385
422
596
691
809
884
935
1124
1208
1335
1346
1472
1618
1712
1794
1925
1970
2086
2202
2291
2425
2511
2641
2709
2842
2985
3030
3154
3253
3383
3471
3508
3639
3807
3844
3977
4109
41
184
268
386
423
597
692
810
885
936
1125
1209
1336
1347
1473
1619
1713
1795
1926
1971
2087
2203
2292
2426
2512
2642
2710
2843
2986
3031
3155
3254
3384
3472
3509
3640
3808
3845
3978
4110
42
185
269
387
424
598
693
811
886
937
1126
1210
1337
1348
1474
1620
1714
1796
1927
1972
2088
2204
2293
2427
2513
2643
2711
2844
2987
3032
3156
3255
3385
3473
3510
3641
3809
3846
3979
4111
43
186
270
388
425
599
694
812
887
938
1127
1211
1338
1349
1475
1621
1715
1797
1928
1973
2089
2205
2294
2428
2514
2644
2712
2845
2885
3033
3157
3256
3386
3474
3511
3642
3810
3847
3980
4112
44
187
271
389
426
600
695
813
888
939
1128
1212
1339
1350
1476
1622
1716
1798
1929
1974
2090
2206
2295
2429
2515
2645
2713
2846
2886
3034
3158
3257
3387
3475
3512
3643
3811
3848
3981
4113
45
188
272
390
427
601
696
814
889
940
1129
1213
1237
1351
1477
1623
1717
1799
1930
1975
2091
2207
2296
2430
2516
2646
2714
2847
2887
3035
3159
3258
3388
3476
3513
3644
3709
3849
3982
4114
46
189
273
391
428
602
697
815
890
941
1130
1214
1238
1352
1478
1624
1718
1800
1931
1976
2092
2208
2297
2431
2517
2647
2715
2848
2888
3036
3160
3259
3389
3477
3514
3645
3710
3850
3983
4115
47
190
274
392
429
603
698
816
891
942
1131
1215
1239
1353
1479
1625
1719
1801
1932
1977
2093
2209
2298
2432
2518
2648
2716
2849
2889
3037
3161
3260
3390
3478
3515
3646
3711
3851
3984
4116
48
191
275
393
430
604
699
817
892
943
1132
1216
1240
1354
1480
1626
1720
1802
1933
1978
2094
2210
2299
2433
2519
2649
2717
2850
2890
3038
3162
3261
3391
3479
3516
3647
3712
3852
3985
4117
49
192
276
394
431
605
700
818
893
944
1133
1217
1241
1355
1481
1627
1721
1803
1934
1979
2095
2211
2300
2434
2520
2650
2718
2851
2891
3039
3163
3262
3392
3480
3517
3648
3713
3853
3986
4118
50
193
277
395
432
606
701
819
894
945
1031
1218
1242
1356
1482
1628
1722
1804
1935
1980
2096
2212
2301
2435
2521
2651
2719
2852
2892
3040
3164
3263
3393
3481
3518
3649
3714
3854
3987
4119
51
194
278
396
433
607
702
820
895
946
1032
1219
1243
1357
1483
1629
1723
1805
1936
1981
2097
2213
2302
2436
2522
2652
2720
2853
2893
3041
3165
3264
3394
3482
3519
3650
3715
3855
3988
4120
52
195
279
397
434
608
703
821
896
947
1033
1220
1244
1358
1484
1630
1724
1806
1937
1982
2098
2214
2303
2437
2523
2653
2721
2854
2894
3042
3166
3265
3395
3483
3520
3651
3716
3856
3989
4018
53
196
280
398
435
609
704
822
897
948
1034
1221
1245
1359
1485
1631
1725
1807
1938
1983
2099
2215
2304
2438
2524
2654
2722
2855
2895
3043
3167
3266
3396
3484
3521
3652
3717
3857
3990
4019
54
197
281
399
436
610
705
823
898
949
1035
1222
1246
1360
1486
1632
1726
1808
1939
1984
2100
2216
2305
2439
2525
2655
2723
2856
2896
3044
3168
3267
3397
3485
3522
3653
3718
3858
3991
4020
7
144
303
353
437
593
705
764
912
1008
1119
1233
1261
1391
1482
1620
1661
1783
1865
2036
2136
2186
2287
2443
2543
2598
2756
2822
2920
3057
3118
3241
3345
3487
3542
3707
3794
3818
3960
4029
8
145
304
354
438
594
706
765
913
1009
1120
1234
1262
1392
1483
1621
1662
1784
1866
2037
2137
2187
2288
2444
2544
2599
2757
2823
2921
3058
3119
3242
3346
3488
3543
3708
3795
3819
3961
4030
9
146
305
355
439
595
707
766
914
1010
1121
1235
1263
1393
1484
1622
1663
1785
1867
2038
2138
2188
2289
2445
2545
2600
2758
2824
2922
3059
3120
3243
3347
3489
3544
3606
3796
3820
3962
4031
10
147
306
356
440
596
708
767
915
1011
1122
1236
1264
1394
1485
1623
1664
1786
1868
2039
2139
2189
2290
2446
2546
2601
2759
2825
2923
3060
3121
3244
3348
3490
3545
3607
3797
3821
3963
4032
11
148
307
357
441
597
709
768
916
1012
1123
1134
1265
1395
1486
1624
1665
1787
1869
2040
2140
2190
2291
2447
2547
2602
2760
2826
2924
3061
3122
3245
3349
3491
3546
3608
3798
3822
3964
4033
12
149
308
358
442
598
710
769
917
1013
1124
1135
1266
1396
1487
1625
1666
1788
1870
2041
2141
2191
2292
2448
2548
2603
2761
2827
2925
3062
3123
3246
3350
3492
3547
3609
3799
3823
3965
4034
13
150
309
359
443
599
711
770
918
1014
1125
1136
1267
1397
1488
1626
1667
1789
1871
2042
2142
2192
2293
2449
2549
2604
2762
2828
2926
3063
3124
3247
3351
3493
3548
3610
3800
3824
3966
4035
14
151
207
360
444
600
712
771
919
1015
1126
1137
1268
1398
1489
1627
1668
1790
1872
2043
2143
2193
2294
2450
2550
2605
2763
2829
2927
3064
3125
3248
3352
3494
3549
3611
3801
3825
3967
4036
15
152
208
361
445
601
713
772
920
1016
1127
1138
1269
1399
1490
1628
1669
1791
1873
2044
2144
2194
2295
2451
2551
2606
2764
2830
2928
3065
3126
3249
3353
3495
3550
3612
3802
3826
3968
4037
16
153
209
362
446
602
714
773
921
1017
1128
1139
1270
1400
1491
1629
1670
1792
1874
2045
2145
2195
2296
2452
2552
2607
2765
2831
2929
3066
3127
3250
3354
3496
3551
3613
3803
3827
3969
4038
17
154
210
363
447
603
715
774
922
1018
1129
1140
1271
1401
1492
1630
1671
1793
1875
2046
2146
2196
2297
2453
2553
2608
2766
2832
2930
3067
3128
3251
3355
3497
3552
3614
3804
3828
3970
4039
18
155
211
364
448
604
716
775
923
1019
1130
1141
1272
1402
1493
1631
1672
1794
1876
2047
2147
2197
2298
2454
2554
2609
2767
2833
2931
3068
3129
3252
3356
3498
3553
3615
3805
3829
3971
4040
19
156
212
365
449
605
717
776
924
1020
1131
1142
1273
1403
1494
1632
1673
1795
1877
2048
2148
2198
2299
2455
2555
2610
2768
2834
2932
3069
3130
3253
3357
3499
3554
3616
3806
3830
3972
4041
20
157
213
366
450
606
718
777
925
1021
1132
1143
1274
1404
1495
1633
1674
1796
1878
2049
2149
2199
2300
2456
2556
2611
2769
2835
2933
3070
3131
3254
3358
3500
3555
3617
3807
3831
3973
4042
21
158
214
367
451
607
719
778
926
1022
1133
1144
1275
1405
1496
1634
1675
1797
1879
2050
2150
2200
2301
2457
2557
2612
2770
2836
2934
3071
3132
3255
3359
3501
3556
3618
3808
3832
3974
4043
22
159
215
368
452
608
720
779
927
1023
1031
1145
1276
1406
1497
1635
1676
1798
1880
2051
2151
2201
2302
2458
2558
2613
2771
2837
2935
3072
3133
3256
3360
3502
3557
3619
3809
3833
3975
4044
23
160
216
369
453
609
721
780
825
1024
1032
1146
1277
1407
1498
1636
1677
1799
1881
2052
2152
2202
2303
2459
2559
2614
2772
2838
2936
3073
3134
3257
3361
3400
3558
3620
3810
3834
3976
4045
24
161
217
370
454
610
619
781
826
1025
1033
1147
1278
1408
1499
1637
1678
1800
1882
2053
2153
2203
2304
2460
2560
2615
2773
2839
2937
3074
3135
3258
3362
3401
3559
3621
3811
3835
3977
4046
25
162
218
371
455
611
620
782
827
1026
1034
1148
1279
1409
1500
1638
1679
1801
1883
2054
2154
2204
2305
2461
2561
2616
2774
2840
2938
3075
3136
3259
3363
3402
3560
3622
3709
3836
3978
4047
26
163
219
372
456
612
621
783
828
1027
1035
1149
1280
1410
1501
1639
1680
1802
1884
2055
2155
2205
2306
2462
2562
2617
2775
2841
2939
3076
3137
3260
3364
3403
3561
3623
3710
3837
3979
4048
27
164
220
373
457
613
622
784
829
1028
1036
1150
1281
1411
1502
1640
1681
1803
1885
2056
2156
2206
2307
2463
2563
2618
2776
2842
2940
3077
3138
3261
3365
3404
3562
3624
3711
3838
3980
4049
28
165
221
374
458
614
623
785
830
1029
1037
1151
1282
1412
1503
1641
1682
1804
1886
2057
2157
2207
2308
2464
2564
2619
2777
2843
2941
3078
3139
3262
3366
3405
3563
3625
3712
3839
3981
4050
29
166
222
375
459
615
624
786
831
1030
1038
1152
1283
1413
1504
1642
1683
1805
1887
2058
2158
2208
2309
2465
2565
2620
2778
2844
2942
3079
3140
3263
3367
3406
3564
3626
3713
3840
3982
4051
30
167
223
376
460
616
625
787
832
928
1039
1153
1284
1414
1505
1643
1684
1806
1888
2059
2159
2209
2310
2466
2566
2621
2779
2845
2943
3080
3141
3264
3368
3407
3565
3627
3714
3841
3983
4052
31
168
224
377
461
617
626
788
833
929
1040
1154
1285
1415
1506
1644
1685
1807
1889
2060
2160
2210
2311
2467
2567
2622
2780
2846
2944
3081
3142
3265
3369
3408
3566
3628
3715
3842
3984
4053
32
169
225
378
462
618
627
789
834
930
1041
1155
1286
1416
1507
1645
1686
1808
1890
1958
2161
2211
2312
2468
2568
2623
2781
2847
2945
3082
3143
3266
3370
3409
3567
3629
3716
3843
3985
4054
33
170
226
379
463
516
628
790
835
931
1042
1156
1287
1417
1508
1646
1687
1809
1891
1959
2162
2212
2313
2469
2569
2624
2679
2848
2946
3083
3144
3267
3371
3410
3568
3630
3717
3844
3986
4055
34
171
227
380
464
517
629
791
836
932
1043
1157
1288
1418
1509
1647
1688
1810
1892
1960
2163
2213
2314
2470
2570
2625
2680
2849
2947
3084
3145
3268
3372
3411
3569
3631
3718
3845
3987
4056
35
172
228
381
465
518
630
792
837
933
1044
1158
1289
1419
1510
1648
1689
1811
1893
1961
2061
2214
2315
2471
2571
2626
2681
2850
2948
3085
3146
3269
3373
3412
3570
3632
3719
3846
3988
4057
36
173
229
382
466
519
631
793
838
934
1045
1159
1290
1420
1511
1546
1690
1812
1894
1962
2062
2215
2316
2472
2572
2627
2682
2851
2949
3086
3147
3270
3374
3413
3571
3633
3720
3847
3989
4058
37
174
230
383
467
520
632
794
839
935
1046
1160
1291
1421
1512
1547
1691
1813
1895
1963
2063
2216
2317
2370
2573
2628
2683
2852
2950
3087
3148
3271
3375
3414
3572
3634
3721
3848
3990
4059
38
175
231
384
468
521
633
795
840
936
1047
1161
1292
1422
1513
1548
1692
1814
1896
1964
2064
2217
2318
2371
2574
2629
2684
2853
2951
3088
3149
3272
3376
3415
3573
3635
3722
3849
3991
4060
39
176
232
385
469
522
634
796
841
937
1048
1162
1293
1423
1514
1549
1693
1815
1897
1965
2065
2218
2319
2372
2575
2630
2685
2854
2952
3089
3150
3273
3377
3416
3574
3636
3723
3850
3992
4061
40
177
233
386
470
523
635
797
842
938
1049
1163
1294
1424
1515
1550
1694
1816
1898
1966
2066
2219
2320
2373
2473
2631
2686
2855
2953
3090
3151
3274
3378
3417
3575
3637
3724
3851
3993
4062
41
178
234
387
471
524
636
798
843
939
1050
1164
1295
1425
1516
1551
1695
1817
1899
1967
2067
2220
2321
2374
2474
2632
2687
2856
2954
2988
3152
3275
3379
3418
3576
3638
3725
3852
3994
4063
42
179
235
388
472
525
637
799
844
940
1051
1165
1296
1426
1517
1552
1696
1818
1900
1968
2068
2221
2322
2375
2475
2633
2688
2857
2955
2989
3153
3276
3380
3419
3577
3639
3726
3853
3995
4064
43
180
236
389
473
526
638
800
845
941
1052
1166
1297
1427
1518
1553
1697
1819
1901
1969
2069
2222
2323
2376
2476
2634
2689
2858
2956
2990
3154
3277
3381
3420
3578
3640
3727
3854
3996
4065
44
181
237
390
474
527
639
801
846
942
1053
1167
1298
1428
1519
1554
1698
1820
1902
1970
2070
2223
2324
2377
2477
2635
2690
2859
2957
2991
3155
3278
3382
3421
3579
3641
3728
3855
3997
4066
45
182
238
391
475
528
640
802
847
943
1054
1168
1299
1429
1520
1555
1699
1821
1903
1971
2071
2224
2325
2378
2478
2636
2691
2860
2958
2992
3156
3279
3383
3422
3580
3642
3729
3856
3998
4067
46
183
239
392
476
529
641
803
848
944
1055
1169
1300
1430
1521
1556
1700
1822
1904
1972
2072
2225
2326
2379
2479
2637
2692
2861
2959
2993
3157
3280
3384
3423
3581
3643
3730
3857
3999
4068
47
184
240
393
477
530
642
804
849
945
1056
1170
1301
1431
1522
1557
1701
1823
1905
1973
2073
2226
2327
2380
2480
2638
2693
2862
2960
2994
3158
3281
3385
3424
3582
3644
3731
3858
4000
4069
48
185
241
394
478
531
643
805
850
946
1057
1171
1302
1432
1523
1558
1702
1824
1906
1974
2074
2227
2328
2381
2481
2639
2694
2863
2961
2995
3159
3282
3386
3425
3583
3645
3732
3859
4001
4070
49
186
242
395
479
532
644
806
851
947
1058
1172
1303
1433
1524
1559
1703
1825
1907
1975
2075
2228
2329
2382
2482
2640
2695
2864
2962
2996
3160
3283
3387
3426
3584
3646
3733
3860
4002
4071
50
187
243
396
480
533
645
807
852
948
1059
1173
1304
1434
1525
1560
1704
1826
1908
1976
2076
2229
2330
2383
2483
2641
2696
2865
2963
2997
3161
3284
3388
3427
3585
3647
3734
3861
4003
4072
51
188
244
397
481
534
646
808
853
949
1060
1174
1305
1435
1526
1561
1705
1827
1909
1977
2077
2230
2331
2384
2484
2642
2697
2866
2964
2998
3162
3285
3389
3428
3586
3648
3735
3862
4004
4073
52
189
245
398
482
535
647
809
854
950
1061
1175
1306
1436
1527
1562
1706
1828
1910
1978
2078
2231
2332
2385
2485
2643
2698
2867
2965
2999
3163
3286
3390
3429
3587
3649
3736
3863
4005
4074
53
190
246
399
483
536
648
810
855
951
1062
1176
1307
1437
1528
1563
1707
1829
1911
1979
2079
2232
2333
2386
2486
2644
2699
2868
2966
3000
3164
3287
3391
3430
3588
3650
3737
3864
4006
4075
54
191
247
400
484
537
649
811
856
952
1063
1177
1308
1438
1529
1564
1708
1830
1912
1980
2080
2233
2334
2387
2487
2645
2700
2869
2967
3001
3165
3288
3392
3431
3589
3651
3738
3865
4007
4076
55
192
248
401
485
538
650
812
857
953
1064
1178
1309
1439
1530
1565
1709
1831
1913
1981
2081
2234
2335
2388
2488
2646
2701
2870
2968
3002
3166
3289
3393
3432
3590
3652
3739
3866
4008
4077
56
193
249
402
486
539
651
813
858
954
1065
1179
1310
1440
1531
1566
1710
1832
1914
1982
2082
2235
2336
2389
2489
2647
2702
2871
2969
3003
3167
3290
3394
3433
3591
3653
3740
3867
4009
4078
57
194
250
403
487
540
652
814
859
955
1066
1180
1311
1441
1532
1567
1711
1833
1915
1983
2083
2236
2337
2390
2490
2648
2703
2872
2970
3004
3168
3291
3395
3434
3592
3654
3741
3868
4010
4079
58
195
251
404
488
541
653
815
860
956
1067
1181
1312
1442
1533
1568
1712
1834
1916
1984
2084
2237
2338
2391
2491
2649
2704
2873
2971
3005
3169
3292
3396
3435
3593
3655
3742
3869
4011
4080
59
196
252
405
489
542
654
816
861
957
1068
1182
1313
1340
1534
1569
1713
1835
1917
1985
2085
2238
2339
2392
2492
2650
2705
2874
2972
3006
3170
3293
3397
3436
3594
3656
3743
3870
4012
4081
60
197
253
406
490
543
655
817
862
958
1069
1183
1314
1341
1535
1570
1714
1836
1918
1986
2086
2239
2340
2393
2493
2651
2706
2875
2973
3007
3171
3294
3398
3437
3595
3657
3744
3871
4013
4082
61
198
254
407
491
544
656
818
863
959
1070
1184
1315
1342
1536
1571
1715
1837
1919
1987
2087
2240
2341
2394
2494
2652
2707
2876
2974
3008
3172
3295
3399
3438
3596
3658
3745
3872
4014
4083
62
199
255
408
492
545
657
819
864
960
1071
1185
1316
1343
1537
1572
1716
1838
1920
1988
2088
2241
2342
2395
2495
2653
2708
2877
2975
3009
3173
3296
3297
3439
3597
3659
3746
3873
4015
4084
63
200
256
409
493
546
658
820
865
961
1072
1186
1317
1344
1538
1573
1717
1839
1921
1989
2089
2242
2343
2396
2496
2654
2709
2878
2976
3010
3174
3194
3298
3440
3598
3660
3747
3874
4016
4085
64
201
257
410
494
547
659
821
866
962
1073
1187
1318
1345
1539
1574
1718
1840
1922
1990
2090
2243
2344
2397
2497
2655
2710
2879
2977
3011
3175
3195
3299
3441
3599
3661
3748
3875
4017
4086
65
202
258
411
495
548
660
822
867
963
1074
1188
1319
1346
1540
1575
1719
1841
1923
1991
2091
2244
2345
2398
2498
2656
2711
2880
2978
3012
3176
3196
3300
3442
3600
3662
3749
3876
3915
4087
66
203
259
412
496
549
661
823
868
964
1075
1189
1320
1347
1541
1576
1720
1842
1924
1992
2092
2245
2346
2399
2499
2657
2712
2881
2979
3013
3177
3197
3301
3443
3601
3663
3750
3877
3916
4088
67
204
260
310
497
550
662
824
869
965
1076
1190
1321
1348
1542
1577
1721
1843
1925
1993
2093
2246
2347
2400
2500
2658
2713
2882
2980
3014
3178
3198
3302
3444
3602
3664
3751
3878
3917
4089
68
205
261
311
498
551
663
722
870
966
1077
1191
1322
1349
1543
1578
1722
1844
1926
1994
2094
2247
2348
2401
2501
2659
2714
2883
2981
3015
3179
3199
3303
3445
3603
3665
3752
3879
3918
4090
69
206
262
312
499
552
664
723
871
967
1078
1192
1323
1350
1544
1579
1723
1845
1927
1995
2095
2248
2349
2402
2502
2660
2715
2884
2982
3016
3180
3200
3304
3446
3604
3666
3753
3880
3919
4091
70
104
263
313
500
553
665
724
872
968
1079
1193
1324
1351
1545
1580
1724
1846
1928
1996
2096
2249
2350
2403
2503
2661
2716
2782
2983
3017
3181
3201
3305
3447
3605
3667
3754
3881
3920
4092
71
105
264
314
501
554
666
725
873
969
1080
1194
1325
1352
1443
1581
1725
1847
1929
1997
2097
2250
2351
2404
2504
2662
2717
2783
2984
3018
3182
3202
3306
3448
3503
3668
3755
3882
3921
4093
72
106
265
315
502
555
667
726
874
970
1081
1195
1326
1353
1444
1582
1726
1848
1930
1998
2098
2251
2352
2405
2505
2663
2718
2784
2985
3019
3183
3203
3307
3449
3504
3669
3756
3883
3922
4094
73
107
266
316
503
556
668
727
875
971
1082
1196
1327
1354
1445
1583
1727
1849
1931
1999
2099
2252
2353
2406
2506
2664
2719
2785
2986
3020
3184
3204
3308
3450
3505
3670
3757
3884
3923
4095
74
108
267
317
504
557
669
728
876
972
1083
1197
1328
1355
1446
1584
1728
1850
1932
2000
2100
2253
2354
2407
2507
2665
2720
2786
2987
3021
3185
3205
3309
3451
3506
3671
3758
3885
3924
4096
75
109
268
318
505
558
670
729
877
973
1084
1198
1329
1356
1447
1585
1729
1851
1933
2001
2101
2254
2355
2408
2508
2666
2721
2787
2885
3022
3186
3206
3310
3452
3507
3672
3759
3886
3925
4097
76
110
269
319
506
559
671
730
878
974
1085
1199
1330
1357
1448
1586
1730
1852
1934
2002
2102
2255
2356
2409
2509
2667
2722
2788
2886
3023
3187
3207
3311
3453
3508
3673
3760
3887
3926
4098
77
111
270
320
507
560
672
731
879
975
1086
1200
1331
1358
1449
1587
1731
1853
1935
2003
2103
2256
2357
2410
2510
2668
2723
2789
2887
3024
3188
3208
3312
3454
3509
3674
3761
3888
3927
4099
78
112
271
321
508
561
673
732
880
976
1087
1201
1332
1359
1450
1588
1732
1854
1936
2004
2104
2257
2358
2411
2511
2669
2724
2790
2888
3025
3189
3209
3313
3455
3510
3675
3762
3889
3928
4100
79
113
272
322
509
562
674
733
881
977
1088
1202
1333
1360
1451
1589
1733
1752
1937
2005
2105
2258
2359
2412
2512
2670
2725
2791
2889
3026
3190
3210
3314
3456
3511
3676
3763
3890
3929
4101
80
114
273
323
510
563
675
734
882
978
1089
1203
1334
1361
1452
1590
1734
1753
1938
2006
2106
2259
2360
2413
2513
2671
2726
2792
2890
3027
3191
3211
3315
3457
3512
3677
3764
3891
3930
4102
81
115
274
324
511
564
676
735
883
979
1090
1204
1335
1362
1453
1591
1735
1754
1939
2007
2107
2260
2361
2414
2514
2672
2727
2793
2891
3028
3192
3212
3316
3458
3513
3678
3765
3892
3931
4103
82
116
275
325
512
565
677
736
884
980
1091
1205
1336
1363
1454
1592
1736
1755
1940
2008
2108
2261
2362
2415
2515
2673
2728
2794
2892
3029
3193
3213
3317
3459
3514
3679
3766
3893
3932
4104
83
117
276
326
513
566
678
737
885
981
1092
1206
1337
1364
1455
1593
1737
1756
1941
2009
2109
2262
2363
2416
2516
2674
2729
2795
2893
3030
3091
3214
3318
3460
3515
3680
3767
3894
3933
4105
84
118
277
327
514
567
679
738
886
982
1093
1207
1338
1365
1456
1594
1738
1757
1942
2010
2110
2263
2364
2417
2517
2675
2730
2796
2894
3031
3092
3215
3319
3461
3516
3681
3768
3895
3934
4106
85
119
278
328
515
568
680
739
887
983
1094
1208
1339
1366
1457
1595
1739
1758
1943
2011
2111
2264
2365
2418
2518
2676
2731
2797
2895
3032
3093
3216
3320
3462
3517
3682
3769
3896
3935
4107
86
120
279
329
413
569
681
740
888
984
1095
1209
1237
1367
1458
1596
1740
1759
1944
2012
2112
2265
2366
2419
2519
2677
2732
2798
2896
3033
3094
3217
3321
3463
3518
3683
3770
3897
3936
4108
87
121
280
330
414
570
682
741
889
985
1096
1210
1238
1368
1459
1597
1741
1760
1945
2013
2113
2266
2367
2420
2520
2678
2733
2799
2897
3034
3095
3218
3322
3464
3519
3684
3771
3898
3937
4109
88
122
281
331
415
571
683
742
890
986
1097
1211
1239
1369
1460
1598
1742
1761
1946
2014
2114
2164
2368
2421
2521
2576
2734
2800
2898
3035
3096
3219
3323
3465
3520
3685
3772
3899
3938
4110
89
123
282
332
416
572
684
743
891
987
1098
1212
1240
1370
1461
1599
1743
1762
1947
2015
2115
2165
2369
2422
2522
2577
2735
2801
2899
3036
3097
3220
3324
3466
3521
3686
3773
3900
3939
4111
90
124
283
333
417
573
685
744
892
988
1099
1213
1241
1371
1462
1600
1744
1763
1948
2016
2116
2166
2267
2423
2523
2578
2736
2802
2900
3037
3098
3221
3325
3467
3522
3687
3774
3901
3940
4112
91
125
284
334
418
574
686
745
893
989
1100
1214
1242
1372
1463
1601
1745
1764
1949
2017
2117
2167
2268
2424
2524
2579
2737
2803
2901
3038
3099
3222
3326
3468
3523
3688
3775
3902
3941
4113
92
126
285
335
419
575
687
746
894
990
1101
1215
1243
1373
1464
1602
1746
1765
1950
2018
2118
2168
2269
2425
2525
2580
2738
2804
2902
3039
3100
3223
3327
3469
3524
3689
3776
3903
3942
4114
93
127
286
336
420
576
688
747
895
991
1102
1216
1244
1374
1465
1603
1747
1766
1951
2019
2119
2169
2270
2426
2526
2581
2739
2805
2903
3040
3101
3224
3328
3470
3525
3690
3777
3904
3943
4115
94
128
287
337
421
577
689
748
896
992
1103
1217
1245
1375
1466
1604
1748
1767
1952
2020
2120
2170
2271
2427
2527
2582
2740
2806
2904
3041
3102
3225
3329
3471
3526
3691
3778
3905
3944
4116
95
129
288
338
422
578
690
749
897
993
1104
1218
1246
1376
1467
1605
1749
1768
1953
2021
2121
2171
2272
2428
2528
2583
2741
2807
2905
3042
3103
3226
3330
3472
3527
3692
3779
3906
3945
4117
96
130
289
339
423
579
691
750
898
994
1105
1219
1247
1377
1468
1606
1750
1769
1954
2022
2122
2172
2273
2429
2529
2584
2742
2808
2906
3043
3104
3227
3331
3473
3528
3693
3780
3907
3946
4118
97
131
290
340
424
580
692
751
899
995
1106
1220
1248
1378
1469
1607
1751
1770
1955
2023
2123
2173
2274
2430
2530
2585
2743
2809
2907
3044
3105
3228
3332
3474
3529
3694
3781
3908
3947
4119
98
132
291
341
425
581
693
752
900
996
1107
1221
1249
1379
1470
1608
1649
1771
1956
2024
2124
2174
2275
2431
2531
2586
2744
2810
2908
3045
3106
3229
3333
3475
3530
3695
3782
3909
3948
4120
99
133
292
342
426
582
694
753
901
997
1108
1222
1250
1380
1471
1609
1650
1772
1957
2025
2125
2175
2276
2432
2532
2587
2745
2811
2909
3046
3107
3230
3334
3476
3531
3696
3783
3910
3949
4018
100
134
293
343
427
583
695
754
902
998
1109
1223
1251
1381
1472
1610
1651
1773
1855
2026
2126
2176
2277
2433
2533
2588
2746
2812
2910
3047
3108
3231
3335
3477
3532
3697
3784
3911
3950
4019
101
135
294
344
428
584
696
755
903
999
1110
1224
1252
1382
1473
1611
1652
1774
1856
2027
2127
2177
2278
2434
2534
2589
2747
2813
2911
3048
3109
3232
3336
3478
3533
3698
3785
3912
3951
4020
102
136
295
345
429
585
697
756
904
1000
1111
1225
1253
1383
1474
1612
1653
1775
1857
2028
2128
2178
2279
2435
2535
2590
2748
2814
2912
3049
3110
3233
3337
3479
3534
3699
3786
3913
3952
4021
103
137
296
346
430
586
698
757
905
1001
1112
1226
1254
1384
1475
1613
1654
1776
1858
2029
2129
2179
2280
2436
2536
2591
2749
2815
2913
3050
3111
3234
3338
3480
3535
3700
3787
3914
3953
4022
1
138
297
347
431
587
699
758
906
1002
1113
1227
1255
1385
1476
1614
1655
1777
1859
2030
2130
2180
2281
2437
2537
2592
2750
2816
2914
3051
3112
3235
3339
3481
3536
3701
3788
3812
3954
4023
2
139
298
348
432
588
700
759
907
1003
1114
1228
1256
1386
1477
1615
1656
1778
1860
2031
2131
2181
2282
2438
2538
2593
2751
2817
2915
3052
3113
3236
3340
3482
3537
3702
3789
3813
3955
4024
3
140
299
349
433
589
701
760
908
1004
1115
1229
1257
1387
1478
1616
1657
1779
1861
2032
2132
2182
2283
2439
2539
2594
2752
2818
2916
3053
3114
3237
3341
3483
3538
3703
3790
3814
3956
4025
4
141
300
350
434
590
702
761
909
1005
1116
1230
1258
1388
1479
1617
1658
1780
1862
2033
2133
2183
2284
2440
2540
2595
2753
2819
2917
3054
3115
3238
3342
3484
3539
3704
3791
3815
3957
4026
5
142
301
351
435
591
703
762
910
1006
1117
1231
1259
1389
1480
1618
1659
1781
1863
2034
2134
2184
2285
2441
2541
2596
2754
2820
2918
3055
3116
3239
3343
3485
3540
3705
3792
3816
3958
4027
89
114
231
385
488
617
703
725
828
940
1037
1196
1333
1384
1474
1600
1716
1795
1855
2009
2085
2242
2361
2447
2568
2665
2752
2872
2954
3023
3144
3200
3368
3488
3570
3683
3803
3859
3963
4092
90
115
232
386
489
618
704
726
829
941
1038
1197
1334
1385
1475
1601
1717
1796
1856
2010
2086
2243
2362
2448
2569
2666
2753
2873
2955
3024
3145
3201
3369
3489
3571
3684
3804
3860
3964
4093
91
116
233
387
490
516
705
727
830
942
1039
1198
1335
1386
1476
1602
1718
1797
1857
2011
2087
2244
2363
2449
2570
2667
2754
2874
2956
3025
3146
3202
3370
3490
3572
3685
3805
3861
3965
4094
92
117
234
388
491
517
706
728
831
943
1040
1199
1336
1387
1477
1603
1719
1798
1858
2012
2088
2245
2364
2450
2571
2668
2755
2875
2957
3026
3147
3203
3371
3491
3573
3686
3806
3862
3966
4095
93
118
235
389
492
518
707
729
832
944
1041
1200
1337
1388
1478
1604
1720
1799
1859
2013
2089
2246
2365
2451
2572
2669
2756
2876
2958
3027
3148
3204
3372
3492
3574
3687
3807
3863
3967
4096
94
119
236
390
493
519
708
730
833
945
1042
1201
1338
1389
1479
1605
1721
1800
1860
2014
2090
2247
2366
2452
2573
2670
2757
2877
2959
3028
3149
3205
3373
3493
3575
3688
3808
3864
3968
4097
95
120
237
391
494
520
709
731
834
946
1043
1202
1339
1390
1480
1606
1722
1801
1861
2015
2091
2248
2367
2453
2574
2671
2758
2878
2960
3029
3150
3206
3374
3494
3576
3689
3809
3865
3969
4098
96
121
238
392
495
521
710
732
835
947
1044
1203
1237
1391
1481
1607
1723
1802
1862
2016
2092
2249
2368
2454
2575
2672
2759
2879
2961
3030
3151
3207
3375
3495
3577
3690
3810
3866
3970
4099
97
122
239
393
496
522
711
733
836
948
1045
1204
1238
1392
1482
1608
1724
1803
1863
2017
2093
2250
2369
2455
2473
2673
2760
2880
2962
3031
3152
3208
3376
3496
3578
3691
3811
3867
3971
4100
98
123
240
394
497
523
712
734
837
949
1046
1205
1239
1393
1483
1609
1725
1804
1864
2018
2094
2251
2267
2456
2474
2674
2761
2881
2963
3032
3153
3209
3377
3497
3579
3692
3709
3868
3972
4101
99
124
241
395
498
524
713
735
838
950
1047
1206
1240
1394
1484
1610
1726
1805
1865
2019
2095
2252
2268
2457
2475
2675
2762
2882
2964
3033
3154
3210
3378
3498
3580
3693
3710
3869
3973
4102
100
125
242
396
499
525
714
736
839
951
1048
1207
1241
1395
1485
1611
1727
1806
1866
2020
2096
2253
2269
2458
2476
2676
2763
2883
2965
3034
3155
3211
3379
3499
3581
3694
3711
3870
3974
4103
101
126
243
397
500
526
715
737
840
952
1049
1208
1242
1396
1486
1612
1728
1807
1867
2021
2097
2254
2270
2459
2477
2677
2764
2884
2966
3035
3156
3212
3380
3500
3582
3695
3712
3871
3975
4104
102
127
244
398
501
527
716
738
841
953
1050
1209
1243
1397
1487
1613
1729
1808
1868
2022
2098
2255
2271
2460
2478
2678
2765
2782
2967
3036
3157
3213
3381
3501
3583
3696
3713
3872
3976
4105
103
128
245
399
502
528
717
739
842
954
1051
1210
1244
1398
1488
1614
1730
1809
1869
2023
2099
2256
2272
2461
2479
2576
2766
2783
2968
3037
3158
3214
3382
3502
3584
3697
3714
3873
3977
4106
1
129
246
400
503
529
718
740
843
955
1052
1211
1245
1399
1489
1615
1731
1810
1870
2024
2100
2257
2273
2462
2480
2577
2767
2784
2969
3038
3159
3215
3383
3400
3585
3698
3715
3874
3978
4107
2
130
247
401
504
530
719
741
844
956
1053
1212
1246
1400
1490
1616
1732
1811
1871
2025
2101
2258
2274
2463
2481
2578
2768
2785
2970
3039
3160
3216
3384
3401
3586
3699
3716
3875
3979
4108
3
131
248
402
505
531
720
742
845
957
1054
1213
1247
1401
1491
1617
1733
1812
1872
2026
2102
2259
2275
2464
2482
2579
2769
2786
2971
3040
3161
3217
3385
3402
3587
3700
3717
3876
3980
4109
4
132
249
403
506
532
721
743
846
958
1055
1214
1248
1402
1492
1618
1734
1813
1873
2027
2103
2260
2276
2465
2483
2580
2770
2787
2972
3041
3162
3218
3386
3403
3588
3701
3718
3877
3981
4110
5
133
250
404
507
533
619
744
847
959
1056
1215
1249
1403
1493
1619
1735
1814
1874
2028
2104
2261
2277
2466
2484
2581
2771
2788
2973
3042
3163
3219
3387
3404
3589
3702
3719
3878
3982
4111
6
134
251
405
508
534
620
745
848
960
1057
1216
1250
1404
1494
1620
1736
1815
1875
2029
2105
2262
2278
2467
2485
2582
2772
2789
2974
3043
3164
3220
3388
3405
3590
3703
3720
3879
3983
4112
7
135
252
406
509
535
621
746
849
961
1058
1217
1251
1405
1495
1621
1737
1816
1876
2030
2106
2263
2279
2468
2486
2583
2773
2790
2975
3044
3165
3221
3389
3406
3591
3704
3721
3880
3984
4113
8
136
253
407
510
536
622
747
850
962
1059
1218
1252
1406
1496
1622
1738
1817
1877
2031
2107
2264
2280
2469
2487
2584
2774
2791
2976
3045
3166
3222
3390
3407
3592
3705
3722
3881
3985
4114
9
137
254
408
511
537
623
748
851
963
1060
1219
1253
1407
1497
1623
1739
1818
1878
2032
2108
2265
2281
2470
2488
2585
2775
2792
2977
3046
3167
3223
3391
3408
3593
3706
3723
3882
3986
4115
10
138
255
409
512
538
624
749
852
964
1061
1220
1254
1408
1498
1624
1740
1819
1879
2033
2109
2266
2282
2471
2489
2586
2776
2793
2978
3047
3168
3224
3392
3409
3594
3707
3724
3883
3987
4116
11
139
256
410
513
539
625
750
853
965
1062
1221
1255
1409
1499
1625
1741
1820
1880
2034
2110
2164
2283
2472
2490
2587
2777
2794
2979
3048
3169
3225
3393
3410
3595
3708
3725
3884
3988
4117
12
140
257
411
514
540
626
751
854
966
1063
1222
1256
1410
1500
1626
1742
1821
1881
2035
2111
2165
2284
2370
2491
2588
2778
2795
2980
3049
3170
3226
3394
3411
3596
3606
3726
3885
3989
4118
13
141
258
412
515
541
627
752
855
967
1064
1223
1257
1411
1501
1627
1743
1822
1882
2036
2112
2166
2285
2371
2492
2589
2779
2796
2981
3050
3171
3227
3395
3412
3597
3607
3727
3886
3990
4119
14
142
259
310
413
542
628
753
856
968
1065
1224
1258
1412
1502
1628
1744
1823
1883
2037
2113
2167
2286
2372
2493
2590
2780
2797
2982
3051
3172
3228
3396
3413
3598
3608
3728
3887
3991
4120
15
143
260
311
414
543
629
754
857
969
1066
1225
1259
1413
1503
1629
1745
1824
1884
2038
2114
2168
2287
2373
2494
2591
2781
2798
2983
3052
3173
3229
3397
3414
3599
3609
3729
3888
3992
4018
16
144
261
312
415
544
630
755
858
970
1067
1226
1260
1414
1504
1630
1746
1825
1885
2039
2115
2169
2288
2374
2495
2592
2679
2799
2984
3053
3174
3230
3398
3415
3600
3610
3730
3889
3993
4019
17
145
262
313
416
545
631
756
859
971
1068
1227
1261
1415
1505
1631
1747
1826
1886
2040
2116
2170
2289
2375
2496
2593
2680
2800
2985
3054
3175
3231
3399
3416
3601
3611
3731
3890
3994
4020
18
146
263
314
417
546
632
757
860
972
1069
1228
1262
1416
1506
1632
1748
1827
1887
2041
2117
2171
2290
2376
2497
2594
2681
2801
2986
3055
3176
3232
3297
3417
3602
3612
3732
3891
3995
4021
19
147
264
315
418
547
633
758
861
973
1070
1229
1263
1417
1507
1633
1749
1828
1888
2042
2118
2172
2291
2377
2498
2595
2682
2802
2987
3056
3177
3233
3298
3418
3603
3613
3733
3892
3996
4022
20
148
265
316
419
548
634
759
862
974
1071
1230
1264
1418
1508
1634
1750
1829
1889
2043
2119
2173
2292
2378
2499
2596
2683
2803
2885
3057
3178
3234
3299
3419
3604
3614
3734
3893
3997
4023
21
149
266
317
420
549
635
760
863
975
1072
1231
1265
1419
1509
1635
1751
1830
1890
2044
2120
2174
2293
2379
2500
2597
2684
2804
2886
3058
3179
3235
3300
3420
3605
3615
3735
3894
3998
4024
22
150
267
318
421
550
636
761
864
976
1073
1232
1266
1420
1510
1636
1649
1831
1891
2045
2121
2175
2294
2380
2501
2598
2685
2805
2887
3059
3180
3236
3301
3421
3503
3616
3736
3895
3999
4025
23
151
268
319
422
551
637
762
865
977
1074
1233
1267
1421
1511
1637
1650
1832
1892
2046
2122
2176
2295
2381
2502
2599
2686
2806
2888
3060
3181
3237
3302
3422
3504
3617
3737
3896
4000
4026
24
152
269
320
423
552
638
763
866
978
1075
1234
1268
1422
1512
1638
1651
1833
1893
2047
2123
2177
2296
2382
2503
2600
2687
2807
2889
3061
3182
3238
3303
3423
3505
3618
3738
3897
4001
4027
25
153
270
321
424
553
639
764
867
979
1076
1235
1269
1423
1513
1639
1652
1834
1894
2048
2124
2178
2297
2383
2504
2601
2688
2808
2890
3062
3183
3239
3304
3424
3506
3619
3739
3898
4002
4028
26
154
271
322
425
554
640
765
868
980
1077
1236
1270
1424
1514
1640
1653
1835
1895
2049
2125
2179
2298
2384
2505
2602
2689
2809
2891
3063
3184
3240
3305
3425
3507
3620
3740
3899
4003
4029
27
155
272
323
426
555
641
766
869
981
1078
1134
1271
1425
1515
1641
1654
1836
1896
2050
2126
2180
2299
2385
2506
2603
2690
2810
2892
3064
3185
3241
3306
3426
3508
3621
3741
3900
4004
4030
28
156
273
324
427
556
642
767
870
982
1079
1135
1272
1426
1516
1642
1655
1837
1897
2051
2127
2181
2300
2386
2507
2604
2691
2811
2893
3065
3186
3242
3307
3427
3509
3622
3742
3901
4005
4031
29
157
274
325
428
557
643
768
871
983
1080
1136
1273
1427
1517
1643
1656
1838
1898
2052
2128
2182
2301
2387
2508
2605
2692
2812
2894
3066
3187
3243
3308
3428
3510
3623
3743
3902
4006
4032
30
158
275
326
429
558
644
769
872
984
1081
1137
1274
1428
1518
1644
1657
1839
1899
2053
2129
2183
2302
2388
2509
2606
2693
2813
2895
3067
3188
3244
3309
3429
3511
3624
3744
3903
4007
4033
31
159
276
327
430
559
645
770
873
985
1082
1138
1275
1429
1519
1645
1658
1840
1900
2054
2130
2184
2303
2389
2510
2607
2694
2814
2896
3068
3189
3245
3310
3430
3512
3625
3745
3904
4008
4034
32
160
277
328
431
560
646
771
874
986
1083
1139
1276
1430
1520
1646
1659
1841
1901
2055
2131
2185
2304
2390
2511
2608
2695
2815
2897
3069
3190
3246
3311
3431
3513
3626
3746
3905
4009
4035
33
161
278
329
432
561
647
772
875
987
1084
1140
1277
1431
1521
1647
1660
1842
1902
2056
2132
2186
2305
2391
2512
2609
2696
2816
2898
3070
3191
3247
3312
3432
3514
3627
3747
3906
4010
4036
34
162
279
330
433
562
648
773
876
988
1085
1141
1278
1432
1522
1648
1661
1843
1903
2057
2133
2187
2306
2392
2513
2610
2697
2817
2899
3071
3192
3248
3313
3433
3515
3628
3748
3907
4011
4037
35
163
280
331
434
563
649
774
877
989
1086
1142
1279
1433
1523
1546
1662
1844
1904
2058
2134
2188
2307
2393
2514
2611
2698
2818
2900
3072
3193
3249
3314
3434
3516
3629
3749
3908
4012
4038
36
164
281
332
435
564
650
775
878
990
1087
1143
1280
1434
1524
1547
1663
1845
1905
2059
2135
2189
2308
2394
2515
2612
2699
2819
2901
3073
3091
3250
3315
3435
3517
3630
3750
3909
4013
4039
37
165
282
333
436
565
651
776
879
991
1088
1144
1281
1435
1525
1548
1664
1846
1906
2060
2136
2190
2309
2395
2516
2613
2700
2820
2902
3074
3092
3251
3316
3436
3518
3631
3751
3910
4014
4040
38
166
283
334
437
566
652
777
880
992
1089
1145
1282
1436
1526
1549
1665
1847
1907
1958
2137
2191
2310
2396
2517
2614
2701
2821
2903
3075
3093
3252
3317
3437
3519
3632
3752
3911
4015
4041
39
167
284
335
438
567
653
778
881
993
1090
1146
1283
1437
1527
1550
1666
1848
1908
1959
2138
2192
2311
2397
2518
2615
2702
2822
2904
3076
3094
3253
3318
3438
3520
3633
3753
3912
4016
4042
40
168
285
336
439
568
654
779
882
994
1091
1147
1284
1438
1528
1551
1667
1849
1909
1960
2139
2193
2312
2398
2519
2616
2703
2823
2905
3077
3095
3254
3319
3439
3521
3634
3754
3913
4017
4043
41
169
286
337
440
569
655
780
883
995
1092
1148
1285
1439
1529
1552
1668
1850
1910
1961
2140
2194
2313
2399
2520
2617
2704
2824
2906
3078
3096
3255
3320
3440
3522
3635
3755
3914
3915
4044
42
170
287
338
441
570
656
781
884
996
1093
1149
1286
1440
1530
1553
1669
1851
1911
1962
2141
2195
2314
2400
2521
2618
2705
2825
2907
3079
3097
3256
3321
3441
3523
3636
3756
3812
3916
4045
43
171
288
339
442
571
657
782
885
997
1094
1150
1287
1441
1531
1554
1670
1852
1912
1963
2142
2196
2315
2401
2522
2619
2706
2826
2908
3080
3098
3257
3322
3442
3524
3637
3757
3813
3917
4046
44
172
289
340
443
572
658
783
886
998
1095
1151
1288
1442
1532
1555
1671
1853
1913
1964
2143
2197
2316
2402
2523
2620
2707
2827
2909
3081
3099
3258
3323
3443
3525
3638
3758
3814
3918
4047
45
173
290
341
444
573
659
784
887
999
1096
1152
1289
1340
1533
1556
1672
1854
1914
1965
2144
2198
2317
2403
2524
2621
2708
2828
2910
3082
3100
3259
3324
3444
3526
3639
3759
3815
3919
4048
46
174
291
342
445
574
660
785
888
1000
1097
1153
1290
1341
1534
1557
1673
1752
1915
1966
2145
2199
2318
2404
2525
2622
2709
2829
2911
3083
3101
3260
3325
3445
3527
3640
3760
3816
3920
4049
47
175
292
343
446
575
661
786
889
1001
1098
1154
1291
1342
1535
1558
1674
1753
1916
1967
2146
2200
2319
2405
2526
2623
2710
2830
2912
3084
3102
3261
3326
3446
3528
3641
3761
3817
3921
4050
48
176
293
344
447
576
662
787
890
1002
1099
1155
1292
1343
1536
1559
1675
1754
1917
1968
2147
2201
2320
2406
2527
2624
2711
2831
2913
3085
3103
3262
3327
3447
3529
3642
3762
3818
3922
4051
49
177
294
345
448
577
663
788
891
1003
1100
1156
1293
1344
1537
1560
1676
1755
1918
1969
2148
2202
2321
2407
2528
2625
2712
2832
2914
3086
3104
3263
3328
3448
3530
3643
3763
3819
3923
4052
50
178
295
346
449
578
664
789
892
1004
1101
1157
1294
1345
1538
1561
1677
1756
1919
1970
2149
2203
2322
2408
2529
2626
2713
2833
2915
3087
3105
3264
3329
3449
3531
3644
3764
3820
3924
4053
51
179
296
347
450
579
665
790
893
1005
1102
1158
1295
1346
1539
1562
1678
1757
1920
1971
2150
2204
2323
2409
2530
2627
2714
2834
2916
3088
3106
3265
3330
3450
3532
3645
3765
3821
3925
4054
52
180
297
348
451
580
666
791
894
1006
1103
1159
1296
1347
1540
1563
1679
1758
1921
1972
2151
2205
2324
2410
2531
2628
2715
2835
2917
3089
3107
3266
3331
3451
3533
3646
3766
3822
3926
4055
53
181
298
349
452
581
667
792
895
1007
1104
1160
1297
1348
1541
1564
1680
1759
1922
1973
2152
2206
2325
2411
2532
2629
2716
2836
2918
3090
3108
3267
3332
3452
3534
3647
3767
3823
3927
4056
54
182
299
350
453
582
668
793
896
1008
1105
1161
1298
1349
1542
1565
1681
1760
1923
1974
2153
2207
2326
2412
2533
2630
2717
2837
2919
2988
3109
3268
3333
3453
3535
3648
3768
3824
3928
4057
55
183
300
351
454
583
669
794
897
1009
1106
1162
1299
1350
1543
1566
1682
1761
1924
1975
2154
2208
2327
2413
2534
2631
2718
2838
2920
2989
3110
3269
3334
3454
3536
3649
3769
3825
3929
4058
56
184
301
352
455
584
670
795
898
1010
1107
1163
1300
1351
1544
1567
1683
1762
1925
1976
2155
2209
2328
2414
2535
2632
2719
2839
2921
2990
3111
3270
3335
3455
3537
3650
3770
3826
3930
4059
57
185
302
353
456
585
671
796
899
1011
1108
1164
1301
1352
1545
1568
1684
1763
1926
1977
2156
2210
2329
2415
2536
2633
2720
2840
2922
2991
3112
3271
3336
3456
3538
3651
3771
3827
3931
4060
58
186
303
354
457
586
672
797
900
1012
1109
1165
1302
1353
1443
1569
1685
1764
1927
1978
2157
2211
2330
2416
2537
2634
2721
2841
2923
2992
3113
3272
3337
3457
3539
3652
3772
3828
3932
4061
59
187
304
355
458
587
673
798
901
1013
1110
1166
1303
1354
1444
1570
1686
1765
1928
1979
2158
2212
2331
2417
2538
2635
2722
2842
2924
2993
3114
3273
3338
3458
3540
3653
3773
3829
3933
4062
60
188
305
356
459
588
674
799
902
1014
1111
1167
1304
1355
1445
1571
1687
1766
1929
1980
2159
2213
2332
2418
2539
2636
2723
2843
2925
2994
3115
3274
3339
3459
3541
3654
3774
3830
3934
4063
61
189
306
357
460
589
675
800
903
1015
1112
1168
1305
1356
1446
1572
1688
1767
1930
1981
2160
2214
2333
2419
2540
2637
2724
2844
2926
2995
3116
3275
3340
3460
3542
3655
3775
3831
3935
4064
62
190
307
358
461
590
676
801
904
1016
1113
1169
1306
1357
1447
1573
1689
1768
1931
1982
2161
2215
2334
2420
2541
2638
2725
2845
2927
2996
3117
3276
3341
3461
3543
3656
3776
3832
3936
4065
63
191
308
359
462
591
677
802
905
1017
1114
1170
1307
1358
1448
1574
1690
1769
1932
1983
2162
2216
2335
2421
2542
2639
2726
2846
2928
2997
3118
3277
3342
3462
3544
3657
3777
3833
3937
4066
64
192
309
360
463
592
678
803
906
1018
1115
1171
1308
1359
1449
1575
1691
1770
1933
1984
2163
2217
2336
2422
2543
2640
2727
2847
2929
2998
3119
3278
3343
3463
3545
3658
3778
3834
3938
4067
65
193
207
361
464
593
679
804
907
1019
1116
1172
1309
1360
1450
1576
1692
1771
1934
1985
2061
2218
2337
2423
2544
2641
2728
2848
2930
2999
3120
3279
3344
3464
3546
3659
3779
3835
3939
4068
66
194
208
362
465
594
680
805
908
1020
1117
1173
1310
1361
1451
1577
1693
1772
1935
1986
2062
2219
2338
2424
2545
2642
2729
2849
2931
3000
3121
3280
3345
3465
3547
3660
3780
3836
3940
4069
67
195
209
363
466
595
681
806
909
1021
1118
1174
1311
1362
1452
1578
1694
1773
1936
1987
2063
2220
2339
2425
2546
2643
2730
2850
2932
3001
3122
3281
3346
3466
3548
3661
3781
3837
3941
4070
68
196
210
364
467
596
682
807
910
1022
1119
1175
1312
1363
1453
1579
1695
1774
1937
1988
2064
2221
2340
2426
2547
2644
2731
2851
2933
3002
3123
3282
3347
3467
3549
3662
3782
3838
3942
4071
69
197
211
365
468
597
683
808
911
1023
1120
1176
1313
1364
1454
1580
1696
1775
1938
1989
2065
2222
2341
2427
2548
2645
2732
2852
2934
3003
3124
3283
3348
3468
3550
3663
3783
3839
3943
4072
70
198
212
366
469
598
684
809
912
1024
1121
1177
1314
1365
1455
1581
1697
1776
1939
1990
2066
2223
2342
2428
2549
2646
2733
2853
2935
3004
3125
3284
3349
3469
3551
3664
3784
3840
3944
4073
71
199
213
367
470
599
685
810
913
1025
1122
1178
1315
1366
1456
1582
1698
1777
1940
1991
2067
2224
2343
2429
2550
2647
2734
2854
2936
3005
3126
3285
3350
3470
3552
3665
3785
3841
3945
4074
72
200
214
368
471
600
686
811
914
1026
1123
1179
1316
1367
1457
1583
1699
1778
1941
1992
2068
2225
2344
2430
2551
2648
2735
2855
2937
3006
3127
3286
3351
3471
3553
3666
3786
3842
3946
4075
73
201
215
369
472
601
687
812
915
1027
1124
1180
1317
1368
1458
1584
1700
1779
1942
1993
2069
2226
2345
2431
2552
2649
2736
2856
2938
3007
3128
3287
3352
3472
3554
3667
3787
3843
3947
4076
74
202
216
370
473
602
688
813
916
1028
1125
1181
1318
1369
1459
1585
1701
1780
1943
1994
2070
2227
2346
2432
2553
2650
2737
2857
2939
3008
3129
3288
3353
3473
3555
3668
3788
3844
3948
4077
75
203
217
371
474
603
689
814
917
1029
1126
1182
1319
1370
1460
1586
1702
1781
1944
1995
2071
2228
2347
2433
2554
2651
2738
2858
2940
3009
3130
3289
3354
3474
3556
3669
3789
3845
3949
4078
76
204
218
372
475
604
690
815
918
1030
1127
1183
1320
1371
1461
1587
1703
1782
1945
1996
2072
2229
2348
2434
2555
2652
2739
2859
2941
3010
3131
3290
3355
3475
3557
3670
3790
3846
3950
4079
77
205
219
373
476
605
691
816
919
928
1128
1184
1321
1372
1462
1588
1704
1783
1946
1997
2073
2230
2349
2435
2556
2653
2740
2860
2942
3011
3132
3291
3356
3476
3558
3671
3791
3847
3951
4080
78
206
220
374
477
606
692
817
920
929
1129
1185
1322
1373
1463
1589
1705
1784
1947
1998
2074
2231
2350
2436
2557
2654
2741
2861
2943
3012
3133
3292
3357
3477
3559
3672
3792
3848
3952
4081
79
104
221
375
478
607
693
818
921
930
1130
1186
1323
1374
1464
1590
1706
1785
1948
1999
2075
2232
2351
2437
2558
2655
2742
2862
2944
3013
3134
3293
3358
3478
3560
3673
3793
3849
3953
4082
80
105
222
376
479
608
694
819
922
931
1131
1187
1324
1375
1465
1591
1707
1786
1949
2000
2076
2233
2352
2438
2559
2656
2743
2863
2945
3014
3135
3294
3359
3479
3561
3674
3794
3850
3954
4083
81
106
223
377
480
609
695
820
923
932
1132
1188
1325
1376
1466
1592
1708
1787
1950
2001
2077
2234
2353
2439
2560
2657
2744
2864
2946
3015
3136
3295
3360
3480
3562
3675
3795
3851
3955
4084
82
107
224
378
481
610
696
821
924
933
1133
1189
1326
1377
1467
1593
1709
1788
1951
2002
2078
2235
2354
2440
2561
2658
2745
2865
2947
3016
3137
3296
3361
3481
3563
3676
3796
3852
3956
4085
83
108
225
379
482
611
697
822
925
934
1031
1190
1327
1378
1468
1594
1710
1789
1952
2003
2079
2236
2355
2441
2562
2659
2746
2866
2948
3017
3138
3194
3362
3482
3564
3677
3797
3853
3957
4086
84
109
226
380
483
612
698
823
926
935
1032
1191
1328
1379
1469
1595
1711
1790
1953
2004
2080
2237
2356
2442
2563
2660
2747
2867
2949
3018
3139
3195
3363
3483
3565
3678
3798
3854
3958
4087
85
110
227
381
484
613
699
824
927
936
1033
1192
1329
1380
1470
1596
1712
1791
1954
2005
2081
2238
2357
2443
2564
2661
2748
2868
2950
3019
3140
3196
3364
3484
3566
3679
3799
3855
3959
4088
86
111
228
382
485
614
700
722
825
937
1034
1193
1330
1381
1471
1597
1713
1792
1955
2006
2082
2239
2358
2444
2565
2662
2749
2869
2951
3020
3141
3197
3365
3485
3567
3680
3800
3856
3960
4089
87
112
229
383
486
615
701
723
826
938
1035
1194
1331
1382
1472
1598
1714
1793
1956
2007
2083
2240
2359
2445
2566
2663
2750
2870
2952
3021
3142
3198
3366
3486
3568
3681
3801
3857
3961
4090
85
189
297
385
470
527
681
776
862
948
1042
1218
1268
1383
1539
1633
1743
1776
1949
1989
2104
2203
2267
2441
2515
2621
2759
2817
2925
3053
3128
3280
3344
3474
3525
3671
3776
3883
3920
4106
86
190
298
386
471
528
682
777
863
949
1043
1219
1269
1384
1540
1634
1744
1777
1950
1990
2105
2204
2268
2442
2516
2622
2760
2818
2926
3054
3129
3281
3345
3475
3526
3672
3777
3884
3921
4107
87
191
299
387
472
529
683
778
864
950
1044
1220
1270
1385
1541
1635
1745
1778
1951
1991
2106
2205
2269
2443
2517
2623
2761
2819
2927
3055
3130
3282
3346
3476
3527
3673
3778
3885
3922
4108
88
192
300
388
473
530
684
779
865
951
1045
1221
1271
1386
1542
1636
1746
1779
1952
1992
2107
2206
2270
2444
2518
2624
2762
2820
2928
3056
3131
3283
3347
3477
3528
3674
3779
3886
3923
4109
89
193
301
389
474
531
685
780
866
952
1046
1222
1272
1387
1543
1637
1747
1780
1953
1993
2108
2207
2271
2445
2519
2625
2763
2821
2929
3057
3132
3284
3348
3478
3529
3675
3780
3887
3924
4110
90
194
302
390
475
532
686
781
867
953
1047
1223
1273
1388
1544
1638
1748
1781
1954
1994
2109
2208
2272
2446
2520
2626
2764
2822
2930
3058
3133
3285
3349
3479
3530
3676
3781
3888
3925
4111
91
195
303
391
476
533
687
782
868
954
1048
1224
1274
1389
1545
1639
1749
1782
1955
1995
2110
2209
2273
2447
2521
2627
2765
2823
2931
3059
3134
3286
3350
3480
3531
3677
3782
3889
3926
4112
92
196
304
392
477
534
688
783
869
955
1049
1225
1275
1390
1443
1640
1750
1783
1956
1996
2111
2210
2274
2448
2522
2628
2766
2824
2932
3060
3135
3287
3351
3481
3532
3678
3783
3890
3927
4113
93
197
305
393
478
535
689
784
870
956
1050
1226
1276
1391
1444
1641
1751
1784
1957
1997
2112
2211
2275
2449
2523
2629
2767
2825
2933
3061
3136
3288
3352
3482
3533
3679
3784
3891
3928
4114
94
198
306
394
479
536
690
785
871
957
1051
1227
1277
1392
1445
1642
1649
1785
1855
1998
2113
2212
2276
2450
2524
2630
2768
2826
2934
3062
3137
3289
3353
3483
3534
3680
3785
3892
3929
4115
95
199
307
395
480
537
691
786
872
958
1052
1228
1278
1393
1446
1643
1650
1786
1856
1999
2114
2213
2277
2451
2525
2631
2769
2827
2935
3063
3138
3290
3354
3484
3535
3681
3786
3893
3930
4116
96
200
308
396
481
538
692
787
873
959
1053
1229
1279
1394
1447
1644
1651
1787
1857
2000
2115
2214
2278
2452
2526
2632
2770
2828
2936
3064
3139
3291
3355
3485
3536
3682
3787
3894
3931
4117
97
201
309
397
482
539
693
788
874
960
1054
1230
1280
1395
1448
1645
1652
1788
1858
2001
2116
2215
2279
2453
2527
2633
2771
2829
2937
3065
3140
3292
3356
3486
3537
3683
3788
3895
3932
4118
98
202
207
398
483
540
694
789
875
961
1055
1231
1281
1396
1449
1646
1653
1789
1859
2002
2117
2216
2280
2454
2528
2634
2772
2830
2938
3066
3141
3293
3357
3487
3538
3684
3789
3896
3933
4119
99
203
208
399
484
541
695
790
876
962
1056
1232
1282
1397
1450
1647
1654
1790
1860
2003
2118
2217
2281
2455
2529
2635
2773
2831
2939
3067
3142
3294
3358
3488
3539
3685
3790
3897
3934
4120
100
204
209
400
485
542
696
791
877
963
1057
1233
1283
1398
1451
1648
1655
1791
1861
2004
2119
2218
2282
2456
2530
2636
2774
2832
2940
3068
3143
3295
3359
3489
3540
3686
3791
3898
3935
4018
101
205
210
401
486
543
697
792
878
964
1058
1234
1284
1399
1452
1546
1656
1792
1862
2005
2120
2219
2283
2457
2531
2637
2775
2833
2941
3069
3144
3296
3360
3490
3541
3687
3792
3899
3936
4019
102
206
211
402
487
544
698
793
879
965
1059
1235
1285
1400
1453
1547
1657
1793
1863
2006
2121
2220
2284
2458
2532
2638
2776
2834
2942
3070
3145
3194
3361
3491
3542
3688
3793
3900
3937
4020
103
104
212
403
488
545
699
794
880
966
1060
1236
1286
1401
1454
1548
1658
1794
1864
2007
2122
2221
2285
2459
2533
2639
2777
2835
2943
3071
3146
3195
3362
3492
3543
3689
3794
3901
3938
4021
1
105
213
404
489
546
700
795
881
967
1061
1134
1287
1402
1455
1549
1659
1795
1865
2008
2123
2222
2286
2460
2534
2640
2778
2836
2944
3072
3147
3196
3363
3493
3544
3690
3795
3902
3939
4022
2
106
214
405
490
547
701
796
882
968
1062
1135
1288
1403
1456
1550
1660
1796
1866
2009
2124
2223
2287
2461
2535
2641
2779
2837
2945
3073
3148
3197
3364
3494
3545
3691
3796
3903
3940
4023
3
107
215
406
491
548
702
797
883
969
1063
1136
1289
1404
1457
1551
1661
1797
1867
2010
2125
2224
2288
2462
2536
2642
2780
2838
2946
3074
3149
3198
3365
3495
3546
3692
3797
3904
3941
4024
4
108
216
407
492
549
703
798
884
970
1064
1137
1290
1405
1458
1552
1662
1798
1868
2011
2126
2225
2289
2463
2537
2643
2781
2839
2947
3075
3150
3199
3366
3496
3547
3693
3798
3905
3942
4025
5
109
217
408
493
550
704
799
885
971
1065
1138
1291
1406
1459
1553
1663
1799
1869
2012
2127
2226
2290
2464
2538
2644
2679
2840
2948
3076
3151
3200
3367
3497
3548
3694
3799
3906
3943
4026
6
110
218
409
494
551
705
800
886
972
1066
1139
1292
1407
1460
1554
1664
1800
1870
2013
2128
2227
2291
2465
2539
2645
2680
2841
2949
3077
3152
3201
3368
3498
3549
3695
3800
3907
3944
4027
7
111
219
410
495
552
706
801
887
973
1067
1140
1293
1408
1461
1555
1665
1801
1871
2014
2129
2228
2292
2466
2540
2646
2681
2842
2950
3078
3153
3202
3369
3499
3550
3696
3801
3908
3945
4028
8
112
220
411
496
553
707
802
888
974
1068
1141
1294
1409
1462
1556
1666
1802
1872
2015
2130
2229
2293
2467
2541
2647
2682
2843
2951
3079
3154
3203
3370
3500
3551
3697
3802
3909
3946
4029
9
113
221
412
497
554
708
803
889
975
1069
1142
1295
1410
1463
1557
1667
1803
1873
2016
2131
2230
2294
2468
2542
2648
2683
2844
2952
3080
3155
3204
3371
3501
3552
3698
3803
3910
3947
4030
10
114
222
310
498
555
709
804
890
976
1070
1143
1296
1411
1464
1558
1668
1804
1874
2017
2132
2231
2295
2469
2543
2649
2684
2845
2953
3081
3156
3205
3372
3502
3553
3699
3804
3911
3948
4031
11
115
223
311
499
556
710
805
891
977
1071
1144
1297
1412
1465
1559
1669
1805
1875
2018
2133
2232
2296
2470
2544
2650
2685
2846
2954
3082
3157
3206
3373
3400
3554
3700
3805
3912
3949
4032
12
116
224
312
500
557
711
806
892
978
1072
1145
1298
1413
1466
1560
1670
1806
1876
2019
2134
2233
2297
2471
2545
2651
2686
2847
2955
3083
3158
3207
3374
3401
3555
3701
3806
3913
3950
4033
13
117
225
313
501
558
712
807
893
979
1073
1146
1299
1414
1467
1561
1671
1807
1877
2020
2135
2234
2298
2472
2546
2652
2687
2848
2956
3084
3159
3208
3375
3402
3556
3702
3807
3914
3951
4034
14
118
226
314
502
559
713
808
894
980
1074
1147
1300
1415
1468
1562
1672
1808
1878
2021
2136
2235
2299
2370
2547
2653
2688
2849
2957
3085
3160
3209
3376
3403
3557
3703
3808
3812
3952
4035
15
119
227
315
503
560
714
809
895
981
1075
1148
1301
1416
1469
1563
1673
1809
1879
2022
2137
2236
2300
2371
2548
2654
2689
2850
2958
3086
3161
3210
3377
3404
3558
3704
3809
3813
3953
4036
16
120
228
316
504
561
715
810
896
982
1076
1149
1302
1417
1470
1564
1674
1810
1880
2023
2138
2237
2301
2372
2549
2655
2690
2851
2959
3087
3162
3211
3378
3405
3559
3705
3810
3814
3954
4037
17
121
229
317
505
562
716
811
897
983
1077
1150
1303
1418
1471
1565
1675
1811
1881
2024
2139
2238
2302
2373
2550
2656
2691
2852
2960
3088
3163
3212
3379
3406
3560
3706
3811
3815
3955
4038
18
122
230
318
506
563
717
812
898
984
1078
1151
1304
1419
1472
1566
1676
1812
1882
2025
2140
2239
2303
2374
2551
2657
2692
2853
2961
3089
3164
3213
3380
3407
3561
3707
3709
3816
3956
4039
19
123
231
319
507
564
718
813
899
985
1079
1152
1305
1420
1473
1567
1677
1813
1883
2026
2141
2240
2304
2375
2552
2658
2693
2854
2962
3090
3165
3214
3381
3408
3562
3708
3710
3817
3957
4040
20
124
232
320
508
565
719
814
900
986
1080
1153
1306
1421
1474
1568
1678
1814
1884
2027
2142
2241
2305
2376
2553
2659
2694
2855
2963
2988
3166
3215
3382
3409
3563
3606
3711
3818
3958
4041
21
125
233
321
509
566
720
815
901
987
1081
1154
1307
1422
1475
1569
1679
1815
1885
2028
2143
2242
2306
2377
2554
2660
2695
2856
2964
2989
3167
3216
3383
3410
3564
3607
3712
3819
3959
4042
22
126
234
322
510
567
721
816
902
988
1082
1155
1308
1423
1476
1570
1680
1816
1886
2029
2144
2243
2307
2378
2555
2661
2696
2857
2965
2990
3168
3217
3384
3411
3565
3608
3713
3820
3960
4043
23
127
235
323
511
568
619
817
903
989
1083
1156
1309
1424
1477
1571
1681
1817
1887
2030
2145
2244
2308
2379
2556
2662
2697
2858
2966
2991
3169
3218
3385
3412
3566
3609
3714
3821
3961
4044
24
128
236
324
512
569
620
818
904
990
1084
1157
1310
1425
1478
1572
1682
1818
1888
2031
2146
2245
2309
2380
2557
2663
2698
2859
2967
2992
3170
3219
3386
3413
3567
3610
3715
3822
3962
4045
25
129
237
325
513
570
621
819
905
991
1085
1158
1311
1426
1479
1573
1683
1819
1889
2032
2147
2246
2310
2381
2558
2664
2699
2860
2968
2993
3171
3220
3387
3414
3568
3611
3716
3823
3963
4046
26
130
238
326
514
571
622
820
906
992
1086
1159
1312
1427
1480
1574
1684
1820
1890
2033
2148
2247
2311
2382
2559
2665
2700
2861
2969
2994
3172
3221
3388
3415
3569
3612
3717
3824
3964
4047
27
131
239
327
515
572
623
821
907
993
1087
1160
1313
1428
1481
1575
1685
1821
1891
2034
2149
2248
2312
2383
2560
2666
2701
2862
2970
2995
3173
3222
3389
3416
3570
3613
3718
3825
3965
4048
28
132
240
328
413
573
624
822
908
994
1088
1161
1314
1429
1482
1576
1686
1822
1892
2035
2150
2249
2313
2384
2561
2667
2702
2863
2971
2996
3174
3223
3390
3417
3571
3614
3719
3826
3966
4049
29
133
241
329
414
574
625
823
909
995
1089
1162
1315
1430
1483
1577
1687
1823
1893
2036
2151
2250
2314
2385
2562
2668
2703
2864
2972
2997
3175
3224
3391
3418
3572
3615
3720
3827
3967
4050
30
134
242
330
415
575
626
824
910
996
1090
1163
1316
1431
1484
1578
1688
1824
1894
2037
2152
2251
2315
2386
2563
2669
2704
2865
2973
2998
3176
3225
3392
3419
3573
3616
3721
3828
3968
4051
31
135
243
331
416
576
627
722
911
997
1091
1164
1317
1432
1485
1579
1689
1825
1895
2038
2153
2252
2316
2387
2564
2670
2705
2866
2974
2999
3177
3226
3393
3420
3574
3617
3722
3829
3969
4052
32
136
244
332
417
577
628
723
912
998
1092
1165
1318
1433
1486
1580
1690
1826
1896
2039
2154
2253
2317
2388
2565
2671
2706
2867
2975
3000
3178
3227
3394
3421
3575
3618
3723
3830
3970
4053
33
137
245
333
418
578
629
724
913
999
1093
1166
1319
1434
1487
1581
1691
1827
1897
2040
2155
2254
2318
2389
2566
2672
2707
2868
2976
3001
3179
3228
3395
3422
3576
3619
3724
3831
3971
4054
34
138
246
334
419
579
630
725
914
1000
1094
1167
1320
1435
1488
1582
1692
1828
1898
2041
2156
2255
2319
2390
2567
2673
2708
2869
2977
3002
3180
3229
3396
3423
3577
3620
3725
3832
3972
4055
35
139
247
335
420
580
631
726
915
1001
1095
1168
1321
1436
1489
1583
1693
1829
1899
2042
2157
2256
2320
2391
2568
2674
2709
2870
2978
3003
3181
3230
3397
3424
3578
3621
3726
3833
3973
4056
36
140
248
336
421
581
632
727
916
1002
1096
1169
1322
1437
1490
1584
1694
1830
1900
2043
2158
2257
2321
2392
2569
2675
2710
2871
2979
3004
3182
3231
3398
3425
3579
3622
3727
3834
3974
4057
37
141
249
337
422
582
633
728
917
1003
1097
1170
1323
1438
1491
1585
1695
1831
1901
2044
2159
2258
2322
2393
2570
2676
2711
2872
2980
3005
3183
3232
3399
3426
3580
3623
3728
3835
3975
4058
38
142
250
338
423
583
634
729
918
1004
1098
1171
1324
1439
1492
1586
1696
1832
1902
2045
2160
2259
2323
2394
2571
2677
2712
2873
2981
3006
3184
3233
3297
3427
3581
3624
3729
3836
3976
4059
39
143
251
339
424
584
635
730
919
1005
1099
1172
1325
1440
1493
1587
1697
1833
1903
2046
2161
2260
2324
2395
2572
2678
2713
2874
2982
3007
3185
3234
3298
3428
3582
3625
3730
3837
3977
4060
40
144
252
340
425
585
636
731
920
1006
1100
1173
1326
1441
1494
1588
1698
1834
1904
2047
2162
2261
2325
2396
2573
2576
2714
2875
2983
3008
3186
3235
3299
3429
3583
3626
3731
3838
3978
4061
41
145
253
341
426
586
637
732
921
1007
1101
1174
1327
1442
1495
1589
1699
1835
1905
2048
2163
2262
2326
2397
2574
2577
2715
2876
2984
3009
3187
3236
3300
3430
3584
3627
3732
3839
3979
4062
42
146
254
342
427
587
638
733
922
1008
1102
1175
1328
1340
1496
1590
1700
1836
1906
2049
2061
2263
2327
2398
2575
2578
2716
2877
2985
3010
3188
3237
3301
3431
3585
3628
3733
3840
3980
4063
43
147
255
343
428
588
639
734
923
1009
1103
1176
1329
1341
1497
1591
1701
1837
1907
2050
2062
2264
2328
2399
2473
2579
2717
2878
2986
3011
3189
3238
3302
3432
3586
3629
3734
3841
3981
4064
44
148
256
344
429
589
640
735
924
1010
1104
1177
1330
1342
1498
1592
1702
1838
1908
2051
2063
2265
2329
2400
2474
2580
2718
2879
2987
3012
3190
3239
3303
3433
3587
3630
3735
3842
3982
4065
45
149
257
345
430
590
641
736
925
1011
1105
1178
1331
1343
1499
1593
1703
1839
1909
2052
2064
2266
2330
2401
2475
2581
2719
2880
2885
3013
3191
3240
3304
3434
3588
3631
3736
3843
3983
4066
46
150
258
346
431
591
642
737
926
1012
1106
1179
1332
1344
1500
1594
1704
1840
1910
2053
2065
2164
2331
2402
2476
2582
2720
2881
2886
3014
3192
3241
3305
3435
3589
3632
3737
3844
3984
4067
47
151
259
347
432
592
643
738
927
1013
1107
1180
1333
1345
1501
1595
1705
1841
1911
2054
2066
2165
2332
2403
2477
2583
2721
2882
2887
3015
3193
3242
3306
3436
3590
3633
3738
3845
3985
4068
48
152
260
348
433
593
644
739
825
1014
1108
1181
1334
1346
1502
1596
1706
1842
1912
2055
2067
2166
2333
2404
2478
2584
2722
2883
2888
3016
3091
3243
3307
3437
3591
3634
3739
3846
3986
4069
49
153
261
349
434
594
645
740
826
1015
1109
1182
1335
1347
1503
1597
1707
1843
1913
2056
2068
2167
2334
2405
2479
2585
2723
2884
2889
3017
3092
3244
3308
3438
3592
3635
3740
3847
3987
4070
50
154
262
350
435
595
646
741
827
1016
1110
1183
1336
1348
1504
1598
1708
1844
1914
2057
2069
2168
2335
2406
2480
2586
2724
2782
2890
3018
3093
3245
3309
3439
3593
3636
3741
3848
3988
4071
51
155
263
351
436
596
647
742
828
1017
1111
1184
1337
1349
1505
1599
1709
1845
1915
2058
2070
2169
2336
2407
2481
2587
2725
2783
2891
3019
3094
3246
3310
3440
3594
3637
3742
3849
3989
4072
52
156
264
352
437
597
648
743
829
1018
1112
1185
1338
1350
1506
1600
1710
1846
1916
2059
2071
2170
2337
2408
2482
2588
2726
2784
2892
3020
3095
3247
3311
3441
3595
3638
3743
3850
3990
4073
53
157
265
353
438
598
649
744
830
1019
1113
1186
1339
1351
1507
1601
1711
1847
1917
2060
2072
2171
2338
2409
2483
2589
2727
2785
2893
3021
3096
3248
3312
3442
3596
3639
3744
3851
3991
4074
54
158
266
354
439
599
650
745
831
1020
1114
1187
1237
1352
1508
1602
1712
1848
1918
1958
2073
2172
2339
2410
2484
2590
2728
2786
2894
3022
3097
3249
3313
3443
3597
3640
3745
3852
3992
4075
55
159
267
355
440
600
651
746
832
1021
1115
1188
1238
1353
1509
1603
1713
1849
1919
1959
2074
2173
2340
2411
2485
2591
2729
2787
2895
3023
3098
3250
3314
3444
3598
3641
3746
3853
3993
4076
56
160
268
356
441
601
652
747
833
1022
1116
1189
1239
1354
1510
1604
1714
1850
1920
1960
2075
2174
2341
2412
2486
2592
2730
2788
2896
3024
3099
3251
3315
3445
3599
3642
3747
3854
3994
4077
57
161
269
357
442
602
653
748
834
1023
1117
1190
1240
1355
1511
1605
1715
1851
1921
1961
2076
2175
2342
2413
2487
2593
2731
2789
2897
3025
3100
3252
3316
3446
3600
3643
3748
3855
3995
4078
58
162
270
358
443
603
654
749
835
1024
1118
1191
1241
1356
1512
1606
1716
1852
1922
1962
2077
2176
2343
2414
2488
2594
2732
2790
2898
3026
3101
3253
3317
3447
3601
3644
3749
3856
3996
4079
59
163
271
359
444
604
655
750
836
1025
1119
1192
1242
1357
1513
1607
1717
1853
1923
1963
2078
2177
2344
2415
2489
2595
2733
2791
2899
3027
3102
3254
3318
3448
3602
3645
3750
3857
3997
4080
60
164
272
360
445
605
656
751
837
1026
1120
1193
1243
1358
1514
1608
1718
1854
1924
1964
2079
2178
2345
2416
2490
2596
2734
2792
2900
3028
3103
3255
3319
3449
3603
3646
3751
3858
3998
4081
61
165
273
361
446
606
657
752
838
1027
1121
1194
1244
1359
1515
1609
1719
1752
1925
1965
2080
2179
2346
2417
2491
2597
2735
2793
2901
3029
3104
3256
3320
3450
3604
3647
3752
3859
3999
4082
62
166
274
362
447
607
658
753
839
1028
1122
1195
1245
1360
1516
1610
1720
1753
1926
1966
2081
2180
2347
2418
2492
2598
2736
2794
2902
3030
3105
3257
3321
3451
3605
3648
3753
3860
4000
4083
63
167
275
363
448
608
659
754
840
1029
1123
1196
1246
1361
1517
1611
1721
1754
1927
1967
2082
2181
2348
2419
2493
2599
2737
2795
2903
3031
3106
3258
3322
3452
3503
3649
3754
3861
4001
4084
64
168
276
364
449
609
660
755
841
1030
1124
1197
1247
1362
1518
1612
1722
1755
1928
1968
2083
2182
2349
2420
2494
2600
2738
2796
2904
3032
3107
3259
3323
3453
3504
3650
3755
3862
4002
4085
65
169
277
365
450
610
661
756
842
928
1125
1198
1248
1363
1519
1613
1723
1756
1929
1969
2084
2183
2350
2421
2495
2601
2739
2797
2905
3033
3108
3260
3324
3454
3505
3651
3756
3863
4003
4086
66
170
278
366
451
611
662
757
843
929
1126
1199
1249
1364
1520
1614
1724
1757
1930
1970
2085
2184
2351
2422
2496
2602
2740
2798
2906
3034
3109
3261
3325
3455
3506
3652
3757
3864
4004
4087
67
171
279
367
452
612
663
758
844
930
1127
1200
1250
1365
1521
1615
1725
1758
1931
1971
2086
2185
2352
2423
2497
2603
2741
2799
2907
3035
3110
3262
3326
3456
3507
3653
3758
3865
4005
4088
68
172
280
368
453
613
664
759
845
931
1128
1201
1251
1366
1522
1616
1726
1759
1932
1972
2087
2186
2353
2424
2498
2604
2742
2800
2908
3036
3111
3263
3327
3457
3508
3654
3759
3866
4006
4089
69
173
281
369
454
614
665
760
846
932
1129
1202
1252
1367
1523
1617
1727
1760
1933
1973
2088
2187
2354
2425
2499
2605
2743
2801
2909
3037
3112
3264
3328
3458
3509
3655
3760
3867
4007
4090
70
174
282
370
455
615
666
761
847
933
1130
1203
1253
1368
1524
1618
1728
1761
1934
1974
2089
2188
2355
2426
2500
2606
2744
2802
2910
3038
3113
3265
3329
3459
3510
3656
3761
3868
4008
4091
71
175
283
371
456
616
667
762
848
934
1131
1204
1254
1369
1525
1619
1729
1762
1935
1975
2090
2189
2356
2427
2501
2607
2745
2803
2911
3039
3114
3266
3330
3460
3511
3657
3762
3869
4009
4092
72
176
284
372
457
617
668
763
849
935
1132
1205
1255
1370
1526
1620
1730
1763
1936
1976
2091
2190
2357
2428
2502
2608
2746
2804
2912
3040
3115
3267
3331
3461
3512
3658
3763
3870
4010
4093
73
177
285
373
458
618
669
764
850
936
1133
1206
1256
1371
1527
1621
1731
1764
1937
1977
2092
2191
2358
2429
2503
2609
2747
2805
2913
3041
3116
3268
3332
3462
3513
3659
3764
3871
4011
4094
74
178
286
374
459
516
670
765
851
937
1031
1207
1257
1372
1528
1622
1732
1765
1938
1978
2093
2192
2359
2430
2504
2610
2748
2806
2914
3042
3117
3269
3333
3463
3514
3660
3765
3872
4012
4095
75
179
287
375
460
517
671
766
852
938
1032
1208
1258
1373
1529
1623
1733
1766
1939
1979
2094
2193
2360
2431
2505
2611
2749
2807
2915
3043
3118
3270
3334
3464
3515
3661
3766
3873
4013
4096
76
180
288
376
461
518
672
767
853
939
1033
1209
1259
1374
1530
1624
1734
1767
1940
1980
2095
2194
2361
2432
2506
2612
2750
2808
2916
3044
3119
3271
3335
3465
3516
3662
3767
3874
4014
4097
77
181
289
377
462
519
673
768
854
940
1034
1210
1260
1375
1531
1625
1735
1768
1941
1981
2096
2195
2362
2433
2507
2613
2751
2809
2917
3045
3120
3272
3336
3466
3517
3663
3768
3875
4015
4098
78
182
290
378
463
520
674
769
855
941
1035
1211
1261
1376
1532
1626
1736
1769
1942
1982
2097
2196
2363
2434
2508
2614
2752
2810
2918
3046
3121
3273
3337
3467
3518
3664
3769
3876
4016
4099
79
183
291
379
464
521
675
770
856
942
1036
1212
1262
1377
1533
1627
1737
1770
1943
1983
2098
2197
2364
2435
2509
2615
2753
2811
2919
3047
3122
3274
3338
3468
3519
3665
3770
3877
4017
4100
80
184
292
380
465
522
676
771
857
943
1037
1213
1263
1378
1534
1628
1738
1771
1944
1984
2099
2198
2365
2436
2510
2616
2754
2812
2920
3048
3123
3275
3339
3469
3520
3666
3771
3878
3915
4101
81
185
293
381
466
523
677
772
858
944
1038
1214
1264
1379
1535
1629
1739
1772
1945
1985
2100
2199
2366
2437
2511
2617
2755
2813
2921
3049
3124
3276
3340
3470
3521
3667
3772
3879
3916
4102
82
186
294
382
467
524
678
773
859
945
1039
1215
1265
1380
1536
1630
1740
1773
1946
1986
2101
2200
2367
2438
2512
2618
2756
2814
2922
3050
3125
3277
3341
3471
3522
3668
3773
3880
3917
4103
83
187
295
383
468
525
679
774
860
946
1040
1216
1266
1381
1537
1631
1741
1774
1947
1987
2102
2201
2368
2439
2513
2619
2757
2815
2923
3051
3126
3278
3342
3472
3523
3669
3774
3881
3918
4104
1
41
81
121
161
201
241
281
321
361
401
441
481
521
561
601
641
681
721
761
801
841
881
921
961
1001
1041
1081
1121
1161
1201
1241
1281
1321
1361
1401
1441
1481
1521
1561
1601
1641
1681
1721
1761
1801
1841
1881
1921
1961
2001
2041
2081
2121
2161
2201
2241
2281
2321
2361
2401
2441
2481
2521
2561
2601
2641
2681
2721
2761
2801
2841
2881
2921
2961
3001
3041
3081
3121
3161
3201
3241
3281
3321
3361
3401
3441
3481
3521
3561
3601
3641
3681
3721
3761
3801
3841
3881
3921
3961
4001
4041
4081
4121
4161
4201
4241
4281
4321
4361
4401
4441
4481
4521
4561
4601
4641
4681
4721
4761
4801
4841
4881
4921
4961
5001
5041
5081
5121
5161
5201
5241
5281
5321
5361
5401
5441
5481
5521
5561
5601
5641
5681
5721
5761
5801
5841
5881
5921
5961
6001
6041
6081
6121
6161
6201
6241
6281
6321
6361
6401
6441
6481
6521
6561
6601
6641
6681
6721
6761
6801
6841
6881
6921
6961
7001
7041
7081
7121
7161
7201
7241
7281
7321
7361
7401
7441
7481
7521
7561
7601
7641
7681
7721
7761
7801
7841
7881
7921
7961
8001
8041
8081
8121
8161
8201
8241
8281
8321
8361
8401
8441
8481
8521
8561
8601
8641
8681
8721
8761
8801
8841
8881
8921
8961
9001
9041
9081
9121
9161
9201
9241
9281
9321
9361
9401
9441
9481
9521
9561
9601
9641
9681
9721
9761
9801
9841
9881
9921
9961
10001
10041
10081
10121
10161
10201
10241
10281
10321
10361
10401
10441
10481
10521
10561
10601
10641
10681
10721
10761
10801
10841
10881
10921
10961
11001
11041
11081
11121
11161
11201
11241
11281
11321
11361
11401
11441
11481
11521
11561
11601
11641
11681
11721
11761
11801
11841
11881
11921
11961
12001
12041
12081
12121
12161
12201
12241
12281
12321
12361
12401
12441
12481
12521
12561
12601
12641
12681
12721
12761
12801
12841
12881
12921
12961
13001
13041
13081
13121
13161
13201
13241
13281
13321
13361
13401
13441
13481
13521
13561
13601
13641
13681
13721
13761
13801
13841
13881
13921
13961
14001
14041
14081
14121
14161
14201
14241
14281
14321
14361
14401
14441
14481
14521
14561
14601
14641
14681
14721
14761
14801
14841
14881
14921
14961
15001
15041
15081
15121
15161
15201
15241
15281
15321
15361
15401
15441
15481
15521
15561
15601
15641
15681
15721
15761
15801
15841
15881
15921
15961
16001
16041
16081
16121
16161
16201
16241
16281
16321
