1025
4112
16400
245
376
565
832
1117
1407
1719
1940
2115
2479
2602
3024
3340
3515
3775
4061
246
377
566
833
1118
1408
1720
1941
2116
2480
2603
3025
3341
3516
3776
4062
247
378
567
834
1119
1409
1721
1942
2117
2481
2604
3026
3085
3517
3777
4063
248
379
568
835
1120
1410
1722
1943
2118
2482
2605
3027
3086
3518
3778
4064
249
380
569
836
1121
1411
1723
1944
2119
2483
2606
3028
3087
3519
3779
4065
250
381
570
837
1122
1412
1724
1945
2120
2484
2607
3029
3088
3520
3780
4066
251
382
571
838
1123
1413
1725
1946
2121
2485
2608
3030
3089
3521
3781
4067
252
383
572
839
1124
1414
1726
1947
2122
2486
2609
3031
3090
3522
3782
4068
253
384
573
840
1125
1415
1727
1948
2123
2487
2610
3032
3091
3523
3783
4069
254
385
574
841
1126
1416
1728
1949
2124
2488
2611
3033
3092
3524
3784
4070
255
386
575
842
1127
1417
1729
1950
2125
2489
2612
3034
3093
3525
3785
4071
256
387
576
843
1128
1418
1730
1951
2126
2490
2613
3035
3094
3526
3786
4072
257
388
577
844
1129
1419
1731
1952
2127
2491
2614
3036
3095
3527
3787
4073
1
389
578
845
1130
1420
1732
1953
2128
2492
2615
3037
3096
3528
3788
4074
2
390
579
846
1131
1421
1733
1954
2129
2493
2616
3038
3097
3529
3789
4075
3
391
580
847
1132
1422
1734
1955
2130
2494
2617
3039
3098
3530
3790
4076
4
392
581
848
1133
1423
1735
1956
2131
2495
2618
3040
3099
3531
3791
4077
5
393
582
849
1134
1424
1736
1957
2132
2496
2619
3041
3100
3532
3792
4078
6
394
583
850
1135
1425
1737
1958
2133
2497
2620
3042
3101
3533
3793
4079
7
395
584
851
1136
1426
1738
1959
2134
2498
2621
3043
3102
3534
3794
4080
8
396
585
852
1137
1427
1739
1960
2135
2499
2622
3044
3103
3535
3795
4081
9
397
586
853
1138
1428
1740
1961
2136
2500
2623
3045
3104
3536
3796
4082
10
398
587
854
1139
1429
1741
1962
2137
2501
2624
3046
3105
3537
3797
4083
11
399
588
855
1140
1430
1742
1963
2138
2502
2625
3047
3106
3538
3798
4084
12
400
589
856
1141
1431
1743
1964
2139
2503
2626
3048
3107
3539
3799
4085
13
401
590
857
1142
1432
1744
1965
2140
2504
2627
3049
3108
3540
3800
4086
14
402
591
858
1143
1433
1745
1966
2141
2505
2628
3050
3109
3541
3801
4087
15
403
592
859
1144
1434
1746
1967
2142
2506
2629
3051
3110
3542
3802
4088
16
404
593
860
1145
1435
1747
1968
2143
2507
2630
3052
3111
3543
3803
4089
17
405
594
861
1146
1436
1748
1969
2144
2508
2631
3053
3112
3544
3804
4090
18
406
595
862
1147
1437
1749
1970
2145
2509
2632
3054
3113
3545
3805
4091
19
407
596
863
1148
1438
1750
1971
2146
2510
2633
3055
3114
3546
3806
4092
20
408
597
864
1149
1439
1751
1972
2147
2511
2634
3056
3115
3547
3807
4093
21
409
598
865
1150
1440
1752
1973
2148
2512
2635
3057
3116
3548
3808
4094
22
410
599
866
1151
1441
1753
1974
2149
2513
2636
3058
3117
3549
3809
4095
23
411
600
867
1152
1442
1754
1975
2150
2514
2637
3059
3118
3550
3810
4096
24
412
601
868
1153
1443
1755
1976
2151
2515
2638
3060
3119
3551
3811
4097
25
413
602
869
1154
1444
1756
1977
2152
2516
2639
3061
3120
3552
3812
4098
26
414
603
870
1155
1445
1757
1978
2153
2517
2640
3062
3121
3553
3813
4099
27
415
604
871
1156
1446
1758
1979
2154
2518
2641
3063
3122
3554
3814
4100
28
416
605
872
1157
1447
1759
1980
2155
2519
2642
3064
3123
3555
3815
4101
29
417
606
873
1158
1448
1760
1981
2156
2520
2643
3065
3124
3556
3816
4102
30
418
607
874
1159
1449
1761
1982
2157
2521
2644
3066
3125
3557
3817
4103
31
419
608
875
1160
1450
1762
1983
2158
2522
2645
3067
3126
3558
3818
4104
32
420
609
876
1161
1451
1763
1984
2159
2523
2646
3068
3127
3559
3819
4105
33
421
610
877
1162
1452
1764
1985
2160
2524
2647
3069
3128
3560
3820
4106
34
422
611
878
1163
1453
1765
1986
2161
2525
2648
3070
3129
3561
3821
4107
35
423
612
879
1164
1454
1766
1987
2162
2526
2649
3071
3130
3562
3822
4108
36
424
613
880
1165
1455
1767
1988
2163
2527
2650
3072
3131
3563
3823
4109
37
425
614
881
1166
1456
1768
1989
2164
2528
2651
3073
3132
3564
3824
4110
38
426
615
882
1167
1457
1769
1990
2165
2529
2652
3074
3133
3565
3825
4111
39
427
616
883
1168
1458
1770
1991
2166
2530
2653
3075
3134
3566
3826
4112
40
428
617
884
1169
1459
1771
1992
2167
2531
2654
3076
3135
3567
3827
3856
41
429
618
885
1170
1460
1772
1993
2168
2532
2655
3077
3136
3568
3828
3857
42
430
619
886
1171
1461
1773
1994
2169
2533
2656
3078
3137
3569
3829
3858
43
431
620
887
1172
1462
1774
1995
2170
2534
2657
3079
3138
3570
3830
3859
44
432
621
888
1173
1463
1775
1996
2171
2535
2658
3080
3139
3571
3831
3860
45
433
622
889
1174
1464
1776
1997
2172
2536
2659
3081
3140
3572
3832
3861
46
434
623
890
1175
1465
1777
1998
2173
2537
2660
3082
3141
3573
3833
3862
47
435
624
891
1176
1466
1778
1999
2174
2538
2661
3083
3142
3574
3834
3863
48
436
625
892
1177
1467
1779
2000
2175
2539
2662
3084
3143
3575
3835
3864
49
437
626
893
1178
1468
1780
2001
2176
2540
2663
2828
3144
3576
3836
3865
50
438
627
894
1179
1469
1781
2002
2177
2541
2664
2829
3145
3577
3837
3866
51
439
628
895
1180
1470
1782
2003
2178
2542
2665
2830
3146
3578
3838
3867
52
440
629
896
1181
1471
1783
2004
2179
2543
2666
2831
3147
3579
3839
3868
53
441
630
897
1182
1472
1784
2005
2180
2544
2667
2832
3148
3580
3840
3869
54
442
631
898
1183
1473
1785
2006
2181
2545
2668
2833
3149
3581
3841
3870
55
443
632
899
1184
1474
1786
2007
2182
2546
2669
2834
3150
3582
3842
3871
56
444
633
900
1185
1475
1787
2008
2183
2547
2670
2835
3151
3583
3843
3872
57
445
634
901
1186
1476
1788
2009
2184
2548
2671
2836
3152
3584
3844
3873
58
446
635
902
1187
1477
1789
2010
2185
2549
2672
2837
3153
3585
3845
3874
59
447
636
903
1188
1478
1790
2011
2186
2550
2673
2838
3154
3586
3846
3875
60
448
637
904
1189
1479
1791
2012
2187
2551
2674
2839
3155
3587
3847
3876
61
449
638
905
1190
1480
1792
2013
2188
2552
2675
2840
3156
3588
3848
3877
62
450
639
906
1191
1481
1793
2014
2189
2553
2676
2841
3157
3589
3849
3878
63
451
640
907
1192
1482
1794
2015
2190
2554
2677
2842
3158
3590
3850
3879
64
452
641
908
1193
1483
1795
2016
2191
2555
2678
2843
3159
3591
3851
3880
65
453
642
909
1194
1484
1796
2017
2192
2556
2679
2844
3160
3592
3852
3881
66
454
643
910
1195
1485
1797
2018
2193
2557
2680
2845
3161
3593
3853
3882
67
455
644
911
1196
1486
1798
2019
2194
2558
2681
2846
3162
3594
3854
3883
68
456
645
912
1197
1487
1799
2020
2195
2559
2682
2847
3163
3595
3855
3884
69
457
646
913
1198
1488
1543
2021
2196
2560
2683
2848
3164
3596
3599
3885
70
458
647
914
1199
1489
1544
2022
2197
2561
2684
2849
3165
3597
3600
3886
71
459
648
915
1200
1490
1545
2023
2198
2562
2685
2850
3166
3598
3601
3887
72
460
649
916
1201
1491
1546
2024
2199
2563
2686
2851
3167
3342
3602
3888
73
461
650
917
1202
1492
1547
2025
2200
2564
2687
2852
3168
3343
3603
3889
74
462
651
918
1203
1493
1548
2026
2201
2565
2688
2853
3169
3344
3604
3890
75
463
652
919
1204
1494
1549
2027
2202
2566
2689
2854
3170
3345
3605
3891
76
464
653
920
1205
1495
1550
2028
2203
2567
2690
2855
3171
3346
3606
3892
77
465
654
921
1206
1496
1551
2029
2204
2568
2691
2856
3172
3347
3607
3893
78
466
655
922
1207
1497
1552
2030
2205
2569
2692
2857
3173
3348
3608
3894
79
467
656
923
1208
1498
1553
2031
2206
2570
2693
2858
3174
3349
3609
3895
80
468
657
924
1209
1499
1554
2032
2207
2314
2694
2859
3175
3350
3610
3896
81
469
658
925
1210
1500
1555
2033
2208
2315
2695
2860
3176
3351
3611
3897
82
470
659
926
1211
1501
1556
2034
2209
2316
2696
2861
3177
3352
3612
3898
83
471
660
927
1212
1502
1557
2035
2210
2317
2697
2862
3178
3353
3613
3899
84
472
661
928
1213
1503
1558
2036
2211
2318
2698
2863
3179
3354
3614
3900
85
473
662
929
1214
1504
1559
2037
2212
2319
2699
2864
3180
3355
3615
3901
86
474
663
930
1215
1505
1560
2038
2213
2320
2700
2865
3181
3356
3616
3902
87
475
664
931
1216
1506
1561
2039
2214
2321
2701
2866
3182
3357
3617
3903
88
476
665
932
1217
1507
1562
2040
2215
2322
2702
2867
3183
3358
3618
3904
89
477
666
933
1218
1508
1563
2041
2216
2323
2703
2868
3184
3359
3619
3905
90
478
667
934
1219
1509
1564
2042
2217
2324
2704
2869
3185
3360
3620
3906
91
479
668
935
1220
1510
1565
2043
2218
2325
2705
2870
3186
3361
3621
3907
92
480
669
936
1221
1511
1566
2044
2219
2326
2706
2871
3187
3362
3622
3908
93
481
670
937
1222
1512
1567
2045
2220
2327
2707
2872
3188
3363
3623
3909
94
482
671
938
1223
1513
1568
2046
2221
2328
2708
2873
3189
3364
3624
3910
95
483
672
939
1224
1514
1569
2047
2222
2329
2709
2874
3190
3365
3625
3911
96
484
673
940
1225
1515
1570
2048
2223
2330
2710
2875
3191
3366
3626
3912
97
485
674
941
1226
1516
1571
2049
2224
2331
2711
2876
3192
3367
3627
3913
98
486
675
942
1227
1517
1572
2050
2225
2332
2712
2877
3193
3368
3628
3914
99
487
676
943
1228
1518
1573
2051
2226
2333
2713
2878
3194
3369
3629
3915
100
488
677
944
1229
1519
1574
2052
2227
2334
2714
2879
3195
3370
3630
3916
101
489
678
945
1230
1520
1575
2053
2228
2335
2715
2880
3196
3371
3631
3917
102
490
679
946
1231
1521
1576
2054
2229
2336
2716
2881
3197
3372
3632
3918
103
491
680
947
1232
1522
1577
2055
2230
2337
2717
2882
3198
3373
3633
3919
104
492
681
948
1233
1523
1578
2056
2231
2338
2718
2883
3199
3374
3634
3920
105
493
682
949
1234
1524
1579
1800
2232
2339
2719
2884
3200
3375
3635
3921
106
494
683
950
1235
1525
1580
1801
2233
2340
2720
2885
3201
3376
3636
3922
107
495
684
951
1236
1526
1581
1802
2234
2341
2721
2886
3202
3377
3637
3923
108
496
685
952
1237
1527
1582
1803
2235
2342
2722
2887
3203
3378
3638
3924
109
497
686
953
1238
1528
1583
1804
2236
2343
2723
2888
3204
3379
3639
3925
110
498
687
954
1239
1529
1584
1805
2237
2344
2724
2889
3205
3380
3640
3926
111
499
688
955
1240
1530
1585
1806
2238
2345
2725
2890
3206
3381
3641
3927
112
500
689
956
1241
1531
1586
1807
2239
2346
2726
2891
3207
3382
3642
3928
113
501
690
957
1242
1532
1587
1808
2240
2347
2727
2892
3208
3383
3643
3929
114
502
691
958
1243
1533
1588
1809
2241
2348
2728
2893
3209
3384
3644
3930
115
503
692
959
1244
1534
1589
1810
2242
2349
2729
2894
3210
3385
3645
3931
116
504
693
960
1245
1535
1590
1811
2243
2350
2730
2895
3211
3386
3646
3932
117
505
694
961
1246
1536
1591
1812
2244
2351
2731
2896
3212
3387
3647
3933
118
506
695
962
1247
1537
1592
1813
2245
2352
2732
2897
3213
3388
3648
3934
119
507
696
963
1248
1538
1593
1814
2246
2353
2733
2898
3214
3389
3649
3935
120
508
697
964
1249
1539
1594
1815
2247
2354
2734
2899
3215
3390
3650
3936
121
509
698
965
1250
1540
1595
1816
2248
2355
2735
2900
3216
3391
3651
3937
122
510
699
966
1251
1541
1596
1817
2249
2356
2736
2901
3217
3392
3652
3938
123
511
700
967
1252
1542
1597
1818
2250
2357
2737
2902
3218
3393
3653
3939
124
512
701
968
1253
1286
1598
1819
2251
2358
2738
2903
3219
3394
3654
3940
125
513
702
969
1254
1287
1599
1820
2252
2359
2739
2904
3220
3395
3655
3941
126
514
703
970
1255
1288
1600
1821
2253
2360
2740
2905
3221
3396
3656
3942
127
258
704
971
1256
1289
1601
1822
2254
2361
2741
2906
3222
3397
3657
3943
128
259
705
972
1257
1290
1602
1823
2255
2362
2742
2907
3223
3398
3658
3944
129
260
706
973
1258
1291
1603
1824
2256
2363
2743
2908
3224
3399
3659
3945
130
261
707
974
1259
1292
1604
1825
2257
2364
2744
2909
3225
3400
3660
3946
131
262
708
975
1260
1293
1605
1826
2258
2365
2745
2910
3226
3401
3661
3947
132
263
709
976
1261
1294
1606
1827
2259
2366
2746
2911
3227
3402
3662
3948
133
264
710
977
1262
1295
1607
1828
2260
2367
2747
2912
3228
3403
3663
3949
134
265
711
978
1263
1296
1608
1829
2261
2368
2748
2913
3229
3404
3664
3950
135
266
712
979
1264
1297
1609
1830
2262
2369
2749
2914
3230
3405
3665
3951
136
267
713
980
1265
1298
1610
1831
2263
2370
2750
2915
3231
3406
3666
3952
137
268
714
981
1266
1299
1611
1832
2264
2371
2751
2916
3232
3407
3667
3953
138
269
715
982
1267
1300
1612
1833
2265
2372
2752
2917
3233
3408
3668
3954
139
270
716
983
1268
1301
1613
1834
2266
2373
2753
2918
3234
3409
3669
3955
140
271
717
984
1269
1302
1614
1835
2267
2374
2754
2919
3235
3410
3670
3956
141
272
718
985
1270
1303
1615
1836
2268
2375
2755
2920
3236
3411
3671
3957
142
273
719
986
1271
1304
1616
1837
2269
2376
2756
2921
3237
3412
3672
3958
143
274
720
987
1272
1305
1617
1838
2270
2377
2757
2922
3238
3413
3673
3959
144
275
721
988
1273
1306
1618
1839
2271
2378
2758
2923
3239
3414
3674
3960
145
276
722
989
1274
1307
1619
1840
2272
2379
2759
2924
3240
3415
3675
3961
146
277
723
990
1275
1308
1620
1841
2273
2380
2760
2925
3241
3416
3676
3962
147
278
724
991
1276
1309
1621
1842
2274
2381
2761
2926
3242
3417
3677
3963
148
279
725
992
1277
1310
1622
1843
2275
2382
2762
2927
3243
3418
3678
3964
149
280
726
993
1278
1311
1623
1844
2276
2383
2763
2928
3244
3419
3679
3965
150
281
727
994
1279
1312
1624
1845
2277
2384
2764
2929
3245
3420
3680
3966
151
282
728
995
1280
1313
1625
1846
2278
2385
2765
2930
3246
3421
3681
3967
152
283
729
996
1281
1314
1626
1847
2279
2386
2766
2931
3247
3422
3682
3968
153
284
730
997
1282
1315
1627
1848
2280
2387
2767
2932
3248
3423
3683
3969
154
285
731
998
1283
1316
1628
1849
2281
2388
2768
2933
3249
3424
3684
3970
155
286
732
999
1284
1317
1629
1850
2282
2389
2769
2934
3250
3425
3685
3971
156
287
733
1000
1285
1318
1630
1851
2283
2390
2770
2935
3251
3426
3686
3972
157
288
734
1001
1029
1319
1631
1852
2284
2391
2771
2936
3252
3427
3687
3973
158
289
735
1002
1030
1320
1632
1853
2285
2392
2772
2937
3253
3428
3688
3974
159
290
736
1003
1031
1321
1633
1854
2286
2393
2773
2938
3254
3429
3689
3975
160
291
737
1004
1032
1322
1634
1855
2287
2394
2774
2939
3255
3430
3690
3976
161
292
738
1005
1033
1323
1635
1856
2288
2395
2775
2940
3256
3431
3691
3977
162
293
739
1006
1034
1324
1636
1857
2289
2396
2776
2941
3257
3432
3692
3978
163
294
740
1007
1035
1325
1637
1858
2290
2397
2777
2942
3258
3433
3693
3979
164
295
741
1008
1036
1326
1638
1859
2291
2398
2778
2943
3259
3434
3694
3980
165
296
742
1009
1037
1327
1639
1860
2292
2399
2779
2944
3260
3435
3695
3981
166
297
743
1010
1038
1328
1640
1861
2293
2400
2780
2945
3261
3436
3696
3982
167
298
744
1011
1039
1329
1641
1862
2294
2401
2781
2946
3262
3437
3697
3983
168
299
745
1012
1040
1330
1642
1863
2295
2402
2782
2947
3263
3438
3698
3984
169
300
746
1013
1041
1331
1643
1864
2296
2403
2783
2948
3264
3439
3699
3985
170
301
747
1014
1042
1332
1644
1865
2297
2404
2784
2949
3265
3440
3700
3986
171
302
748
1015
1043
1333
1645
1866
2298
2405
2785
2950
3266
3441
3701
3987
172
303
749
1016
1044
1334
1646
1867
2299
2406
2786
2951
3267
3442
3702
3988
173
304
750
1017
1045
1335
1647
1868
2300
2407
2787
2952
3268
3443
3703
3989
174
305
751
1018
1046
1336
1648
1869
2301
2408
2788
2953
3269
3444
3704
3990
175
306
752
1019
1047
1337
1649
1870
2302
2409
2789
2954
3270
3445
3705
3991
176
307
753
1020
1048
1338
1650
1871
2303
2410
2790
2955
3271
3446
3706
3992
177
308
754
1021
1049
1339
1651
1872
2304
2411
2791
2956
3272
3447
3707
3993
178
309
755
1022
1050
1340
1652
1873
2305
2412
2792
2957
3273
3448
3708
3994
179
310
756
1023
1051
1341
1653
1874
2306
2413
2793
2958
3274
3449
3709
3995
180
311
757
1024
1052
1342
1654
1875
2307
2414
2794
2959
3275
3450
3710
3996
181
312
758
1025
1053
1343
1655
1876
2308
2415
2795
2960
3276
3451
3711
3997
182
313
759
1026
1054
1344
1656
1877
2309
2416
2796
2961
3277
3452
3712
3998
183
314
760
1027
1055
1345
1657
1878
2310
2417
2797
2962
3278
3453
3713
3999
184
315
761
1028
1056
1346
1658
1879
2311
2418
2798
2963
3279
3454
3714
4000
185
316
762
772
1057
1347
1659
1880
2312
2419
2799
2964
3280
3455
3715
4001
186
317
763
773
1058
1348
1660
1881
2313
2420
2800
2965
3281
3456
3716
4002
187
318
764
774
1059
1349
1661
1882
2057
2421
2801
2966
3282
3457
3717
4003
188
319
765
775
1060
1350
1662
1883
2058
2422
2802
2967
3283
3458
3718
4004
189
320
766
776
1061
1351
1663
1884
2059
2423
2803
2968
3284
3459
3719
4005
190
321
767
777
1062
1352
1664
1885
2060
2424
2804
2969
3285
3460
3720
4006
191
322
768
778
1063
1353
1665
1886
2061
2425
2805
2970
3286
3461
3721
4007
192
323
769
779
1064
1354
1666
1887
2062
2426
2806
2971
3287
3462
3722
4008
193
324
770
780
1065
1355
1667
1888
2063
2427
2807
2972
3288
3463
3723
4009
194
325
771
781
1066
1356
1668
1889
2064
2428
2808
2973
3289
3464
3724
4010
195
326
515
782
1067
1357
1669
1890
2065
2429
2809
2974
3290
3465
3725
4011
196
327
516
783
1068
1358
1670
1891
2066
2430
2810
2975
3291
3466
3726
4012
197
328
517
784
1069
1359
1671
1892
2067
2431
2811
2976
3292
3467
3727
4013
198
329
518
785
1070
1360
1672
1893
2068
2432
2812
2977
3293
3468
3728
4014
199
330
519
786
1071
1361
1673
1894
2069
2433
2813
2978
3294
3469
3729
4015
200
331
520
787
1072
1362
1674
1895
2070
2434
2814
2979
3295
3470
3730
4016
201
332
521
788
1073
1363
1675
1896
2071
2435
2815
2980
3296
3471
3731
4017
202
333
522
789
1074
1364
1676
1897
2072
2436
2816
2981
3297
3472
3732
4018
203
334
523
790
1075
1365
1677
1898
2073
2437
2817
2982
3298
3473
3733
4019
204
335
524
791
1076
1366
1678
1899
2074
2438
2818
2983
3299
3474
3734
4020
205
336
525
792
1077
1367
1679
1900
2075
2439
2819
2984
3300
3475
3735
4021
206
337
526
793
1078
1368
1680
1901
2076
2440
2820
2985
3301
3476
3736
4022
207
338
527
794
1079
1369
1681
1902
2077
2441
2821
2986
3302
3477
3737
4023
208
339
528
795
1080
1370
1682
1903
2078
2442
2822
2987
3303
3478
3738
4024
209
340
529
796
1081
1371
1683
1904
2079
2443
2823
2988
3304
3479
3739
4025
210
341
530
797
1082
1372
1684
1905
2080
2444
2824
2989
3305
3480
3740
4026
211
342
531
798
1083
1373
1685
1906
2081
2445
2825
2990
3306
3481
3741
4027
212
343
532
799
1084
1374
1686
1907
2082
2446
2826
2991
3307
3482
3742
4028
213
344
533
800
1085
1375
1687
1908
2083
2447
2827
2992
3308
3483
3743
4029
214
345
534
801
1086
1376
1688
1909
2084
2448
2571
2993
3309
3484
3744
4030
215
346
535
802
1087
1377
1689
1910
2085
2449
2572
2994
3310
3485
3745
4031
216
347
536
803
1088
1378
1690
1911
2086
2450
2573
2995
3311
3486
3746
4032
217
348
537
804
1089
1379
1691
1912
2087
2451
2574
2996
3312
3487
3747
4033
218
349
538
805
1090
1380
1692
1913
2088
2452
2575
2997
3313
3488
3748
4034
219
350
539
806
1091
1381
1693
1914
2089
2453
2576
2998
3314
3489
3749
4035
220
351
540
807
1092
1382
1694
1915
2090
2454
2577
2999
3315
3490
3750
4036
221
352
541
808
1093
1383
1695
1916
2091
2455
2578
3000
3316
3491
3751
4037
222
353
542
809
1094
1384
1696
1917
2092
2456
2579
3001
3317
3492
3752
4038
223
354
543
810
1095
1385
1697
1918
2093
2457
2580
3002
3318
3493
3753
4039
224
355
544
811
1096
1386
1698
1919
2094
2458
2581
3003
3319
3494
3754
4040
225
356
545
812
1097
1387
1699
1920
2095
2459
2582
3004
3320
3495
3755
4041
226
357
546
813
1098
1388
1700
1921
2096
2460
2583
3005
3321
3496
3756
4042
227
358
547
814
1099
1389
1701
1922
2097
2461
2584
3006
3322
3497
3757
4043
228
359
548
815
1100
1390
1702
1923
2098
2462
2585
3007
3323
3498
3758
4044
229
360
549
816
1101
1391
1703
1924
2099
2463
2586
3008
3324
3499
3759
4045
230
361
550
817
1102
1392
1704
1925
2100
2464
2587
3009
3325
3500
3760
4046
231
362
551
818
1103
1393
1705
1926
2101
2465
2588
3010
3326
3501
3761
4047
232
363
552
819
1104
1394
1706
1927
2102
2466
2589
3011
3327
3502
3762
4048
233
364
553
820
1105
1395
1707
1928
2103
2467
2590
3012
3328
3503
3763
4049
234
365
554
821
1106
1396
1708
1929
2104
2468
2591
3013
3329
3504
3764
4050
235
366
555
822
1107
1397
1709
1930
2105
2469
2592
3014
3330
3505
3765
4051
236
367
556
823
1108
1398
1710
1931
2106
2470
2593
3015
3331
3506
3766
4052
237
368
557
824
1109
1399
1711
1932
2107
2471
2594
3016
3332
3507
3767
4053
238
369
558
825
1110
1400
1712
1933
2108
2472
2595
3017
3333
3508
3768
4054
239
370
559
826
1111
1401
1713
1934
2109
2473
2596
3018
3334
3509
3769
4055
240
371
560
827
1112
1402
1714
1935
2110
2474
2597
3019
3335
3510
3770
4056
241
372
561
828
1113
1403
1715
1936
2111
2475
2598
3020
3336
3511
3771
4057
242
373
562
829
1114
1404
1716
1937
2112
2476
2599
3021
3337
3512
3772
4058
243
374
563
830
1115
1405
1717
1938
2113
2477
2600
3022
3338
3513
3773
4059
244
375
564
831
1116
1406
1718
1939
2114
2478
2601
3023
3339
3514
3774
4060
214
375
693
794
1110
1439
1743
1801
2152
2432
2630
2872
3284
3591
3797
3935
215
376
694
795
1111
1440
1744
1802
2153
2433
2631
2873
3285
3592
3798
3936
216
377
695
796
1112
1441
1745
1803
2154
2434
2632
2874
3286
3593
3799
3937
217
378
696
797
1113
1442
1746
1804
2155
2435
2633
2875
3287
3594
3800
3938
218
379
697
798
1114
1443
1747
1805
2156
2436
2634
2876
3288
3595
3801
3939
219
380
698
799
1115
1444
1748
1806
2157
2437
2635
2877
3289
3596
3802
3940
220
381
699
800
1116
1445
1749
1807
2158
2438
2636
2878
3290
3597
3803
3941
221
382
700
801
1117
1446
1750
1808
2159
2439
2637
2879
3291
3598
3804
3942
222
383
701
802
1118
1447
1751
1809
2160
2440
2638
2880
3292
3342
3805
3943
223
384
702
803
1119
1448
1752
1810
2161
2441
2639
2881
3293
3343
3806
3944
224
385
703
804
1120
1449
1753
1811
2162
2442
2640
2882
3294
3344
3807
3945
225
386
704
805
1121
1450
1754
1812
2163
2443
2641
2883
3295
3345
3808
3946
226
387
705
806
1122
1451
1755
1813
2164
2444
2642
2884
3296
3346
3809
3947
227
388
706
807
1123
1452
1756
1814
2165
2445
2643
2885
3297
3347
3810
3948
228
389
707
808
1124
1453
1757
1815
2166
2446
2644
2886
3298
3348
3811
3949
229
390
708
809
1125
1454
1758
1816
2167
2447
2645
2887
3299
3349
3812
3950
230
391
709
810
1126
1455
1759
1817
2168
2448
2646
2888
3300
3350
3813
3951
231
392
710
811
1127
1456
1760
1818
2169
2449
2647
2889
3301
3351
3814
3952
232
393
711
812
1128
1457
1761
1819
2170
2450
2648
2890
3302
3352
3815
3953
233
394
712
813
1129
1458
1762
1820
2171
2451
2649
2891
3303
3353
3816
3954
234
395
713
814
1130
1459
1763
1821
2172
2452
2650
2892
3304
3354
3817
3955
235
396
714
815
1131
1460
1764
1822
2173
2453
2651
2893
3305
3355
3818
3956
236
397
715
816
1132
1461
1765
1823
2174
2454
2652
2894
3306
3356
3819
3957
237
398
716
817
1133
1462
1766
1824
2175
2455
2653
2895
3307
3357
3820
3958
238
399
717
818
1134
1463
1767
1825
2176
2456
2654
2896
3308
3358
3821
3959
239
400
718
819
1135
1464
1768
1826
2177
2457
2655
2897
3309
3359
3822
3960
240
401
719
820
1136
1465
1769
1827
2178
2458
2656
2898
3310
3360
3823
3961
241
402
720
821
1137
1466
1770
1828
2179
2459
2657
2899
3311
3361
3824
3962
242
403
721
822
1138
1467
1771
1829
2180
2460
2658
2900
3312
3362
3825
3963
243
404
722
823
1139
1468
1772
1830
2181
2461
2659
2901
3313
3363
3826
3964
244
405
723
824
1140
1469
1773
1831
2182
2462
2660
2902
3314
3364
3827
3965
245
406
724
825
1141
1470
1774
1832
2183
2463
2661
2903
3315
3365
3828
3966
246
407
725
826
1142
1471
1775
1833
2184
2464
2662
2904
3316
3366
3829
3967
247
408
726
827
1143
1472
1776
1834
2185
2465
2663
2905
3317
3367
3830
3968
248
409
727
828
1144
1473
1777
1835
2186
2466
2664
2906
3318
3368
3831
3969
249
410
728
829
1145
1474
1778
1836
2187
2467
2665
2907
3319
3369
3832
3970
250
411
729
830
1146
1475
1779
1837
2188
2468
2666
2908
3320
3370
3833
3971
251
412
730
831
1147
1476
1780
1838
2189
2469
2667
2909
3321
3371
3834
3972
252
413
731
832
1148
1477
1781
1839
2190
2470
2668
2910
3322
3372
3835
3973
253
414
732
833
1149
1478
1782
1840
2191
2471
2669
2911
3323
3373
3836
3974
254
415
733
834
1150
1479
1783
1841
2192
2472
2670
2912
3324
3374
3837
3975
255
416
734
835
1151
1480
1784
1842
2193
2473
2671
2913
3325
3375
3838
3976
256
417
735
836
1152
1481
1785
1843
2194
2474
2672
2914
3326
3376
3839
3977
257
418
736
837
1153
1482
1786
1844
2195
2475
2673
2915
3327
3377
3840
3978
1
419
737
838
1154
1483
1787
1845
2196
2476
2674
2916
3328
3378
3841
3979
2
420
738
839
1155
1484
1788
1846
2197
2477
2675
2917
3329
3379
3842
3980
3
421
739
840
1156
1485
1789
1847
2198
2478
2676
2918
3330
3380
3843
3981
4
422
740
841
1157
1486
1790
1848
2199
2479
2677
2919
3331
3381
3844
3982
5
423
741
842
1158
1487
1791
1849
2200
2480
2678
2920
3332
3382
3845
3983
6
424
742
843
1159
1488
1792
1850
2201
2481
2679
2921
3333
3383
3846
3984
7
425
743
844
1160
1489
1793
1851
2202
2482
2680
2922
3334
3384
3847
3985
8
426
744
845
1161
1490
1794
1852
2203
2483
2681
2923
3335
3385
3848
3986
9
427
745
846
1162
1491
1795
1853
2204
2484
2682
2924
3336
3386
3849
3987
10
428
746
847
1163
1492
1796
1854
2205
2485
2683
2925
3337
3387
3850
3988
11
429
747
848
1164
1493
1797
1855
2206
2486
2684
2926
3338
3388
3851
3989
12
430
748
849
1165
1494
1798
1856
2207
2487
2685
2927
3339
3389
3852
3990
13
431
749
850
1166
1495
1799
1857
2208
2488
2686
2928
3340
3390
3853
3991
14
432
750
851
1167
1496
1543
1858
2209
2489
2687
2929
3341
3391
3854
3992
15
433
751
852
1168
1497
1544
1859
2210
2490
2688
2930
3085
3392
3855
3993
16
434
752
853
1169
1498
1545
1860
2211
2491
2689
2931
3086
3393
3599
3994
17
435
753
854
1170
1499
1546
1861
2212
2492
2690
2932
3087
3394
3600
3995
18
436
754
855
1171
1500
1547
1862
2213
2493
2691
2933
3088
3395
3601
3996
19
437
755
856
1172
1501
1548
1863
2214
2494
2692
2934
3089
3396
3602
3997
20
438
756
857
1173
1502
1549
1864
2215
2495
2693
2935
3090
3397
3603
3998
21
439
757
858
1174
1503
1550
1865
2216
2496
2694
2936
3091
3398
3604
3999
22
440
758
859
1175
1504
1551
1866
2217
2497
2695
2937
3092
3399
3605
4000
23
441
759
860
1176
1505
1552
1867
2218
2498
2696
2938
3093
3400
3606
4001
24
442
760
861
1177
1506
1553
1868
2219
2499
2697
2939
3094
3401
3607
4002
25
443
761
862
1178
1507
1554
1869
2220
2500
2698
2940
3095
3402
3608
4003
26
444
762
863
1179
1508
1555
1870
2221
2501
2699
2941
3096
3403
3609
4004
27
445
763
864
1180
1509
1556
1871
2222
2502
2700
2942
3097
3404
3610
4005
28
446
764
865
1181
1510
1557
1872
2223
2503
2701
2943
3098
3405
3611
4006
29
447
765
866
1182
1511
1558
1873
2224
2504
2702
2944
3099
3406
3612
4007
30
448
766
867
1183
1512
1559
1874
2225
2505
2703
2945
3100
3407
3613
4008
31
449
767
868
1184
1513
1560
1875
2226
2506
2704
2946
3101
3408
3614
4009
32
450
768
869
1185
1514
1561
1876
2227
2507
2705
2947
3102
3409
3615
4010
33
451
769
870
1186
1515
1562
1877
2228
2508
2706
2948
3103
3410
3616
4011
34
452
770
871
1187
1516
1563
1878
2229
2509
2707
2949
3104
3411
3617
4012
35
453
771
872
1188
1517
1564
1879
2230
2510
2708
2950
3105
3412
3618
4013
36
454
515
873
1189
1518
1565
1880
2231
2511
2709
2951
3106
3413
3619
4014
37
455
516
874
1190
1519
1566
1881
2232
2512
2710
2952
3107
3414
3620
4015
38
456
517
875
1191
1520
1567
1882
2233
2513
2711
2953
3108
3415
3621
4016
39
457
518
876
1192
1521
1568
1883
2234
2514
2712
2954
3109
3416
3622
4017
40
458
519
877
1193
1522
1569
1884
2235
2515
2713
2955
3110
3417
3623
4018
41
459
520
878
1194
1523
1570
1885
2236
2516
2714
2956
3111
3418
3624
4019
42
460
521
879
1195
1524
1571
1886
2237
2517
2715
2957
3112
3419
3625
4020
43
461
522
880
1196
1525
1572
1887
2238
2518
2716
2958
3113
3420
3626
4021
44
462
523
881
1197
1526
1573
1888
2239
2519
2717
2959
3114
3421
3627
4022
45
463
524
882
1198
1527
1574
1889
2240
2520
2718
2960
3115
3422
3628
4023
46
464
525
883
1199
1528
1575
1890
2241
2521
2719
2961
3116
3423
3629
4024
47
465
526
884
1200
1529
1576
1891
2242
2522
2720
2962
3117
3424
3630
4025
48
466
527
885
1201
1530
1577
1892
2243
2523
2721
2963
3118
3425
3631
4026
49
467
528
886
1202
1531
1578
1893
2244
2524
2722
2964
3119
3426
3632
4027
50
468
529
887
1203
1532
1579
1894
2245
2525
2723
2965
3120
3427
3633
4028
51
469
530
888
1204
1533
1580
1895
2246
2526
2724
2966
3121
3428
3634
4029
52
470
531
889
1205
1534
1581
1896
2247
2527
2725
2967
3122
3429
3635
4030
53
471
532
890
1206
1535
1582
1897
2248
2528
2726
2968
3123
3430
3636
4031
54
472
533
891
1207
1536
1583
1898
2249
2529
2727
2969
3124
3431
3637
4032
55
473
534
892
1208
1537
1584
1899
2250
2530
2728
2970
3125
3432
3638
4033
56
474
535
893
1209
1538
1585
1900
2251
2531
2729
2971
3126
3433
3639
4034
57
475
536
894
1210
1539
1586
1901
2252
2532
2730
2972
3127
3434
3640
4035
58
476
537
895
1211
1540
1587
1902
2253
2533
2731
2973
3128
3435
3641
4036
59
477
538
896
1212
1541
1588
1903
2254
2534
2732
2974
3129
3436
3642
4037
60
478
539
897
1213
1542
1589
1904
2255
2535
2733
2975
3130
3437
3643
4038
61
479
540
898
1214
1286
1590
1905
2256
2536
2734
2976
3131
3438
3644
4039
62
480
541
899
1215
1287
1591
1906
2257
2537
2735
2977
3132
3439
3645
4040
63
481
542
900
1216
1288
1592
1907
2258
2538
2736
2978
3133
3440
3646
4041
64
482
543
901
1217
1289
1593
1908
2259
2539
2737
2979
3134
3441
3647
4042
65
483
544
902
1218
1290
1594
1909
2260
2540
2738
2980
3135
3442
3648
4043
66
484
545
903
1219
1291
1595
1910
2261
2541
2739
2981
3136
3443
3649
4044
67
485
546
904
1220
1292
1596
1911
2262
2542
2740
2982
3137
3444
3650
4045
68
486
547
905
1221
1293
1597
1912
2263
2543
2741
2983
3138
3445
3651
4046
69
487
548
906
1222
1294
1598
1913
2264
2544
2742
2984
3139
3446
3652
4047
70
488
549
907
1223
1295
1599
1914
2265
2545
2743
2985
3140
3447
3653
4048
71
489
550
908
1224
1296
1600
1915
2266
2546
2744
2986
3141
3448
3654
4049
72
490
551
909
1225
1297
1601
1916
2267
2547
2745
2987
3142
3449
3655
4050
73
491
552
910
1226
1298
1602
1917
2268
2548
2746
2988
3143
3450
3656
4051
74
492
553
911
1227
1299
1603
1918
2269
2549
2747
2989
3144
3451
3657
4052
75
493
554
912
1228
1300
1604
1919
2270
2550
2748
2990
3145
3452
3658
4053
76
494
555
913
1229
1301
1605
1920
2271
2551
2749
2991
3146
3453
3659
4054
77
495
556
914
1230
1302
1606
1921
2272
2552
2750
2992
3147
3454
3660
4055
78
496
557
915
1231
1303
1607
1922
2273
2553
2751
2993
3148
3455
3661
4056
79
497
558
916
1232
1304
1608
1923
2274
2554
2752
2994
3149
3456
3662
4057
80
498
559
917
1233
1305
1609
1924
2275
2555
2753
2995
3150
3457
3663
4058
81
499
560
918
1234
1306
1610
1925
2276
2556
2754
2996
3151
3458
3664
4059
82
500
561
919
1235
1307
1611
1926
2277
2557
2755
2997
3152
3459
3665
4060
83
501
562
920
1236
1308
1612
1927
2278
2558
2756
2998
3153
3460
3666
4061
84
502
563
921
1237
1309
1613
1928
2279
2559
2757
2999
3154
3461
3667
4062
85
503
564
922
1238
1310
1614
1929
2280
2560
2758
3000
3155
3462
3668
4063
86
504
565
923
1239
1311
1615
1930
2281
2561
2759
3001
3156
3463
3669
4064
87
505
566
924
1240
1312
1616
1931
2282
2562
2760
3002
3157
3464
3670
4065
88
506
567
925
1241
1313
1617
1932
2283
2563
2761
3003
3158
3465
3671
4066
89
507
568
926
1242
1314
1618
1933
2284
2564
2762
3004
3159
3466
3672
4067
90
508
569
927
1243
1315
1619
1934
2285
2565
2763
3005
3160
3467
3673
4068
91
509
570
928
1244
1316
1620
1935
2286
2566
2764
3006
3161
3468
3674
4069
92
510
571
929
1245
1317
1621
1936
2287
2567
2765
3007
3162
3469
3675
4070
93
511
572
930
1246
1318
1622
1937
2288
2568
2766
3008
3163
3470
3676
4071
94
512
573
931
1247
1319
1623
1938
2289
2569
2767
3009
3164
3471
3677
4072
95
513
574
932
1248
1320
1624
1939
2290
2570
2768
3010
3165
3472
3678
4073
96
514
575
933
1249
1321
1625
1940
2291
2314
2769
3011
3166
3473
3679
4074
97
258
576
934
1250
1322
1626
1941
2292
2315
2770
3012
3167
3474
3680
4075
98
259
577
935
1251
1323
1627
1942
2293
2316
2771
3013
3168
3475
3681
4076
99
260
578
936
1252
1324
1628
1943
2294
2317
2772
3014
3169
3476
3682
4077
100
261
579
937
1253
1325
1629
1944
2295
2318
2773
3015
3170
3477
3683
4078
101
262
580
938
1254
1326
1630
1945
2296
2319
2774
3016
3171
3478
3684
4079
102
263
581
939
1255
1327
1631
1946
2297
2320
2775
3017
3172
3479
3685
4080
103
264
582
940
1256
1328
1632
1947
2298
2321
2776
3018
3173
3480
3686
4081
104
265
583
941
1257
1329
1633
1948
2299
2322
2777
3019
3174
3481
3687
4082
105
266
584
942
1258
1330
1634
1949
2300
2323
2778
3020
3175
3482
3688
4083
106
267
585
943
1259
1331
1635
1950
2301
2324
2779
3021
3176
3483
3689
4084
107
268
586
944
1260
1332
1636
1951
2302
2325
2780
3022
3177
3484
3690
4085
108
269
587
945
1261
1333
1637
1952
2303
2326
2781
3023
3178
3485
3691
4086
109
270
588
946
1262
1334
1638
1953
2304
2327
2782
3024
3179
3486
3692
4087
110
271
589
947
1263
1335
1639
1954
2305
2328
2783
3025
3180
3487
3693
4088
111
272
590
948
1264
1336
1640
1955
2306
2329
2784
3026
3181
3488
3694
4089
112
273
591
949
1265
1337
1641
1956
2307
2330
2785
3027
3182
3489
3695
4090
113
274
592
950
1266
1338
1642
1957
2308
2331
2786
3028
3183
3490
3696
4091
114
275
593
951
1267
1339
1643
1958
2309
2332
2787
3029
3184
3491
3697
4092
115
276
594
952
1268
1340
1644
1959
2310
2333
2788
3030
3185
3492
3698
4093
116
277
595
953
1269
1341
1645
1960
2311
2334
2789
3031
3186
3493
3699
4094
117
278
596
954
1270
1342
1646
1961
2312
2335
2790
3032
3187
3494
3700
4095
118
279
597
955
1271
1343
1647
1962
2313
2336
2791
3033
3188
3495
3701
4096
119
280
598
956
1272
1344
1648
1963
2057
2337
2792
3034
3189
3496
3702
4097
120
281
599
957
1273
1345
1649
1964
2058
2338
2793
3035
3190
3497
3703
4098
121
282
600
958
1274
1346
1650
1965
2059
2339
2794
3036
3191
3498
3704
4099
122
283
601
959
1275
1347
1651
1966
2060
2340
2795
3037
3192
3499
3705
4100
123
284
602
960
1276
1348
1652
1967
2061
2341
2796
3038
3193
3500
3706
4101
124
285
603
961
1277
1349
1653
1968
2062
2342
2797
3039
3194
3501
3707
4102
125
286
604
962
1278
1350
1654
1969
2063
2343
2798
3040
3195
3502
3708
4103
126
287
605
963
1279
1351
1655
1970
2064
2344
2799
3041
3196
3503
3709
4104
127
288
606
964
1280
1352
1656
1971
2065
2345
2800
3042
3197
3504
3710
4105
128
289
607
965
1281
1353
1657
1972
2066
2346
2801
3043
3198
3505
3711
4106
129
290
608
966
1282
1354
1658
1973
2067
2347
2802
3044
3199
3506
3712
4107
130
291
609
967
1283
1355
1659
1974
2068
2348
2803
3045
3200
3507
3713
4108
131
292
610
968
1284
1356
1660
1975
2069
2349
2804
3046
3201
3508
3714
4109
132
293
611
969
1285
1357
1661
1976
2070
2350
2805
3047
3202
3509
3715
4110
133
294
612
970
1029
1358
1662
1977
2071
2351
2806
3048
3203
3510
3716
4111
134
295
613
971
1030
1359
1663
1978
2072
2352
2807
3049
3204
3511
3717
4112
135
296
614
972
1031
1360
1664
1979
2073
2353
2808
3050
3205
3512
3718
3856
136
297
615
973
1032
1361
1665
1980
2074
2354
2809
3051
3206
3513
3719
3857
137
298
616
974
1033
1362
1666
1981
2075
2355
2810
3052
3207
3514
3720
3858
138
299
617
975
1034
1363
1667
1982
2076
2356
2811
3053
3208
3515
3721
3859
139
300
618
976
1035
1364
1668
1983
2077
2357
2812
3054
3209
3516
3722
3860
140
301
619
977
1036
1365
1669
1984
2078
2358
2813
3055
3210
3517
3723
3861
141
302
620
978
1037
1366
1670
1985
2079
2359
2814
3056
3211
3518
3724
3862
142
303
621
979
1038
1367
1671
1986
2080
2360
2815
3057
3212
3519
3725
3863
143
304
622
980
1039
1368
1672
1987
2081
2361
2816
3058
3213
3520
3726
3864
144
305
623
981
1040
1369
1673
1988
2082
2362
2817
3059
3214
3521
3727
3865
145
306
624
982
1041
1370
1674
1989
2083
2363
2818
3060
3215
3522
3728
3866
146
307
625
983
1042
1371
1675
1990
2084
2364
2819
3061
3216
3523
3729
3867
147
308
626
984
1043
1372
1676
1991
2085
2365
2820
3062
3217
3524
3730
3868
148
309
627
985
1044
1373
1677
1992
2086
2366
2821
3063
3218
3525
3731
3869
149
310
628
986
1045
1374
1678
1993
2087
2367
2822
3064
3219
3526
3732
3870
150
311
629
987
1046
1375
1679
1994
2088
2368
2823
3065
3220
3527
3733
3871
151
312
630
988
1047
1376
1680
1995
2089
2369
2824
3066
3221
3528
3734
3872
152
313
631
989
1048
1377
1681
1996
2090
2370
2825
3067
3222
3529
3735
3873
153
314
632
990
1049
1378
1682
1997
2091
2371
2826
3068
3223
3530
3736
3874
154
315
633
991
1050
1379
1683
1998
2092
2372
2827
3069
3224
3531
3737
3875
155
316
634
992
1051
1380
1684
1999
2093
2373
2571
3070
3225
3532
3738
3876
156
317
635
993
1052
1381
1685
2000
2094
2374
2572
3071
3226
3533
3739
3877
157
318
636
994
1053
1382
1686
2001
2095
2375
2573
3072
3227
3534
3740
3878
158
319
637
995
1054
1383
1687
2002
2096
2376
2574
3073
3228
3535
3741
3879
159
320
638
996
1055
1384
1688
2003
2097
2377
2575
3074
3229
3536
3742
3880
160
321
639
997
1056
1385
1689
2004
2098
2378
2576
3075
3230
3537
3743
3881
161
322
640
998
1057
1386
1690
2005
2099
2379
2577
3076
3231
3538
3744
3882
162
323
641
999
1058
1387
1691
2006
2100
2380
2578
3077
3232
3539
3745
3883
163
324
642
1000
1059
1388
1692
2007
2101
2381
2579
3078
3233
3540
3746
3884
164
325
643
1001
1060
1389
1693
2008
2102
2382
2580
3079
3234
3541
3747
3885
165
326
644
1002
1061
1390
1694
2009
2103
2383
2581
3080
3235
3542
3748
3886
166
327
645
1003
1062
1391
1695
2010
2104
2384
2582
3081
3236
3543
3749
3887
167
328
646
1004
1063
1392
1696
2011
2105
2385
2583
3082
3237
3544
3750
3888
168
329
647
1005
1064
1393
1697
2012
2106
2386
2584
3083
3238
3545
3751
3889
169
330
648
1006
1065
1394
1698
2013
2107
2387
2585
3084
3239
3546
3752
3890
170
331
649
1007
1066
1395
1699
2014
2108
2388
2586
2828
3240
3547
3753
3891
171
332
650
1008
1067
1396
1700
2015
2109
2389
2587
2829
3241
3548
3754
3892
172
333
651
1009
1068
1397
1701
2016
2110
2390
2588
2830
3242
3549
3755
3893
173
334
652
1010
1069
1398
1702
2017
2111
2391
2589
2831
3243
3550
3756
3894
174
335
653
1011
1070
1399
1703
2018
2112
2392
2590
2832
3244
3551
3757
3895
175
336
654
1012
1071
1400
1704
2019
2113
2393
2591
2833
3245
3552
3758
3896
176
337
655
1013
1072
1401
1705
2020
2114
2394
2592
2834
3246
3553
3759
3897
177
338
656
1014
1073
1402
1706
2021
2115
2395
2593
2835
3247
3554
3760
3898
178
339
657
1015
1074
1403
1707
2022
2116
2396
2594
2836
3248
3555
3761
3899
179
340
658
1016
1075
1404
1708
2023
2117
2397
2595
2837
3249
3556
3762
3900
180
341
659
1017
1076
1405
1709
2024
2118
2398
2596
2838
3250
3557
3763
3901
181
342
660
1018
1077
1406
1710
2025
2119
2399
2597
2839
3251
3558
3764
3902
182
343
661
1019
1078
1407
1711
2026
2120
2400
2598
2840
3252
3559
3765
3903
183
344
662
1020
1079
1408
1712
2027
2121
2401
2599
2841
3253
3560
3766
3904
184
345
663
1021
1080
1409
1713
2028
2122
2402
2600
2842
3254
3561
3767
3905
185
346
664
1022
1081
1410
1714
2029
2123
2403
2601
2843
3255
3562
3768
3906
186
347
665
1023
1082
1411
1715
2030
2124
2404
2602
2844
3256
3563
3769
3907
187
348
666
1024
1083
1412
1716
2031
2125
2405
2603
2845
3257
3564
3770
3908
188
349
667
1025
1084
1413
1717
2032
2126
2406
2604
2846
3258
3565
3771
3909
189
350
668
1026
1085
1414
1718
2033
2127
2407
2605
2847
3259
3566
3772
3910
190
351
669
1027
1086
1415
1719
2034
2128
2408
2606
2848
3260
3567
3773
3911
191
352
670
1028
1087
1416
1720
2035
2129
2409
2607
2849
3261
3568
3774
3912
192
353
671
772
1088
1417
1721
2036
2130
2410
2608
2850
3262
3569
3775
3913
193
354
672
773
1089
1418
1722
2037
2131
2411
2609
2851
3263
3570
3776
3914
194
355
673
774
1090
1419
1723
2038
2132
2412
2610
2852
3264
3571
3777
3915
195
356
674
775
1091
1420
1724
2039
2133
2413
2611
2853
3265
3572
3778
3916
196
357
675
776
1092
1421
1725
2040
2134
2414
2612
2854
3266
3573
3779
3917
197
358
676
777
1093
1422
1726
2041
2135
2415
2613
2855
3267
3574
3780
3918
198
359
677
778
1094
1423
1727
2042
2136
2416
2614
2856
3268
3575
3781
3919
199
360
678
779
1095
1424
1728
2043
2137
2417
2615
2857
3269
3576
3782
3920
200
361
679
780
1096
1425
1729
2044
2138
2418
2616
2858
3270
3577
3783
3921
201
362
680
781
1097
1426
1730
2045
2139
2419
2617
2859
3271
3578
3784
3922
202
363
681
782
1098
1427
1731
2046
2140
2420
2618
2860
3272
3579
3785
3923
203
364
682
783
1099
1428
1732
2047
2141
2421
2619
2861
3273
3580
3786
3924
204
365
683
784
1100
1429
1733
2048
2142
2422
2620
2862
3274
3581
3787
3925
205
366
684
785
1101
1430
1734
2049
2143
2423
2621
2863
3275
3582
3788
3926
206
367
685
786
1102
1431
1735
2050
2144
2424
2622
2864
3276
3583
3789
3927
207
368
686
787
1103
1432
1736
2051
2145
2425
2623
2865
3277
3584
3790
3928
208
369
687
788
1104
1433
1737
2052
2146
2426
2624
2866
3278
3585
3791
3929
209
370
688
789
1105
1434
1738
2053
2147
2427
2625
2867
3279
3586
3792
3930
210
371
689
790
1106
1435
1739
2054
2148
2428
2626
2868
3280
3587
3793
3931
211
372
690
791
1107
1436
1740
2055
2149
2429
2627
2869
3281
3588
3794
3932
212
373
691
792
1108
1437
1741
2056
2150
2430
2628
2870
3282
3589
3795
3933
169
376
532
961
1256
1542
1611
2053
2177
2431
2744
2967
3115
3573
3799
4087
170
377
533
962
1257
1286
1612
2054
2178
2432
2745
2968
3116
3574
3800
4088
171
378
534
963
1258
1287
1613
2055
2179
2433
2746
2969
3117
3575
3801
4089
172
379
535
964
1259
1288
1614
2056
2180
2434
2747
2970
3118
3576
3802
4090
173
380
536
965
1260
1289
1615
1800
2181
2435
2748
2971
3119
3577
3803
4091
174
381
537
966
1261
1290
1616
1801
2182
2436
2749
2972
3120
3578
3804
4092
175
382
538
967
1262
1291
1617
1802
2183
2437
2750
2973
3121
3579
3805
4093
176
383
539
968
1263
1292
1618
1803
2184
2438
2751
2974
3122
3580
3806
4094
177
384
540
969
1264
1293
1619
1804
2185
2439
2752
2975
3123
3581
3807
4095
178
385
541
970
1265
1294
1620
1805
2186
2440
2753
2976
3124
3582
3808
4096
179
386
542
971
1266
1295
1621
1806
2187
2441
2754
2977
3125
3583
3809
4097
180
387
543
972
1267
1296
1622
1807
2188
2442
2755
2978
3126
3584
3810
4098
181
388
544
973
1268
1297
1623
1808
2189
2443
2756
2979
3127
3585
3811
4099
182
389
545
974
1269
1298
1624
1809
2190
2444
2757
2980
3128
3586
3812
4100
183
390
546
975
1270
1299
1625
1810
2191
2445
2758
2981
3129
3587
3813
4101
184
391
547
976
1271
1300
1626
1811
2192
2446
2759
2982
3130
3588
3814
4102
185
392
548
977
1272
1301
1627
1812
2193
2447
2760
2983
3131
3589
3815
4103
186
393
549
978
1273
1302
1628
1813
2194
2448
2761
2984
3132
3590
3816
4104
187
394
550
979
1274
1303
1629
1814
2195
2449
2762
2985
3133
3591
3817
4105
188
395
551
980
1275
1304
1630
1815
2196
2450
2763
2986
3134
3592
3818
4106
189
396
552
981
1276
1305
1631
1816
2197
2451
2764
2987
3135
3593
3819
4107
190
397
553
982
1277
1306
1632
1817
2198
2452
2765
2988
3136
3594
3820
4108
191
398
554
983
1278
1307
1633
1818
2199
2453
2766
2989
3137
3595
3821
4109
192
399
555
984
1279
1308
1634
1819
2200
2454
2767
2990
3138
3596
3822
4110
193
400
556
985
1280
1309
1635
1820
2201
2455
2768
2991
3139
3597
3823
4111
194
401
557
986
1281
1310
1636
1821
2202
2456
2769
2992
3140
3598
3824
4112
195
402
558
987
1282
1311
1637
1822
2203
2457
2770
2993
3141
3342
3825
3856
196
403
559
988
1283
1312
1638
1823
2204
2458
2771
2994
3142
3343
3826
3857
197
404
560
989
1284
1313
1639
1824
2205
2459
2772
2995
3143
3344
3827
3858
198
405
561
990
1285
1314
1640
1825
2206
2460
2773
2996
3144
3345
3828
3859
199
406
562
991
1029
1315
1641
1826
2207
2461
2774
2997
3145
3346
3829
3860
200
407
563
992
1030
1316
1642
1827
2208
2462
2775
2998
3146
3347
3830
3861
201
408
564
993
1031
1317
1643
1828
2209
2463
2776
2999
3147
3348
3831
3862
202
409
565
994
1032
1318
1644
1829
2210
2464
2777
3000
3148
3349
3832
3863
203
410
566
995
1033
1319
1645
1830
2211
2465
2778
3001
3149
3350
3833
3864
204
411
567
996
1034
1320
1646
1831
2212
2466
2779
3002
3150
3351
3834
3865
205
412
568
997
1035
1321
1647
1832
2213
2467
2780
3003
3151
3352
3835
3866
206
413
569
998
1036
1322
1648
1833
2214
2468
2781
3004
3152
3353
3836
3867
207
414
570
999
1037
1323
1649
1834
2215
2469
2782
3005
3153
3354
3837
3868
208
415
571
1000
1038
1324
1650
1835
2216
2470
2783
3006
3154
3355
3838
3869
209
416
572
1001
1039
1325
1651
1836
2217
2471
2784
3007
3155
3356
3839
3870
210
417
573
1002
1040
1326
1652
1837
2218
2472
2785
3008
3156
3357
3840
3871
211
418
574
1003
1041
1327
1653
1838
2219
2473
2786
3009
3157
3358
3841
3872
212
419
575
1004
1042
1328
1654
1839
2220
2474
2787
3010
3158
3359
3842
3873
213
420
576
1005
1043
1329
1655
1840
2221
2475
2788
3011
3159
3360
3843
3874
214
421
577
1006
1044
1330
1656
1841
2222
2476
2789
3012
3160
3361
3844
3875
215
422
578
1007
1045
1331
1657
1842
2223
2477
2790
3013
3161
3362
3845
3876
216
423
579
1008
1046
1332
1658
1843
2224
2478
2791
3014
3162
3363
3846
3877
217
424
580
1009
1047
1333
1659
1844
2225
2479
2792
3015
3163
3364
3847
3878
218
425
581
1010
1048
1334
1660
1845
2226
2480
2793
3016
3164
3365
3848
3879
219
426
582
1011
1049
1335
1661
1846
2227
2481
2794
3017
3165
3366
3849
3880
220
427
583
1012
1050
1336
1662
1847
2228
2482
2795
3018
3166
3367
3850
3881
221
428
584
1013
1051
1337
1663
1848
2229
2483
2796
3019
3167
3368
3851
3882
222
429
585
1014
1052
1338
1664
1849
2230
2484
2797
3020
3168
3369
3852
3883
223
430
586
1015
1053
1339
1665
1850
2231
2485
2798
3021
3169
3370
3853
3884
224
431
587
1016
1054
1340
1666
1851
2232
2486
2799
3022
3170
3371
3854
3885
225
432
588
1017
1055
1341
1667
1852
2233
2487
2800
3023
3171
3372
3855
3886
226
433
589
1018
1056
1342
1668
1853
2234
2488
2801
3024
3172
3373
3599
3887
227
434
590
1019
1057
1343
1669
1854
2235
2489
2802
3025
3173
3374
3600
3888
228
435
591
1020
1058
1344
1670
1855
2236
2490
2803
3026
3174
3375
3601
3889
229
436
592
1021
1059
1345
1671
1856
2237
2491
2804
3027
3175
3376
3602
3890
230
437
593
1022
1060
1346
1672
1857
2238
2492
2805
3028
3176
3377
3603
3891
231
438
594
1023
1061
1347
1673
1858
2239
2493
2806
3029
3177
3378
3604
3892
232
439
595
1024
1062
1348
1674
1859
2240
2494
2807
3030
3178
3379
3605
3893
233
440
596
1025
1063
1349
1675
1860
2241
2495
2808
3031
3179
3380
3606
3894
234
441
597
1026
1064
1350
1676
1861
2242
2496
2809
3032
3180
3381
3607
3895
235
442
598
1027
1065
1351
1677
1862
2243
2497
2810
3033
3181
3382
3608
3896
236
443
599
1028
1066
1352
1678
1863
2244
2498
2811
3034
3182
3383
3609
3897
237
444
600
772
1067
1353
1679
1864
2245
2499
2812
3035
3183
3384
3610
3898
238
445
601
773
1068
1354
1680
1865
2246
2500
2813
3036
3184
3385
3611
3899
239
446
602
774
1069
1355
1681
1866
2247
2501
2814
3037
3185
3386
3612
3900
240
447
603
775
1070
1356
1682
1867
2248
2502
2815
3038
3186
3387
3613
3901
241
448
604
776
1071
1357
1683
1868
2249
2503
2816
3039
3187
3388
3614
3902
242
449
605
777
1072
1358
1684
1869
2250
2504
2817
3040
3188
3389
3615
3903
243
450
606
778
1073
1359
1685
1870
2251
2505
2818
3041
3189
3390
3616
3904
244
451
607
779
1074
1360
1686
1871
2252
2506
2819
3042
3190
3391
3617
3905
245
452
608
780
1075
1361
1687
1872
2253
2507
2820
3043
3191
3392
3618
3906
246
453
609
781
1076
1362
1688
1873
2254
2508
2821
3044
3192
3393
3619
3907
247
454
610
782
1077
1363
1689
1874
2255
2509
2822
3045
3193
3394
3620
3908
248
455
611
783
1078
1364
1690
1875
2256
2510
2823
3046
3194
3395
3621
3909
249
456
612
784
1079
1365
1691
1876
2257
2511
2824
3047
3195
3396
3622
3910
250
457
613
785
1080
1366
1692
1877
2258
2512
2825
3048
3196
3397
3623
3911
251
458
614
786
1081
1367
1693
1878
2259
2513
2826
3049
3197
3398
3624
3912
252
459
615
787
1082
1368
1694
1879
2260
2514
2827
3050
3198
3399
3625
3913
253
460
616
788
1083
1369
1695
1880
2261
2515
2571
3051
3199
3400
3626
3914
254
461
617
789
1084
1370
1696
1881
2262
2516
2572
3052
3200
3401
3627
3915
255
462
618
790
1085
1371
1697
1882
2263
2517
2573
3053
3201
3402
3628
3916
256
463
619
791
1086
1372
1698
1883
2264
2518
2574
3054
3202
3403
3629
3917
257
464
620
792
1087
1373
1699
1884
2265
2519
2575
3055
3203
3404
3630
3918
1
465
621
793
1088
1374
1700
1885
2266
2520
2576
3056
3204
3405
3631
3919
2
466
622
794
1089
1375
1701
1886
2267
2521
2577
3057
3205
3406
3632
3920
3
467
623
795
1090
1376
1702
1887
2268
2522
2578
3058
3206
3407
3633
3921
4
468
624
796
1091
1377
1703
1888
2269
2523
2579
3059
3207
3408
3634
3922
5
469
625
797
1092
1378
1704
1889
2270
2524
2580
3060
3208
3409
3635
3923
6
470
626
798
1093
1379
1705
1890
2271
2525
2581
3061
3209
3410
3636
3924
7
471
627
799
1094
1380
1706
1891
2272
2526
2582
3062
3210
3411
3637
3925
8
472
628
800
1095
1381
1707
1892
2273
2527
2583
3063
3211
3412
3638
3926
9
473
629
801
1096
1382
1708
1893
2274
2528
2584
3064
3212
3413
3639
3927
10
474
630
802
1097
1383
1709
1894
2275
2529
2585
3065
3213
3414
3640
3928
11
475
631
803
1098
1384
1710
1895
2276
2530
2586
3066
3214
3415
3641
3929
12
476
632
804
1099
1385
1711
1896
2277
2531
2587
3067
3215
3416
3642
3930
13
477
633
805
1100
1386
1712
1897
2278
2532
2588
3068
3216
3417
3643
3931
14
478
634
806
1101
1387
1713
1898
2279
2533
2589
3069
3217
3418
3644
3932
15
479
635
807
1102
1388
1714
1899
2280
2534
2590
3070
3218
3419
3645
3933
16
480
636
808
1103
1389
1715
1900
2281
2535
2591
3071
3219
3420
3646
3934
17
481
637
809
1104
1390
1716
1901
2282
2536
2592
3072
3220
3421
3647
3935
18
482
638
810
1105
1391
1717
1902
2283
2537
2593
3073
3221
3422
3648
3936
19
483
639
811
1106
1392
1718
1903
2284
2538
2594
3074
3222
3423
3649
3937
20
484
640
812
1107
1393
1719
1904
2285
2539
2595
3075
3223
3424
3650
3938
21
485
641
813
1108
1394
1720
1905
2286
2540
2596
3076
3224
3425
3651
3939
22
486
642
814
1109
1395
1721
1906
2287
2541
2597
3077
3225
3426
3652
3940
23
487
643
815
1110
1396
1722
1907
2288
2542
2598
3078
3226
3427
3653
3941
24
488
644
816
1111
1397
1723
1908
2289
2543
2599
3079
3227
3428
3654
3942
25
489
645
817
1112
1398
1724
1909
2290
2544
2600
3080
3228
3429
3655
3943
26
490
646
818
1113
1399
1725
1910
2291
2545
2601
3081
3229
3430
3656
3944
27
491
647
819
1114
1400
1726
1911
2292
2546
2602
3082
3230
3431
3657
3945
28
492
648
820
1115
1401
1727
1912
2293
2547
2603
3083
3231
3432
3658
3946
29
493
649
821
1116
1402
1728
1913
2294
2548
2604
3084
3232
3433
3659
3947
30
494
650
822
1117
1403
1729
1914
2295
2549
2605
2828
3233
3434
3660
3948
31
495
651
823
1118
1404
1730
1915
2296
2550
2606
2829
3234
3435
3661
3949
32
496
652
824
1119
1405
1731
1916
2297
2551
2607
2830
3235
3436
3662
3950
33
497
653
825
1120
1406
1732
1917
2298
2552
2608
2831
3236
3437
3663
3951
34
498
654
826
1121
1407
1733
1918
2299
2553
2609
2832
3237
3438
3664
3952
35
499
655
827
1122
1408
1734
1919
2300
2554
2610
2833
3238
3439
3665
3953
36
500
656
828
1123
1409
1735
1920
2301
2555
2611
2834
3239
3440
3666
3954
37
501
657
829
1124
1410
1736
1921
2302
2556
2612
2835
3240
3441
3667
3955
38
502
658
830
1125
1411
1737
1922
2303
2557
2613
2836
3241
3442
3668
3956
39
503
659
831
1126
1412
1738
1923
2304
2558
2614
2837
3242
3443
3669
3957
40
504
660
832
1127
1413
1739
1924
2305
2559
2615
2838
3243
3444
3670
3958
41
505
661
833
1128
1414
1740
1925
2306
2560
2616
2839
3244
3445
3671
3959
42
506
662
834
1129
1415
1741
1926
2307
2561
2617
2840
3245
3446
3672
3960
43
507
663
835
1130
1416
1742
1927
2308
2562
2618
2841
3246
3447
3673
3961
44
508
664
836
1131
1417
1743
1928
2309
2563
2619
2842
3247
3448
3674
3962
45
509
665
837
1132
1418
1744
1929
2310
2564
2620
2843
3248
3449
3675
3963
46
510
666
838
1133
1419
1745
1930
2311
2565
2621
2844
3249
3450
3676
3964
47
511
667
839
1134
1420
1746
1931
2312
2566
2622
2845
3250
3451
3677
3965
48
512
668
840
1135
1421
1747
1932
2313
2567
2623
2846
3251
3452
3678
3966
49
513
669
841
1136
1422
1748
1933
2057
2568
2624
2847
3252
3453
3679
3967
50
514
670
842
1137
1423
1749
1934
2058
2569
2625
2848
3253
3454
3680
3968
51
258
671
843
1138
1424
1750
1935
2059
2570
2626
2849
3254
3455
3681
3969
52
259
672
844
1139
1425
1751
1936
2060
2314
2627
2850
3255
3456
3682
3970
53
260
673
845
1140
1426
1752
1937
2061
2315
2628
2851
3256
3457
3683
3971
54
261
674
846
1141
1427
1753
1938
2062
2316
2629
2852
3257
3458
3684
3972
55
262
675
847
1142
1428
1754
1939
2063
2317
2630
2853
3258
3459
3685
3973
56
263
676
848
1143
1429
1755
1940
2064
2318
2631
2854
3259
3460
3686
3974
57
264
677
849
1144
1430
1756
1941
2065
2319
2632
2855
3260
3461
3687
3975
58
265
678
850
1145
1431
1757
1942
2066
2320
2633
2856
3261
3462
3688
3976
59
266
679
851
1146
1432
1758
1943
2067
2321
2634
2857
3262
3463
3689
3977
60
267
680
852
1147
1433
1759
1944
2068
2322
2635
2858
3263
3464
3690
3978
61
268
681
853
1148
1434
1760
1945
2069
2323
2636
2859
3264
3465
3691
3979
62
269
682
854
1149
1435
1761
1946
2070
2324
2637
2860
3265
3466
3692
3980
63
270
683
855
1150
1436
1762
1947
2071
2325
2638
2861
3266
3467
3693
3981
64
271
684
856
1151
1437
1763
1948
2072
2326
2639
2862
3267
3468
3694
3982
65
272
685
857
1152
1438
1764
1949
2073
2327
2640
2863
3268
3469
3695
3983
66
273
686
858
1153
1439
1765
1950
2074
2328
2641
2864
3269
3470
3696
3984
67
274
687
859
1154
1440
1766
1951
2075
2329
2642
2865
3270
3471
3697
3985
68
275
688
860
1155
1441
1767
1952
2076
2330
2643
2866
3271
3472
3698
3986
69
276
689
861
1156
1442
1768
1953
2077
2331
2644
2867
3272
3473
3699
3987
70
277
690
862
1157
1443
1769
1954
2078
2332
2645
2868
3273
3474
3700
3988
71
278
691
863
1158
1444
1770
1955
2079
2333
2646
2869
3274
3475
3701
3989
72
279
692
864
1159
1445
1771
1956
2080
2334
2647
2870
3275
3476
3702
3990
73
280
693
865
1160
1446
1772
1957
2081
2335
2648
2871
3276
3477
3703
3991
74
281
694
866
1161
1447
1773
1958
2082
2336
2649
2872
3277
3478
3704
3992
75
282
695
867
1162
1448
1774
1959
2083
2337
2650
2873
3278
3479
3705
3993
76
283
696
868
1163
1449
1775
1960
2084
2338
2651
2874
3279
3480
3706
3994
77
284
697
869
1164
1450
1776
1961
2085
2339
2652
2875
3280
3481
3707
3995
78
285
698
870
1165
1451
1777
1962
2086
2340
2653
2876
3281
3482
3708
3996
79
286
699
871
1166
1452
1778
1963
2087
2341
2654
2877
3282
3483
3709
3997
80
287
700
872
1167
1453
1779
1964
2088
2342
2655
2878
3283
3484
3710
3998
81
288
701
873
1168
1454
1780
1965
2089
2343
2656
2879
3284
3485
3711
3999
82
289
702
874
1169
1455
1781
1966
2090
2344
2657
2880
3285
3486
3712
4000
83
290
703
875
1170
1456
1782
1967
2091
2345
2658
2881
3286
3487
3713
4001
84
291
704
876
1171
1457
1783
1968
2092
2346
2659
2882
3287
3488
3714
4002
85
292
705
877
1172
1458
1784
1969
2093
2347
2660
2883
3288
3489
3715
4003
86
293
706
878
1173
1459
1785
1970
2094
2348
2661
2884
3289
3490
3716
4004
87
294
707
879
1174
1460
1786
1971
2095
2349
2662
2885
3290
3491
3717
4005
88
295
708
880
1175
1461
1787
1972
2096
2350
2663
2886
3291
3492
3718
4006
89
296
709
881
1176
1462
1788
1973
2097
2351
2664
2887
3292
3493
3719
4007
90
297
710
882
1177
1463
1789
1974
2098
2352
2665
2888
3293
3494
3720
4008
91
298
711
883
1178
1464
1790
1975
2099
2353
2666
2889
3294
3495
3721
4009
92
299
712
884
1179
1465
1791
1976
2100
2354
2667
2890
3295
3496
3722
4010
93
300
713
885
1180
1466
1792
1977
2101
2355
2668
2891
3296
3497
3723
4011
94
301
714
886
1181
1467
1793
1978
2102
2356
2669
2892
3297
3498
3724
4012
95
302
715
887
1182
1468
1794
1979
2103
2357
2670
2893
3298
3499
3725
4013
96
303
716
888
1183
1469
1795
1980
2104
2358
2671
2894
3299
3500
3726
4014
97
304
717
889
1184
1470
1796
1981
2105
2359
2672
2895
3300
3501
3727
4015
98
305
718
890
1185
1471
1797
1982
2106
2360
2673
2896
3301
3502
3728
4016
99
306
719
891
1186
1472
1798
1983
2107
2361
2674
2897
3302
3503
3729
4017
100
307
720
892
1187
1473
1799
1984
2108
2362
2675
2898
3303
3504
3730
4018
101
308
721
893
1188
1474
1543
1985
2109
2363
2676
2899
3304
3505
3731
4019
102
309
722
894
1189
1475
1544
1986
2110
2364
2677
2900
3305
3506
3732
4020
103
310
723
895
1190
1476
1545
1987
2111
2365
2678
2901
3306
3507
3733
4021
104
311
724
896
1191
1477
1546
1988
2112
2366
2679
2902
3307
3508
3734
4022
105
312
725
897
1192
1478
1547
1989
2113
2367
2680
2903
3308
3509
3735
4023
106
313
726
898
1193
1479
1548
1990
2114
2368
2681
2904
3309
3510
3736
4024
107
314
727
899
1194
1480
1549
1991
2115
2369
2682
2905
3310
3511
3737
4025
108
315
728
900
1195
1481
1550
1992
2116
2370
2683
2906
3311
3512
3738
4026
109
316
729
901
1196
1482
1551
1993
2117
2371
2684
2907
3312
3513
3739
4027
110
317
730
902
1197
1483
1552
1994
2118
2372
2685
2908
3313
3514
3740
4028
111
318
731
903
1198
1484
1553
1995
2119
2373
2686
2909
3314
3515
3741
4029
112
319
732
904
1199
1485
1554
1996
2120
2374
2687
2910
3315
3516
3742
4030
113
320
733
905
1200
1486
1555
1997
2121
2375
2688
2911
3316
3517
3743
4031
114
321
734
906
1201
1487
1556
1998
2122
2376
2689
2912
3317
3518
3744
4032
115
322
735
907
1202
1488
1557
1999
2123
2377
2690
2913
3318
3519
3745
4033
116
323
736
908
1203
1489
1558
2000
2124
2378
2691
2914
3319
3520
3746
4034
117
324
737
909
1204
1490
1559
2001
2125
2379
2692
2915
3320
3521
3747
4035
118
325
738
910
1205
1491
1560
2002
2126
2380
2693
2916
3321
3522
3748
4036
119
326
739
911
1206
1492
1561
2003
2127
2381
2694
2917
3322
3523
3749
4037
120
327
740
912
1207
1493
1562
2004
2128
2382
2695
2918
3323
3524
3750
4038
121
328
741
913
1208
1494
1563
2005
2129
2383
2696
2919
3324
3525
3751
4039
122
329
742
914
1209
1495
1564
2006
2130
2384
2697
2920
3325
3526
3752
4040
123
330
743
915
1210
1496
1565
2007
2131
2385
2698
2921
3326
3527
3753
4041
124
331
744
916
1211
1497
1566
2008
2132
2386
2699
2922
3327
3528
3754
4042
125
332
745
917
1212
1498
1567
2009
2133
2387
2700
2923
3328
3529
3755
4043
126
333
746
918
1213
1499
1568
2010
2134
2388
2701
2924
3329
3530
3756
4044
127
334
747
919
1214
1500
1569
2011
2135
2389
2702
2925
3330
3531
3757
4045
128
335
748
920
1215
1501
1570
2012
2136
2390
2703
2926
3331
3532
3758
4046
129
336
749
921
1216
1502
1571
2013
2137
2391
2704
2927
3332
3533
3759
4047
130
337
750
922
1217
1503
1572
2014
2138
2392
2705
2928
3333
3534
3760
4048
131
338
751
923
1218
1504
1573
2015
2139
2393
2706
2929
3334
3535
3761
4049
132
339
752
924
1219
1505
1574
2016
2140
2394
2707
2930
3335
3536
3762
4050
133
340
753
925
1220
1506
1575
2017
2141
2395
2708
2931
3336
3537
3763
4051
134
341
754
926
1221
1507
1576
2018
2142
2396
2709
2932
3337
3538
3764
4052
135
342
755
927
1222
1508
1577
2019
2143
2397
2710
2933
3338
3539
3765
4053
136
343
756
928
1223
1509
1578
2020
2144
2398
2711
2934
3339
3540
3766
4054
137
344
757
929
1224
1510
1579
2021
2145
2399
2712
2935
3340
3541
3767
4055
138
345
758
930
1225
1511
1580
2022
2146
2400
2713
2936
3341
3542
3768
4056
139
346
759
931
1226
1512
1581
2023
2147
2401
2714
2937
3085
3543
3769
4057
140
347
760
932
1227
1513
1582
2024
2148
2402
2715
2938
3086
3544
3770
4058
141
348
761
933
1228
1514
1583
2025
2149
2403
2716
2939
3087
3545
3771
4059
142
349
762
934
1229
1515
1584
2026
2150
2404
2717
2940
3088
3546
3772
4060
143
350
763
935
1230
1516
1585
2027
2151
2405
2718
2941
3089
3547
3773
4061
144
351
764
936
1231
1517
1586
2028
2152
2406
2719
2942
3090
3548
3774
4062
145
352
765
937
1232
1518
1587
2029
2153
2407
2720
2943
3091
3549
3775
4063
146
353
766
938
1233
1519
1588
2030
2154
2408
2721
2944
3092
3550
3776
4064
147
354
767
939
1234
1520
1589
2031
2155
2409
2722
2945
3093
3551
3777
4065
148
355
768
940
1235
1521
1590
2032
2156
2410
2723
2946
3094
3552
3778
4066
149
356
769
941
1236
1522
1591
2033
2157
2411
2724
2947
3095
3553
3779
4067
150
357
770
942
1237
1523
1592
2034
2158
2412
2725
2948
3096
3554
3780
4068
151
358
771
943
1238
1524
1593
2035
2159
2413
2726
2949
3097
3555
3781
4069
152
359
515
944
1239
1525
1594
2036
2160
2414
2727
2950
3098
3556
3782
4070
153
360
516
945
1240
1526
1595
2037
2161
2415
2728
2951
3099
3557
3783
4071
154
361
517
946
1241
1527
1596
2038
2162
2416
2729
2952
3100
3558
3784
4072
155
362
518
947
1242
1528
1597
2039
2163
2417
2730
2953
3101
3559
3785
4073
156
363
519
948
1243
1529
1598
2040
2164
2418
2731
2954
3102
3560
3786
4074
157
364
520
949
1244
1530
1599
2041
2165
2419
2732
2955
3103
3561
3787
4075
158
365
521
950
1245
1531
1600
2042
2166
2420
2733
2956
3104
3562
3788
4076
159
366
522
951
1246
1532
1601
2043
2167
2421
2734
2957
3105
3563
3789
4077
160
367
523
952
1247
1533
1602
2044
2168
2422
2735
2958
3106
3564
3790
4078
161
368
524
953
1248
1534
1603
2045
2169
2423
2736
2959
3107
3565
3791
4079
162
369
525
954
1249
1535
1604
2046
2170
2424
2737
2960
3108
3566
3792
4080
163
370
526
955
1250
1536
1605
2047
2171
2425
2738
2961
3109
3567
3793
4081
164
371
527
956
1251
1537
1606
2048
2172
2426
2739
2962
3110
3568
3794
4082
165
372
528
957
1252
1538
1607
2049
2173
2427
2740
2963
3111
3569
3795
4083
166
373
529
958
1253
1539
1608
2050
2174
2428
2741
2964
3112
3570
3796
4084
167
374
530
959
1254
1540
1609
2051
2175
2429
2742
2965
3113
3571
3797
4085
241
308
633
980
1216
1320
1769
1858
2103
2492
2712
3004
3218
3574
3795
3917
242
309
634
981
1217
1321
1770
1859
2104
2493
2713
3005
3219
3575
3796
3918
243
310
635
982
1218
1322
1771
1860
2105
2494
2714
3006
3220
3576
3797
3919
244
311
636
983
1219
1323
1772
1861
2106
2495
2715
3007
3221
3577
3798
3920
245
312
637
984
1220
1324
1773
1862
2107
2496
2716
3008
3222
3578
3799
3921
246
313
638
985
1221
1325
1774
1863
2108
2497
2717
3009
3223
3579
3800
3922
247
314
639
986
1222
1326
1775
1864
2109
2498
2718
3010
3224
3580
3801
3923
248
315
640
987
1223
1327
1776
1865
2110
2499
2719
3011
3225
3581
3802
3924
249
316
641
988
1224
1328
1777
1866
2111
2500
2720
3012
3226
3582
3803
3925
250
317
642
989
1225
1329
1778
1867
2112
2501
2721
3013
3227
3583
3804
3926
251
318
643
990
1226
1330
1779
1868
2113
2502
2722
3014
3228
3584
3805
3927
252
319
644
991
1227
1331
1780
1869
2114
2503
2723
3015
3229
3585
3806
3928
253
320
645
992
1228
1332
1781
1870
2115
2504
2724
3016
3230
3586
3807
3929
254
321
646
993
1229
1333
1782
1871
2116
2505
2725
3017
3231
3587
3808
3930
255
322
647
994
1230
1334
1783
1872
2117
2506
2726
3018
3232
3588
3809
3931
256
323
648
995
1231
1335
1784
1873
2118
2507
2727
3019
3233
3589
3810
3932
257
324
649
996
1232
1336
1785
1874
2119
2508
2728
3020
3234
3590
3811
3933
1
325
650
997
1233
1337
1786
1875
2120
2509
2729
3021
3235
3591
3812
3934
2
326
651
998
1234
1338
1787
1876
2121
2510
2730
3022
3236
3592
3813
3935
3
327
652
999
1235
1339
1788
1877
2122
2511
2731
3023
3237
3593
3814
3936
4
328
653
1000
1236
1340
1789
1878
2123
2512
2732
3024
3238
3594
3815
3937
5
329
654
1001
1237
1341
1790
1879
2124
2513
2733
3025
3239
3595
3816
3938
6
330
655
1002
1238
1342
1791
1880
2125
2514
2734
3026
3240
3596
3817
3939
7
331
656
1003
1239
1343
1792
1881
2126
2515
2735
3027
3241
3597
3818
3940
8
332
657
1004
1240
1344
1793
1882
2127
2516
2736
3028
3242
3598
3819
3941
9
333
658
1005
1241
1345
1794
1883
2128
2517
2737
3029
3243
3342
3820
3942
10
334
659
1006
1242
1346
1795
1884
2129
2518
2738
3030
3244
3343
3821
3943
11
335
660
1007
1243
1347
1796
1885
2130
2519
2739
3031
3245
3344
3822
3944
12
336
661
1008
1244
1348
1797
1886
2131
2520
2740
3032
3246
3345
3823
3945
13
337
662
1009
1245
1349
1798
1887
2132
2521
2741
3033
3247
3346
3824
3946
14
338
663
1010
1246
1350
1799
1888
2133
2522
2742
3034
3248
3347
3825
3947
15
339
664
1011
1247
1351
1543
1889
2134
2523
2743
3035
3249
3348
3826
3948
16
340
665
1012
1248
1352
1544
1890
2135
2524
2744
3036
3250
3349
3827
3949
17
341
666
1013
1249
1353
1545
1891
2136
2525
2745
3037
3251
3350
3828
3950
18
342
667
1014
1250
1354
1546
1892
2137
2526
2746
3038
3252
3351
3829
3951
19
343
668
1015
1251
1355
1547
1893
2138
2527
2747
3039
3253
3352
3830
3952
20
344
669
1016
1252
1356
1548
1894
2139
2528
2748
3040
3254
3353
3831
3953
21
345
670
1017
1253
1357
1549
1895
2140
2529
2749
3041
3255
3354
3832
3954
22
346
671
1018
1254
1358
1550
1896
2141
2530
2750
3042
3256
3355
3833
3955
23
347
672
1019
1255
1359
1551
1897
2142
2531
2751
3043
3257
3356
3834
3956
24
348
673
1020
1256
1360
1552
1898
2143
2532
2752
3044
3258
3357
3835
3957
25
349
674
1021
1257
1361
1553
1899
2144
2533
2753
3045
3259
3358
3836
3958
26
350
675
1022
1258
1362
1554
1900
2145
2534
2754
3046
3260
3359
3837
3959
27
351
676
1023
1259
1363
1555
1901
2146
2535
2755
3047
3261
3360
3838
3960
28
352
677
1024
1260
1364
1556
1902
2147
2536
2756
3048
3262
3361
3839
3961
29
353
678
1025
1261
1365
1557
1903
2148
2537
2757
3049
3263
3362
3840
3962
30
354
679
1026
1262
1366
1558
1904
2149
2538
2758
3050
3264
3363
3841
3963
31
355
680
1027
1263
1367
1559
1905
2150
2539
2759
3051
3265
3364
3842
3964
32
356
681
1028
1264
1368
1560
1906
2151
2540
2760
3052
3266
3365
3843
3965
33
357
682
772
1265
1369
1561
1907
2152
2541
2761
3053
3267
3366
3844
3966
34
358
683
773
1266
1370
1562
1908
2153
2542
2762
3054
3268
3367
3845
3967
35
359
684
774
1267
1371
1563
1909
2154
2543
2763
3055
3269
3368
3846
3968
36
360
685
775
1268
1372
1564
1910
2155
2544
2764
3056
3270
3369
3847
3969
37
361
686
776
1269
1373
1565
1911
2156
2545
2765
3057
3271
3370
3848
3970
38
362
687
777
1270
1374
1566
1912
2157
2546
2766
3058
3272
3371
3849
3971
39
363
688
778
1271
1375
1567
1913
2158
2547
2767
3059
3273
3372
3850
3972
40
364
689
779
1272
1376
1568
1914
2159
2548
2768
3060
3274
3373
3851
3973
41
365
690
780
1273
1377
1569
1915
2160
2549
2769
3061
3275
3374
3852
3974
42
366
691
781
1274
1378
1570
1916
2161
2550
2770
3062
3276
3375
3853
3975
43
367
692
782
1275
1379
1571
1917
2162
2551
2771
3063
3277
3376
3854
3976
44
368
693
783
1276
1380
1572
1918
2163
2552
2772
3064
3278
3377
3855
3977
45
369
694
784
1277
1381
1573
1919
2164
2553
2773
3065
3279
3378
3599
3978
46
370
695
785
1278
1382
1574
1920
2165
2554
2774
3066
3280
3379
3600
3979
47
371
696
786
1279
1383
1575
1921
2166
2555
2775
3067
3281
3380
3601
3980
48
372
697
787
1280
1384
1576
1922
2167
2556
2776
3068
3282
3381
3602
3981
49
373
698
788
1281
1385
1577
1923
2168
2557
2777
3069
3283
3382
3603
3982
50
374
699
789
1282
1386
1578
1924
2169
2558
2778
3070
3284
3383
3604
3983
51
375
700
790
1283
1387
1579
1925
2170
2559
2779
3071
3285
3384
3605
3984
52
376
701
791
1284
1388
1580
1926
2171
2560
2780
3072
3286
3385
3606
3985
53
377
702
792
1285
1389
1581
1927
2172
2561
2781
3073
3287
3386
3607
3986
54
378
703
793
1029
1390
1582
1928
2173
2562
2782
3074
3288
3387
3608
3987
55
379
704
794
1030
1391
1583
1929
2174
2563
2783
3075
3289
3388
3609
3988
56
380
705
795
1031
1392
1584
1930
2175
2564
2784
3076
3290
3389
3610
3989
57
381
706
796
1032
1393
1585
1931
2176
2565
2785
3077
3291
3390
3611
3990
58
382
707
797
1033
1394
1586
1932
2177
2566
2786
3078
3292
3391
3612
3991
59
383
708
798
1034
1395
1587
1933
2178
2567
2787
3079
3293
3392
3613
3992
60
384
709
799
1035
1396
1588
1934
2179
2568
2788
3080
3294
3393
3614
3993
61
385
710
800
1036
1397
1589
1935
2180
2569
2789
3081
3295
3394
3615
3994
62
386
711
801
1037
1398
1590
1936
2181
2570
2790
3082
3296
3395
3616
3995
63
387
712
802
1038
1399
1591
1937
2182
2314
2791
3083
3297
3396
3617
3996
64
388
713
803
1039
1400
1592
1938
2183
2315
2792
3084
3298
3397
3618
3997
65
389
714
804
1040
1401
1593
1939
2184
2316
2793
2828
3299
3398
3619
3998
66
390
715
805
1041
1402
1594
1940
2185
2317
2794
2829
3300
3399
3620
3999
67
391
716
806
1042
1403
1595
1941
2186
2318
2795
2830
3301
3400
3621
4000
68
392
717
807
1043
1404
1596
1942
2187
2319
2796
2831
3302
3401
3622
4001
69
393
718
808
1044
1405
1597
1943
2188
2320
2797
2832
3303
3402
3623
4002
70
394
719
809
1045
1406
1598
1944
2189
2321
2798
2833
3304
3403
3624
4003
71
395
720
810
1046
1407
1599
1945
2190
2322
2799
2834
3305
3404
3625
4004
72
396
721
811
1047
1408
1600
1946
2191
2323
2800
2835
3306
3405
3626
4005
73
397
722
812
1048
1409
1601
1947
2192
2324
2801
2836
3307
3406
3627
4006
74
398
723
813
1049
1410
1602
1948
2193
2325
2802
2837
3308
3407
3628
4007
75
399
724
814
1050
1411
1603
1949
2194
2326
2803
2838
3309
3408
3629
4008
76
400
725
815
1051
1412
1604
1950
2195
2327
2804
2839
3310
3409
3630
4009
77
401
726
816
1052
1413
1605
1951
2196
2328
2805
2840
3311
3410
3631
4010
78
402
727
817
1053
1414
1606
1952
2197
2329
2806
2841
3312
3411
3632
4011
79
403
728
818
1054
1415
1607
1953
2198
2330
2807
2842
3313
3412
3633
4012
80
404
729
819
1055
1416
1608
1954
2199
2331
2808
2843
3314
3413
3634
4013
81
405
730
820
1056
1417
1609
1955
2200
2332
2809
2844
3315
3414
3635
4014
82
406
731
821
1057
1418
1610
1956
2201
2333
2810
2845
3316
3415
3636
4015
83
407
732
822
1058
1419
1611
1957
2202
2334
2811
2846
3317
3416
3637
4016
84
408
733
823
1059
1420
1612
1958
2203
2335
2812
2847
3318
3417
3638
4017
85
409
734
824
1060
1421
1613
1959
2204
2336
2813
2848
3319
3418
3639
4018
86
410
735
825
1061
1422
1614
1960
2205
2337
2814
2849
3320
3419
3640
4019
87
411
736
826
1062
1423
1615
1961
2206
2338
2815
2850
3321
3420
3641
4020
88
412
737
827
1063
1424
1616
1962
2207
2339
2816
2851
3322
3421
3642
4021
89
413
738
828
1064
1425
1617
1963
2208
2340
2817
2852
3323
3422
3643
4022
90
414
739
829
1065
1426
1618
1964
2209
2341
2818
2853
3324
3423
3644
4023
91
415
740
830
1066
1427
1619
1965
2210
2342
2819
2854
3325
3424
3645
4024
92
416
741
831
1067
1428
1620
1966
2211
2343
2820
2855
3326
3425
3646
4025
93
417
742
832
1068
1429
1621
1967
2212
2344
2821
2856
3327
3426
3647
4026
94
418
743
833
1069
1430
1622
1968
2213
2345
2822
2857
3328
3427
3648
4027
95
419
744
834
1070
1431
1623
1969
2214
2346
2823
2858
3329
3428
3649
4028
96
420
745
835
1071
1432
1624
1970
2215
2347
2824
2859
3330
3429
3650
4029
97
421
746
836
1072
1433
1625
1971
2216
2348
2825
2860
3331
3430
3651
4030
98
422
747
837
1073
1434
1626
1972
2217
2349
2826
2861
3332
3431
3652
4031
99
423
748
838
1074
1435
1627
1973
2218
2350
2827
2862
3333
3432
3653
4032
100
424
749
839
1075
1436
1628
1974
2219
2351
2571
2863
3334
3433
3654
4033
101
425
750
840
1076
1437
1629
1975
2220
2352
2572
2864
3335
3434
3655
4034
102
426
751
841
1077
1438
1630
1976
2221
2353
2573
2865
3336
3435
3656
4035
103
427
752
842
1078
1439
1631
1977
2222
2354
2574
2866
3337
3436
3657
4036
104
428
753
843
1079
1440
1632
1978
2223
2355
2575
2867
3338
3437
3658
4037
105
429
754
844
1080
1441
1633
1979
2224
2356
2576
2868
3339
3438
3659
4038
106
430
755
845
1081
1442
1634
1980
2225
2357
2577
2869
3340
3439
3660
4039
107
431
756
846
1082
1443
1635
1981
2226
2358
2578
2870
3341
3440
3661
4040
108
432
757
847
1083
1444
1636
1982
2227
2359
2579
2871
3085
3441
3662
4041
109
433
758
848
1084
1445
1637
1983
2228
2360
2580
2872
3086
3442
3663
4042
110
434
759
849
1085
1446
1638
1984
2229
2361
2581
2873
3087
3443
3664
4043
111
435
760
850
1086
1447
1639
1985
2230
2362
2582
2874
3088
3444
3665
4044
112
436
761
851
1087
1448
1640
1986
2231
2363
2583
2875
3089
3445
3666
4045
113
437
762
852
1088
1449
1641
1987
2232
2364
2584
2876
3090
3446
3667
4046
114
438
763
853
1089
1450
1642
1988
2233
2365
2585
2877
3091
3447
3668
4047
115
439
764
854
1090
1451
1643
1989
2234
2366
2586
2878
3092
3448
3669
4048
116
440
765
855
1091
1452
1644
1990
2235
2367
2587
2879
3093
3449
3670
4049
117
441
766
856
1092
1453
1645
1991
2236
2368
2588
2880
3094
3450
3671
4050
118
442
767
857
1093
1454
1646
1992
2237
2369
2589
2881
3095
3451
3672
4051
119
443
768
858
1094
1455
1647
1993
2238
2370
2590
2882
3096
3452
3673
4052
120
444
769
859
1095
1456
1648
1994
2239
2371
2591
2883
3097
3453
3674
4053
121
445
770
860
1096
1457
1649
1995
2240
2372
2592
2884
3098
3454
3675
4054
122
446
771
861
1097
1458
1650
1996
2241
2373
2593
2885
3099
3455
3676
4055
123
447
515
862
1098
1459
1651
1997
2242
2374
2594
2886
3100
3456
3677
4056
124
448
516
863
1099
1460
1652
1998
2243
2375
2595
2887
3101
3457
3678
4057
125
449
517
864
1100
1461
1653
1999
2244
2376
2596
2888
3102
3458
3679
4058
126
450
518
865
1101
1462
1654
2000
2245
2377
2597
2889
3103
3459
3680
4059
127
451
519
866
1102
1463
1655
2001
2246
2378
2598
2890
3104
3460
3681
4060
128
452
520
867
1103
1464
1656
2002
2247
2379
2599
2891
3105
3461
3682
4061
129
453
521
868
1104
1465
1657
2003
2248
2380
2600
2892
3106
3462
3683
4062
130
454
522
869
1105
1466
1658
2004
2249
2381
2601
2893
3107
3463
3684
4063
131
455
523
870
1106
1467
1659
2005
2250
2382
2602
2894
3108
3464
3685
4064
132
456
524
871
1107
1468
1660
2006
2251
2383
2603
2895
3109
3465
3686
4065
133
457
525
872
1108
1469
1661
2007
2252
2384
2604
2896
3110
3466
3687
4066
134
458
526
873
1109
1470
1662
2008
2253
2385
2605
2897
3111
3467
3688
4067
135
459
527
874
1110
1471
1663
2009
2254
2386
2606
2898
3112
3468
3689
4068
136
460
528
875
1111
1472
1664
2010
2255
2387
2607
2899
3113
3469
3690
4069
137
461
529
876
1112
1473
1665
2011
2256
2388
2608
2900
3114
3470
3691
4070
138
462
530
877
1113
1474
1666
2012
2257
2389
2609
2901
3115
3471
3692
4071
139
463
531
878
1114
1475
1667
2013
2258
2390
2610
2902
3116
3472
3693
4072
140
464
532
879
1115
1476
1668
2014
2259
2391
2611
2903
3117
3473
3694
4073
141
465
533
880
1116
1477
1669
2015
2260
2392
2612
2904
3118
3474
3695
4074
142
466
534
881
1117
1478
1670
2016
2261
2393
2613
2905
3119
3475
3696
4075
143
467
535
882
1118
1479
1671
2017
2262
2394
2614
2906
3120
3476
3697
4076
144
468
536
883
1119
1480
1672
2018
2263
2395
2615
2907
3121
3477
3698
4077
145
469
537
884
1120
1481
1673
2019
2264
2396
2616
2908
3122
3478
3699
4078
146
470
538
885
1121
1482
1674
2020
2265
2397
2617
2909
3123
3479
3700
4079
147
471
539
886
1122
1483
1675
2021
2266
2398
2618
2910
3124
3480
3701
4080
148
472
540
887
1123
1484
1676
2022
2267
2399
2619
2911
3125
3481
3702
4081
149
473
541
888
1124
1485
1677
2023
2268
2400
2620
2912
3126
3482
3703
4082
150
474
542
889
1125
1486
1678
2024
2269
2401
2621
2913
3127
3483
3704
4083
151
475
543
890
1126
1487
1679
2025
2270
2402
2622
2914
3128
3484
3705
4084
152
476
544
891
1127
1488
1680
2026
2271
2403
2623
2915
3129
3485
3706
4085
153
477
545
892
1128
1489
1681
2027
2272
2404
2624
2916
3130
3486
3707
4086
154
478
546
893
1129
1490
1682
2028
2273
2405
2625
2917
3131
3487
3708
4087
155
479
547
894
1130
1491
1683
2029
2274
2406
2626
2918
3132
3488
3709
4088
156
480
548
895
1131
1492
1684
2030
2275
2407
2627
2919
3133
3489
3710
4089
157
481
549
896
1132
1493
1685
2031
2276
2408
2628
2920
3134
3490
3711
4090
158
482
550
897
1133
1494
1686
2032
2277
2409
2629
2921
3135
3491
3712
4091
159
483
551
898
1134
1495
1687
2033
2278
2410
2630
2922
3136
3492
3713
4092
160
484
552
899
1135
1496
1688
2034
2279
2411
2631
2923
3137
3493
3714
4093
161
485
553
900
1136
1497
1689
2035
2280
2412
2632
2924
3138
3494
3715
4094
162
486
554
901
1137
1498
1690
2036
2281
2413
2633
2925
3139
3495
3716
4095
163
487
555
902
1138
1499
1691
2037
2282
2414
2634
2926
3140
3496
3717
4096
164
488
556
903
1139
1500
1692
2038
2283
2415
2635
2927
3141
3497
3718
4097
165
489
557
904
1140
1501
1693
2039
2284
2416
2636
2928
3142
3498
3719
4098
166
490
558
905
1141
1502
1694
2040
2285
2417
2637
2929
3143
3499
3720
4099
167
491
559
906
1142
1503
1695
2041
2286
2418
2638
2930
3144
3500
3721
4100
168
492
560
907
1143
1504
1696
2042
2287
2419
2639
2931
3145
3501
3722
4101
169
493
561
908
1144
1505
1697
2043
2288
2420
2640
2932
3146
3502
3723
4102
170
494
562
909
1145
1506
1698
2044
2289
2421
2641
2933
3147
3503
3724
4103
171
495
563
910
1146
1507
1699
2045
2290
2422
2642
2934
3148
3504
3725
4104
172
496
564
911
1147
1508
1700
2046
2291
2423
2643
2935
3149
3505
3726
4105
173
497
565
912
1148
1509
1701
2047
2292
2424
2644
2936
3150
3506
3727
4106
174
498
566
913
1149
1510
1702
2048
2293
2425
2645
2937
3151
3507
3728
4107
175
499
567
914
1150
1511
1703
2049
2294
2426
2646
2938
3152
3508
3729
4108
176
500
568
915
1151
1512
1704
2050
2295
2427
2647
2939
3153
3509
3730
4109
177
501
569
916
1152
1513
1705
2051
2296
2428
2648
2940
3154
3510
3731
4110
178
502
570
917
1153
1514
1706
2052
2297
2429
2649
2941
3155
3511
3732
4111
179
503
571
918
1154
1515
1707
2053
2298
2430
2650
2942
3156
3512
3733
4112
180
504
572
919
1155
1516
1708
2054
2299
2431
2651
2943
3157
3513
3734
3856
181
505
573
920
1156
1517
1709
2055
2300
2432
2652
2944
3158
3514
3735
3857
182
506
574
921
1157
1518
1710
2056
2301
2433
2653
2945
3159
3515
3736
3858
183
507
575
922
1158
1519
1711
1800
2302
2434
2654
2946
3160
3516
3737
3859
184
508
576
923
1159
1520
1712
1801
2303
2435
2655
2947
3161
3517
3738
3860
185
509
577
924
1160
1521
1713
1802
2304
2436
2656
2948
3162
3518
3739
3861
186
510
578
925
1161
1522
1714
1803
2305
2437
2657
2949
3163
3519
3740
3862
187
511
579
926
1162
1523
1715
1804
2306
2438
2658
2950
3164
3520
3741
3863
188
512
580
927
1163
1524
1716
1805
2307
2439
2659
2951
3165
3521
3742
3864
189
513
581
928
1164
1525
1717
1806
2308
2440
2660
2952
3166
3522
3743
3865
190
514
582
929
1165
1526
1718
1807
2309
2441
2661
2953
3167
3523
3744
3866
191
258
583
930
1166
1527
1719
1808
2310
2442
2662
2954
3168
3524
3745
3867
192
259
584
931
1167
1528
1720
1809
2311
2443
2663
2955
3169
3525
3746
3868
193
260
585
932
1168
1529
1721
1810
2312
2444
2664
2956
3170
3526
3747
3869
194
261
586
933
1169
1530
1722
1811
2313
2445
2665
2957
3171
3527
3748
3870
195
262
587
934
1170
1531
1723
1812
2057
2446
2666
2958
3172
3528
3749
3871
196
263
588
935
1171
1532
1724
1813
2058
2447
2667
2959
3173
3529
3750
3872
197
264
589
936
1172
1533
1725
1814
2059
2448
2668
2960
3174
3530
3751
3873
198
265
590
937
1173
1534
1726
1815
2060
2449
2669
2961
3175
3531
3752
3874
199
266
591
938
1174
1535
1727
1816
2061
2450
2670
2962
3176
3532
3753
3875
200
267
592
939
1175
1536
1728
1817
2062
2451
2671
2963
3177
3533
3754
3876
201
268
593
940
1176
1537
1729
1818
2063
2452
2672
2964
3178
3534
3755
3877
202
269
594
941
1177
1538
1730
1819
2064
2453
2673
2965
3179
3535
3756
3878
203
270
595
942
1178
1539
1731
1820
2065
2454
2674
2966
3180
3536
3757
3879
204
271
596
943
1179
1540
1732
1821
2066
2455
2675
2967
3181
3537
3758
3880
205
272
597
944
1180
1541
1733
1822
2067
2456
2676
2968
3182
3538
3759
3881
206
273
598
945
1181
1542
1734
1823
2068
2457
2677
2969
3183
3539
3760
3882
207
274
599
946
1182
1286
1735
1824
2069
2458
2678
2970
3184
3540
3761
3883
208
275
600
947
1183
1287
1736
1825
2070
2459
2679
2971
3185
3541
3762
3884
209
276
601
948
1184
1288
1737
1826
2071
2460
2680
2972
3186
3542
3763
3885
210
277
602
949
1185
1289
1738
1827
2072
2461
2681
2973
3187
3543
3764
3886
211
278
603
950
1186
1290
1739
1828
2073
2462
2682
2974
3188
3544
3765
3887
212
279
604
951
1187
1291
1740
1829
2074
2463
2683
2975
3189
3545
3766
3888
213
280
605
952
1188
1292
1741
1830
2075
2464
2684
2976
3190
3546
3767
3889
214
281
606
953
1189
1293
1742
1831
2076
2465
2685
2977
3191
3547
3768
3890
215
282
607
954
1190
1294
1743
1832
2077
2466
2686
2978
3192
3548
3769
3891
216
283
608
955
1191
1295
1744
1833
2078
2467
2687
2979
3193
3549
3770
3892
217
284
609
956
1192
1296
1745
1834
2079
2468
2688
2980
3194
3550
3771
3893
218
285
610
957
1193
1297
1746
1835
2080
2469
2689
2981
3195
3551
3772
3894
219
286
611
958
1194
1298
1747
1836
2081
2470
2690
2982
3196
3552
3773
3895
220
287
612
959
1195
1299
1748
1837
2082
2471
2691
2983
3197
3553
3774
3896
221
288
613
960
1196
1300
1749
1838
2083
2472
2692
2984
3198
3554
3775
3897
222
289
614
961
1197
1301
1750
1839
2084
2473
2693
2985
3199
3555
3776
3898
223
290
615
962
1198
1302
1751
1840
2085
2474
2694
2986
3200
3556
3777
3899
224
291
616
963
1199
1303
1752
1841
2086
2475
2695
2987
3201
3557
3778
3900
225
292
617
964
1200
1304
1753
1842
2087
2476
2696
2988
3202
3558
3779
3901
226
293
618
965
1201
1305
1754
1843
2088
2477
2697
2989
3203
3559
3780
3902
227
294
619
966
1202
1306
1755
1844
2089
2478
2698
2990
3204
3560
3781
3903
228
295
620
967
1203
1307
1756
1845
2090
2479
2699
2991
3205
3561
3782
3904
229
296
621
968
1204
1308
1757
1846
2091
2480
2700
2992
3206
3562
3783
3905
230
297
622
969
1205
1309
1758
1847
2092
2481
2701
2993
3207
3563
3784
3906
231
298
623
970
1206
1310
1759
1848
2093
2482
2702
2994
3208
3564
3785
3907
232
299
624
971
1207
1311
1760
1849
2094
2483
2703
2995
3209
3565
3786
3908
233
300
625
972
1208
1312
1761
1850
2095
2484
2704
2996
3210
3566
3787
3909
234
301
626
973
1209
1313
1762
1851
2096
2485
2705
2997
3211
3567
3788
3910
235
302
627
974
1210
1314
1763
1852
2097
2486
2706
2998
3212
3568
3789
3911
236
303
628
975
1211
1315
1764
1853
2098
2487
2707
2999
3213
3569
3790
3912
237
304
629
976
1212
1316
1765
1854
2099
2488
2708
3000
3214
3570
3791
3913
238
305
630
977
1213
1317
1766
1855
2100
2489
2709
3001
3215
3571
3792
3914
239
306
631
978
1214
1318
1767
1856
2101
2490
2710
3002
3216
3572
3793
3915
1
17
33
49
65
81
97
113
129
145
161
177
193
209
225
241
257
273
289
305
321
337
353
369
385
401
417
433
449
465
481
497
513
529
545
561
577
593
609
625
641
657
673
689
705
721
737
753
769
785
801
817
833
849
865
881
897
913
929
945
961
977
993
1009
1025
1041
1057
1073
1089
1105
1121
1137
1153
1169
1185
1201
1217
1233
1249
1265
1281
1297
1313
1329
1345
1361
1377
1393
1409
1425
1441
1457
1473
1489
1505
1521
1537
1553
1569
1585
1601
1617
1633
1649
1665
1681
1697
1713
1729
1745
1761
1777
1793
1809
1825
1841
1857
1873
1889
1905
1921
1937
1953
1969
1985
2001
2017
2033
2049
2065
2081
2097
2113
2129
2145
2161
2177
2193
2209
2225
2241
2257
2273
2289
2305
2321
2337
2353
2369
2385
2401
2417
2433
2449
2465
2481
2497
2513
2529
2545
2561
2577
2593
2609
2625
2641
2657
2673
2689
2705
2721
2737
2753
2769
2785
2801
2817
2833
2849
2865
2881
2897
2913
2929
2945
2961
2977
2993
3009
3025
3041
3057
3073
3089
3105
3121
3137
3153
3169
3185
3201
3217
3233
3249
3265
3281
3297
3313
3329
3345
3361
3377
3393
3409
3425
3441
3457
3473
3489
3505
3521
3537
3553
3569
3585
3601
3617
3633
3649
3665
3681
3697
3713
3729
3745
3761
3777
3793
3809
3825
3841
3857
3873
3889
3905
3921
3937
3953
3969
3985
4001
4017
4033
4049
4065
4081
4097
4113
4129
4145
4161
4177
4193
4209
4225
4241
4257
4273
4289
4305
4321
4337
4353
4369
4385
4401
4417
4433
4449
4465
4481
4497
4513
4529
4545
4561
4577
4593
4609
4625
4641
4657
4673
4689
4705
4721
4737
4753
4769
4785
4801
4817
4833
4849
4865
4881
4897
4913
4929
4945
4961
4977
4993
5009
5025
5041
5057
5073
5089
5105
5121
5137
5153
5169
5185
5201
5217
5233
5249
5265
5281
5297
5313
5329
5345
5361
5377
5393
5409
5425
5441
5457
5473
5489
5505
5521
5537
5553
5569
5585
5601
5617
5633
5649
5665
5681
5697
5713
5729
5745
5761
5777
5793
5809
5825
5841
5857
5873
5889
5905
5921
5937
5953
5969
5985
6001
6017
6033
6049
6065
6081
6097
6113
6129
6145
6161
6177
6193
6209
6225
6241
6257
6273
6289
6305
6321
6337
6353
6369
6385
6401
6417
6433
6449
6465
6481
6497
6513
6529
6545
6561
6577
6593
6609
6625
6641
6657
6673
6689
6705
6721
6737
6753
6769
6785
6801
6817
6833
6849
6865
6881
6897
6913
6929
6945
6961
6977
6993
7009
7025
7041
7057
7073
7089
7105
7121
7137
7153
7169
7185
7201
7217
7233
7249
7265
7281
7297
7313
7329
7345
7361
7377
7393
7409
7425
7441
7457
7473
7489
7505
7521
7537
7553
7569
7585
7601
7617
7633
7649
7665
7681
7697
7713
7729
7745
7761
7777
7793
7809
7825
7841
7857
7873
7889
7905
7921
7937
7953
7969
7985
8001
8017
8033
8049
8065
8081
8097
8113
8129
8145
8161
8177
8193
8209
8225
8241
8257
8273
8289
8305
8321
8337
8353
8369
8385
8401
8417
8433
8449
8465
8481
8497
8513
8529
8545
8561
8577
8593
8609
8625
8641
8657
8673
8689
8705
8721
8737
8753
8769
8785
8801
8817
8833
8849
8865
8881
8897
8913
8929
8945
8961
8977
8993
9009
9025
9041
9057
9073
9089
9105
9121
9137
9153
9169
9185
9201
9217
9233
9249
9265
9281
9297
9313
9329
9345
9361
9377
9393
9409
9425
9441
9457
9473
9489
9505
9521
9537
9553
9569
9585
9601
9617
9633
9649
9665
9681
9697
9713
9729
9745
9761
9777
9793
9809
9825
9841
9857
9873
9889
9905
9921
9937
9953
9969
9985
10001
10017
10033
10049
10065
10081
10097
10113
10129
10145
10161
10177
10193
10209
10225
10241
10257
10273
10289
10305
10321
10337
10353
10369
10385
10401
10417
10433
10449
10465
10481
10497
10513
10529
10545
10561
10577
10593
10609
10625
10641
10657
10673
10689
10705
10721
10737
10753
10769
10785
10801
10817
10833
10849
10865
10881
10897
10913
10929
10945
10961
10977
10993
11009
11025
11041
11057
11073
11089
11105
11121
11137
11153
11169
11185
11201
11217
11233
11249
11265
11281
11297
11313
11329
11345
11361
11377
11393
11409
11425
11441
11457
11473
11489
11505
11521
11537
11553
11569
11585
11601
11617
11633
11649
11665
11681
11697
11713
11729
11745
11761
11777
11793
11809
11825
11841
11857
11873
11889
11905
11921
11937
11953
11969
11985
12001
12017
12033
12049
12065
12081
12097
12113
12129
12145
12161
12177
12193
12209
12225
12241
12257
12273
12289
12305
12321
12337
12353
12369
12385
12401
12417
12433
12449
12465
12481
12497
12513
12529
12545
12561
12577
12593
12609
12625
12641
12657
12673
12689
12705
12721
12737
12753
12769
12785
12801
12817
12833
12849
12865
12881
12897
12913
12929
12945
12961
12977
12993
13009
13025
13041
13057
13073
13089
13105
13121
13137
13153
13169
13185
13201
13217
13233
13249
13265
13281
13297
13313
13329
13345
13361
13377
13393
13409
13425
13441
13457
13473
13489
13505
13521
13537
13553
13569
13585
13601
13617
13633
13649
13665
13681
13697
13713
13729
13745
13761
13777
13793
13809
13825
13841
13857
13873
13889
13905
13921
13937
13953
13969
13985
14001
14017
14033
14049
14065
14081
14097
14113
14129
14145
14161
14177
14193
14209
14225
14241
14257
14273
14289
14305
14321
14337
14353
14369
14385
14401
14417
14433
14449
14465
14481
14497
14513
14529
14545
14561
14577
14593
14609
14625
14641
14657
14673
14689
14705
14721
14737
14753
14769
14785
14801
14817
14833
14849
14865
14881
14897
14913
14929
14945
14961
14977
14993
15009
15025
15041
15057
15073
15089
15105
15121
15137
15153
15169
15185
15201
15217
15233
15249
15265
15281
15297
15313
15329
15345
15361
15377
15393
15409
15425
15441
15457
15473
15489
15505
15521
15537
15553
15569
15585
15601
15617
15633
15649
15665
15681
15697
15713
15729
15745
15761
15777
15793
15809
15825
15841
15857
15873
15889
15905
15921
15937
15953
15969
15985
16001
16017
16033
16049
16065
16081
16097
16113
16129
16145
16161
16177
16193
16209
16225
16241
16257
16273
16289
16305
16321
16337
16353
16369
16385
