128
256
768
17
30
95
164
215
227
130
145
157
194
204
247
103
107
142
184
204
224
54
90
161
169
193
247
71
149
166
170
222
238
14
151
155
174
176
187
197
7
57
93
100
120
248
29
71
120
176
237
36
61
213
219
256
8
28
58
82
131
217
51
65
79
86
229
249
49
195
205
221
223
239
77
78
171
209
222
234
54
89
156
179
194
234
31
62
77
101
124
203
49
75
123
152
237
26
88
117
231
250
34
136
164
200
205
211
59
80
175
241
8
10
19
102
149
236
9
59
113
211
214
245
6
28
83
89
153
178
33
51
150
184
216
33
46
60
79
143
228
78
91
166
167
188
201
16
42
67
82
147
213
220
80
126
162
197
217
32
121
139
146
156
250
19
20
98
115
135
222
15
121
128
152
161
167
48
122
175
220
239
250
10
23
53
100
180
228
12
21
140
181
225
239
14
56
59
69
196
43
94
100
174
253
41
178
181
210
234
21
89
106
158
244
249
16
24
115
190
256
2
26
48
78
101
210
58
91
98
109
132
140
54
97
105
112
154
221
70
74
86
103
133
252
53
64
106
134
162
163
227
2
81
160
190
243
35
50
62
67
83
112
10
80
119
168
182
230
44
65
87
189
236
246
55
105
144
163
204
243
124
146
219
226
237
252
14
36
92
210
248
251
22
26
51
99
166
213
24
133
136
212
232
249
35
63
65
185
218
224
22
121
132
199
247
12
46
50
86
118
195
19
36
50
125
151
193
32
34
83
134
159
170
241
4
9
56
72
138
151
6
75
111
143
145
161
251
27
85
112
114
122
235
85
133
135
162
209
230
13
43
142
186
192
214
4
31
44
186
208
255
18
49
66
125
131
177
224
1
5
47
64
130
170
231
1
11
34
156
201
202
235
39
45
91
136
138
165
189
58
68
76
93
104
137
3
77
158
176
180
206
138
177
199
219
223
229
15
32
92
164
188
233
253
46
111
165
171
226
236
55
127
142
155
189
233
7
24
38
63
105
168
228
45
61
62
158
248
255
74
97
99
148
185
220
127
129
139
143
154
245
72
183
194
226
238
11
73
190
198
209
215
17
33
104
120
225
229
53
87
93
107
173
178
22
42
57
200
208
240
85
88
140
182
208
211
25
124
126
169
242
37
39
98
116
183
42
43
72
73
84
159
30
107
110
145
179
254
5
23
174
175
206
243
11
37
41
70
104
186
16
25
134
160
223
13
128
147
150
231
240
37
38
47
52
94
115
218
246
110
129
191
197
216
230
6
23
52
66
69
146
244
29
66
119
157
160
207
1
8
84
125
181
196
242
61
81
117
155
163
165
193
102
118
119
139
172
218
76
114
147
173
199
225
99
109
144
187
206
31
56
75
90
183
192
88
97
110
167
192
252
153
157
203
232
235
254
18
25
68
111
113
116
148
30
82
106
141
144
198
13
95
113
122
141
233
17
18
21
169
172
180
2
5
38
114
117
196
40
60
173
179
198
212
67
68
87
108
200
221
7
20
40
90
141
244
79
96
109
154
238
101
132
159
168
177
215
28
103
150
152
205
256
3
9
20
27
201
207
12
129
131
148
153
251
29
45
73
108
137
182
184
70
71
96
185
245
246
3
39
202
203
227
242
60
128
135
137
202
232
255
35
41
57
94
116
216
40
47
48
74
95
188
15
118
127
187
212
240
27
44
63
214
253
254
64
172
191
207
217
241
4
69
102
123
130
171
52
76
81
108
123
195
55
84
92
96
126
149
191
1
7
13
19
25
31
38
44
49
54
60
66
72
78
84
90
95
100
106
110
116
122
128
133
139
145
152
157
163
169
175
181
187
193
198
203
208
214
219
225
231
237
243
250
255
261
267
273
279
285
291
297
303
309
314
320
326
333
339
346
352
358
364
370
377
384
391
398
404
410
416
423
429
435
442
448
454
460
465
471
477
483
489
495
500
505
511
517
523
529
534
540
548
554
561
567
574
581
587
593
598
604
610
616
623
629
635
641
647
653
659
665
670
676
682
688
694
701
707
713
720
726
732
738
744
750
756
762
