211
4260
12660
52
142
176
214
346
402
483
531
591
702
745
795
881
959
1061
1131
1160
1219
1342
1418
1474
1553
1615
1699
1760
1807
1860
1952
2012
2067
2159
2261
2317
2375
2456
2541
2624
2687
2716
2839
2883
2954
3018
3095
3147
3222
3337
3391
3453
3519
3568
3633
3719
3771
3902
3957
3998
4114
4182
4259
53
72
177
215
347
403
484
532
592
703
746
796
882
960
1062
1132
1161
1220
1343
1419
1475
1554
1616
1700
1761
1808
1861
1953
2013
2068
2160
2262
2318
2376
2457
2542
2625
2688
2717
2840
2884
2955
3019
3096
3148
3223
3267
3392
3454
3520
3569
3634
3720
3772
3903
3958
3999
4115
4183
4260
54
73
178
216
348
404
485
533
593
704
747
797
883
961
1063
1133
1162
1221
1344
1420
1476
1555
1617
1701
1762
1809
1862
1954
2014
2069
2161
2263
2319
2377
2458
2543
2626
2689
2718
2770
2885
2956
3020
3097
3149
3224
3268
3393
3455
3521
3570
3635
3721
3773
3904
3959
4000
4116
4184
4190
55
74
179
217
349
405
486
534
594
705
748
798
884
962
1064
1134
1163
1222
1345
1350
1477
1556
1618
1702
1763
1810
1863
1955
2015
2070
2162
2264
2320
2378
2459
2544
2627
2690
2719
2771
2886
2957
3021
3098
3150
3225
3269
3394
3456
3522
3571
3636
3722
3774
3905
3960
4001
4117
4185
4191
56
75
180
218
350
406
487
535
595
706
749
799
885
963
1065
1135
1164
1223
1346
1351
1478
1557
1619
1703
1764
1811
1864
1956
2016
2071
2163
2265
2321
2379
2460
2545
2557
2691
2720
2772
2887
2958
3022
3099
3151
3226
3270
3395
3457
3523
3572
3637
3723
3775
3835
3961
4002
4118
4186
4192
57
76
181
219
351
407
488
536
596
707
750
800
886
964
995
1136
1165
1224
1347
1352
1479
1558
1620
1704
1765
1812
1865
1957
2017
2072
2164
2266
2322
2380
2461
2546
2558
2692
2721
2773
2888
2959
3023
3100
3152
3227
3271
3396
3458
3524
3573
3638
3724
3776
3836
3962
4003
4048
4187
4193
58
77
182
220
352
408
489
537
597
708
751
801
887
965
996
1066
1166
1225
1348
1353
1480
1559
1621
1634
1766
1813
1866
1958
2018
2073
2165
2267
2323
2381
2462
2547
2559
2693
2722
2774
2889
2960
3024
3101
3153
3228
3272
3397
3459
3525
3574
3639
3725
3777
3837
3963
4004
4049
4188
4194
59
78
183
221
353
409
490
538
598
709
752
802
888
966
997
1067
1167
1226
1349
1354
1481
1560
1622
1635
1767
1814
1867
1959
2019
2074
2166
2268
2324
2382
2463
2548
2560
2694
2723
2775
2890
2961
3025
3102
3154
3229
3273
3398
3460
3526
3575
3640
3726
3778
3838
3964
4005
4050
4189
4195
60
79
184
222
354
410
491
539
599
710
753
803
889
967
998
1068
1168
1227
1279
1355
1482
1561
1623
1636
1768
1815
1868
1960
2020
2075
2167
2269
2325
2383
2464
2549
2561
2695
2724
2776
2891
2962
3026
3103
3155
3230
3274
3399
3461
3527
3576
3641
3727
3779
3839
3965
4006
4051
4119
4196
61
80
185
223
355
411
492
540
600
640
754
804
890
968
999
1069
1169
1228
1280
1356
1483
1562
1624
1637
1769
1816
1869
1961
2021
2076
2168
2270
2326
2384
2465
2550
2562
2696
2725
2777
2892
2963
3027
3104
3156
3231
3275
3400
3462
3528
3577
3642
3728
3780
3840
3966
4007
4052
4120
4197
62
81
186
224
285
412
493
541
601
641
755
805
891
969
1000
1070
1170
1229
1281
1357
1484
1492
1625
1638
1770
1817
1870
1962
2022
2077
2169
2271
2327
2385
2466
2551
2563
2697
2726
2778
2893
2964
3028
3105
3157
3232
3276
3401
3463
3529
3578
3643
3729
3781
3841
3967
4008
4053
4121
4198
63
82
187
225
286
413
494
542
602
642
756
806
892
970
1001
1071
1171
1230
1282
1358
1485
1493
1626
1639
1771
1818
1871
1963
2023
2078
2170
2272
2328
2386
2467
2552
2564
2698
2727
2779
2894
2965
3029
3106
3158
3233
3277
3402
3464
3530
3579
3644
3730
3782
3842
3968
4009
4054
4122
4199
64
83
188
226
287
414
495
543
603
643
757
807
893
971
1002
1072
1172
1231
1283
1359
1486
1494
1627
1640
1772
1819
1872
1964
2024
2079
2171
2202
2329
2387
2468
2553
2565
2628
2728
2780
2895
2966
3030
3107
3159
3234
3278
3403
3465
3531
3580
3645
3731
3783
3843
3969
4010
4055
4123
4200
65
84
189
227
288
415
496
544
604
644
758
808
894
972
1003
1073
1173
1232
1284
1360
1487
1495
1628
1641
1773
1820
1873
1965
2025
2080
2172
2203
2330
2388
2469
2554
2566
2629
2729
2781
2896
2967
3031
3108
3160
3235
3279
3404
3466
3532
3581
3646
3732
3784
3844
3970
4011
4056
4124
4201
66
85
190
228
289
416
497
545
605
645
759
809
895
973
1004
1074
1174
1233
1285
1361
1488
1496
1629
1642
1774
1821
1874
1966
2026
2081
2173
2204
2331
2389
2470
2555
2567
2630
2730
2782
2897
2968
3032
3109
3161
3236
3280
3405
3467
3533
3582
3647
3733
3785
3845
3971
4012
4057
4125
4202
67
86
191
229
290
417
427
546
606
646
760
810
896
974
1005
1075
1175
1234
1286
1362
1489
1497
1630
1643
1775
1822
1875
1967
2027
2082
2174
2205
2332
2390
2471
2556
2568
2631
2731
2783
2898
2969
3033
3110
3162
3237
3281
3406
3468
3534
3583
3648
3734
3786
3846
3972
4013
4058
4126
4203
68
87
192
230
291
418
428
547
607
647
761
811
897
975
1006
1076
1176
1235
1287
1363
1490
1498
1631
1644
1705
1823
1876
1968
2028
2083
2175
2206
2333
2391
2472
2486
2569
2632
2732
2784
2899
2970
3034
3111
3163
3238
3282
3407
3469
3535
3584
3649
3735
3787
3847
3973
4014
4059
4127
4204
69
88
193
231
292
419
429
548
608
648
762
812
898
976
1007
1077
1177
1236
1288
1364
1491
1499
1632
1645
1706
1824
1877
1969
2029
2084
2176
2207
2334
2392
2473
2487
2570
2633
2733
2785
2900
2971
3035
3112
3164
3239
3283
3408
3470
3536
3585
3650
3736
3788
3848
3974
4015
4060
4128
4205
70
89
194
232
293
420
430
549
609
649
763
813
899
977
1008
1078
1178
1237
1289
1365
1421
1500
1633
1646
1707
1825
1878
1970
2030
2085
2177
2208
2335
2393
2474
2488
2571
2634
2734
2786
2901
2972
3036
3113
3165
3240
3284
3338
3471
3537
3586
3651
3737
3789
3849
3975
4016
4061
4129
4206
71
90
195
233
294
421
431
550
610
650
764
814
900
978
1009
1079
1179
1238
1290
1366
1422
1501
1563
1647
1708
1826
1879
1971
2031
2086
2178
2209
2336
2394
2475
2489
2572
2635
2735
2787
2902
2973
3037
3114
3166
3241
3285
3339
3472
3538
3587
3652
3738
3790
3850
3976
4017
4062
4130
4207
1
91
196
234
295
422
432
551
611
651
765
815
901
979
1010
1080
1180
1239
1291
1367
1423
1502
1564
1648
1709
1827
1880
1972
2032
2087
2179
2210
2337
2395
2476
2490
2573
2636
2736
2788
2903
2974
3038
3115
3167
3242
3286
3340
3473
3539
3588
3653
3739
3791
3851
3906
4018
4063
4131
4208
2
92
197
235
296
423
433
552
612
652
766
816
902
980
1011
1081
1181
1240
1292
1368
1424
1503
1565
1649
1710
1828
1881
1973
2033
2088
2180
2211
2338
2396
2477
2491
2574
2637
2737
2789
2904
2975
3039
3116
3168
3243
3287
3341
3474
3540
3589
3654
3740
3792
3852
3907
4019
4064
4132
4209
3
93
198
236
297
424
434
553
613
653
767
817
903
981
1012
1082
1182
1241
1293
1369
1425
1504
1566
1650
1711
1829
1882
1974
2034
2089
2181
2212
2339
2397
2478
2492
2575
2638
2738
2790
2905
2976
3040
3117
3169
3244
3288
3342
3475
3541
3590
3655
3741
3793
3853
3908
4020
4065
4133
4210
4
94
199
237
298
425
435
554
614
654
768
818
904
982
1013
1083
1183
1242
1294
1370
1426
1505
1567
1651
1712
1830
1883
1975
2035
2090
2182
2213
2340
2398
2479
2493
2576
2639
2739
2791
2906
2977
3041
3118
3170
3245
3289
3343
3476
3542
3591
3656
3742
3794
3854
3909
4021
4066
4134
4211
5
95
200
238
299
426
436
555
615
655
769
819
905
983
1014
1084
1184
1243
1295
1371
1427
1506
1568
1652
1713
1831
1884
1976
2036
2091
2183
2214
2341
2399
2480
2494
2577
2640
2740
2792
2907
2978
3042
3119
3171
3246
3290
3344
3477
3543
3592
3657
3743
3795
3855
3910
4022
4067
4135
4212
6
96
201
239
300
356
437
556
616
656
770
820
906
984
1015
1085
1185
1244
1296
1372
1428
1507
1569
1653
1714
1832
1885
1977
2037
2092
2184
2215
2342
2400
2481
2495
2578
2641
2741
2793
2908
2979
3043
3120
3172
3247
3291
3345
3478
3544
3593
3658
3744
3796
3856
3911
4023
4068
4136
4213
7
97
202
240
301
357
438
557
617
657
771
821
907
985
1016
1086
1186
1245
1297
1373
1429
1508
1570
1654
1715
1833
1886
1978
2038
2093
2185
2216
2343
2401
2482
2496
2579
2642
2742
2794
2909
2980
3044
3121
3173
3248
3292
3346
3479
3545
3594
3659
3745
3797
3857
3912
4024
4069
4137
4214
8
98
203
241
302
358
439
558
618
658
772
822
908
986
1017
1087
1187
1246
1298
1374
1430
1509
1571
1655
1716
1834
1887
1979
2039
2094
2186
2217
2273
2402
2483
2497
2580
2643
2743
2795
2910
2981
3045
3122
3174
3249
3293
3347
3409
3546
3595
3660
3746
3798
3858
3913
4025
4070
4138
4215
9
99
204
242
303
359
440
559
619
659
773
823
909
987
1018
1088
1188
1247
1299
1375
1431
1510
1572
1656
1717
1835
1888
1980
2040
2095
2187
2218
2274
2403
2484
2498
2581
2644
2744
2796
2911
2982
3046
3123
3175
3250
3294
3348
3410
3547
3596
3661
3747
3799
3859
3914
4026
4071
4139
4216
10
100
205
243
304
360
441
560
620
660
774
824
910
988
1019
1089
1189
1248
1300
1376
1432
1511
1573
1657
1718
1836
1889
1981
2041
2096
2188
2219
2275
2404
2485
2499
2582
2645
2745
2797
2841
2912
3047
3124
3176
3251
3295
3349
3411
3548
3597
3662
3748
3800
3860
3915
4027
4072
4140
4217
11
101
206
244
305
361
442
561
621
661
775
825
911
989
1020
1090
1190
1249
1301
1377
1433
1512
1574
1658
1719
1837
1890
1982
2042
2097
2189
2220
2276
2405
2415
2500
2583
2646
2746
2798
2842
2913
3048
3054
3177
3252
3296
3350
3412
3549
3598
3663
3749
3801
3861
3916
4028
4073
4141
4218
12
102
207
245
306
362
443
562
622
662
776
826
912
990
1021
1091
1191
1250
1302
1378
1434
1513
1575
1659
1720
1838
1891
1983
2043
2098
2190
2221
2277
2406
2416
2501
2584
2647
2747
2799
2843
2914
3049
3055
3178
3253
3297
3351
3413
3550
3599
3664
3750
3802
3862
3917
4029
4074
4142
4219
13
103
208
246
307
363
444
563
623
663
777
827
913
991
1022
1092
1192
1251
1303
1379
1435
1514
1576
1660
1721
1839
1892
1984
2044
2099
2191
2222
2278
2407
2417
2502
2585
2648
2748
2800
2844
2915
3050
3056
3179
3254
3298
3352
3414
3480
3600
3665
3751
3803
3863
3918
4030
4075
4143
4220
14
104
209
247
308
364
445
564
624
664
778
828
914
992
1023
1093
1193
1252
1304
1380
1436
1515
1577
1661
1722
1840
1893
1985
2045
2100
2192
2223
2279
2408
2418
2503
2586
2649
2749
2801
2845
2916
3051
3057
3180
3255
3299
3353
3415
3481
3601
3666
3752
3804
3864
3919
4031
4076
4144
4221
15
105
210
248
309
365
446
565
625
665
779
829
915
993
1024
1094
1194
1253
1305
1381
1437
1516
1578
1662
1723
1841
1894
1986
2046
2101
2193
2224
2280
2409
2419
2504
2587
2650
2750
2802
2846
2917
3052
3058
3181
3256
3300
3354
3416
3482
3602
3667
3753
3805
3865
3920
4032
4077
4145
4222
16
106
211
249
310
366
447
566
626
666
780
830
916
994
1025
1095
1195
1254
1306
1382
1438
1517
1579
1663
1724
1842
1895
1987
2047
2102
2194
2225
2281
2410
2420
2505
2588
2651
2751
2803
2847
2918
3053
3059
3182
3257
3301
3355
3417
3483
3603
3668
3754
3806
3866
3921
4033
4078
4146
4223
17
107
212
250
311
367
448
567
627
667
781
831
917
924
1026
1096
1196
1255
1307
1383
1439
1518
1580
1664
1725
1843
1896
1988
2048
2103
2195
2226
2282
2411
2421
2506
2589
2652
2752
2804
2848
2919
2983
3060
3183
3258
3302
3356
3418
3484
3604
3669
3755
3807
3867
3922
4034
4079
4147
4224
18
108
213
251
312
368
449
568
628
668
711
832
918
925
1027
1097
1197
1256
1308
1384
1440
1519
1581
1665
1726
1844
1897
1918
2049
2104
2196
2227
2283
2412
2422
2507
2590
2653
2753
2805
2849
2920
2984
3061
3184
3259
3303
3357
3419
3485
3605
3670
3756
3808
3868
3923
4035
4080
4148
4225
19
109
143
252
313
369
450
498
629
669
712
833
919
926
1028
1098
1198
1257
1309
1385
1441
1520
1582
1666
1727
1845
1898
1919
2050
2105
2197
2228
2284
2413
2423
2508
2591
2654
2754
2806
2850
2921
2985
3062
3185
3260
3304
3358
3420
3486
3606
3671
3757
3809
3869
3924
4036
4081
4149
4226
20
110
144
253
314
370
451
499
630
670
713
834
920
927
1029
1099
1199
1258
1310
1386
1442
1521
1583
1667
1728
1846
1899
1920
2051
2106
2198
2229
2285
2414
2424
2509
2592
2655
2755
2807
2851
2922
2986
3063
3186
3261
3305
3359
3421
3487
3607
3672
3758
3810
3870
3925
4037
4082
4150
4227
21
111
145
254
315
371
452
500
631
671
714
835
921
928
1030
1100
1200
1259
1311
1387
1443
1522
1584
1668
1729
1776
1900
1921
2052
2107
2199
2230
2286
2344
2425
2510
2593
2656
2756
2808
2852
2923
2987
3064
3187
3262
3306
3360
3422
3488
3608
3673
3759
3811
3871
3926
4038
4083
4151
4228
22
112
146
255
316
372
453
501
632
672
715
836
922
929
1031
1101
1201
1260
1312
1388
1444
1523
1585
1669
1730
1777
1901
1922
2053
2108
2200
2231
2287
2345
2426
2511
2594
2657
2757
2809
2853
2924
2988
3065
3188
3263
3307
3361
3423
3489
3609
3674
3760
3812
3872
3927
4039
4084
4152
4229
23
113
147
256
317
373
454
502
633
673
716
837
923
930
1032
1102
1202
1261
1313
1389
1445
1524
1586
1670
1731
1778
1902
1923
2054
2109
2201
2232
2288
2346
2427
2512
2595
2658
2758
2810
2854
2925
2989
3066
3189
3264
3308
3362
3424
3490
3610
3675
3761
3813
3873
3928
4040
4085
4153
4230
24
114
148
257
318
374
455
503
634
674
717
838
853
931
1033
1103
1203
1262
1314
1390
1446
1525
1587
1671
1732
1779
1903
1924
2055
2110
2131
2233
2289
2347
2428
2513
2596
2659
2759
2811
2855
2926
2990
3067
3190
3265
3309
3363
3425
3491
3611
3676
3762
3814
3874
3929
4041
4086
4154
4231
25
115
149
258
319
375
456
504
635
675
718
839
854
932
1034
1104
1204
1263
1315
1391
1447
1526
1588
1672
1733
1780
1904
1925
2056
2111
2132
2234
2290
2348
2429
2514
2597
2660
2760
2812
2856
2927
2991
3068
3191
3266
3310
3364
3426
3492
3612
3677
3763
3815
3875
3930
4042
4087
4155
4232
26
116
150
259
320
376
457
505
636
676
719
840
855
933
1035
1105
1205
1264
1316
1392
1448
1527
1589
1673
1734
1781
1905
1926
2057
2112
2133
2235
2291
2349
2430
2515
2598
2661
2761
2813
2857
2928
2992
3069
3192
3196
3311
3365
3427
3493
3613
3678
3693
3816
3876
3931
4043
4088
4156
4233
27
117
151
260
321
377
458
506
637
677
720
841
856
934
1036
1106
1206
1265
1317
1393
1449
1528
1590
1674
1735
1782
1906
1927
2058
2113
2134
2236
2292
2350
2431
2516
2599
2662
2762
2814
2858
2929
2993
3070
3193
3197
3312
3366
3428
3494
3614
3679
3694
3817
3877
3932
4044
4089
4157
4234
28
118
152
261
322
378
459
507
638
678
721
842
857
935
1037
1107
1207
1266
1318
1394
1450
1529
1591
1675
1736
1783
1907
1928
2059
2114
2135
2237
2293
2351
2432
2517
2600
2663
2763
2815
2859
2930
2994
3071
3194
3198
3313
3367
3429
3495
3615
3680
3695
3818
3878
3933
4045
4090
4158
4235
29
119
153
262
323
379
460
508
639
679
722
843
858
936
1038
1108
1137
1267
1319
1395
1451
1530
1592
1676
1737
1784
1908
1929
1989
2115
2136
2238
2294
2352
2433
2518
2601
2664
2764
2816
2860
2931
2995
3072
3195
3199
3314
3368
3430
3496
3616
3681
3696
3819
3879
3934
4046
4091
4159
4236
30
120
154
263
324
380
461
509
569
680
723
844
859
937
1039
1109
1138
1268
1320
1396
1452
1531
1593
1677
1738
1785
1909
1930
1990
2116
2137
2239
2295
2353
2434
2519
2602
2665
2765
2817
2861
2932
2996
3073
3125
3200
3315
3369
3431
3497
3617
3682
3697
3820
3880
3935
4047
4092
4160
4237
31
121
155
264
325
381
462
510
570
681
724
845
860
938
1040
1110
1139
1269
1321
1397
1453
1532
1594
1678
1739
1786
1910
1931
1991
2117
2138
2240
2296
2354
2435
2520
2603
2666
2766
2818
2862
2933
2997
3074
3126
3201
3316
3370
3432
3498
3618
3683
3698
3821
3881
3936
3977
4093
4161
4238
32
122
156
265
326
382
463
511
571
682
725
846
861
939
1041
1111
1140
1270
1322
1398
1454
1533
1595
1679
1740
1787
1911
1932
1992
2118
2139
2241
2297
2355
2436
2521
2604
2667
2767
2819
2863
2934
2998
3075
3127
3202
3317
3371
3433
3499
3619
3684
3699
3822
3882
3937
3978
4094
4162
4239
33
123
157
266
327
383
464
512
572
683
726
847
862
940
1042
1112
1141
1271
1323
1399
1455
1534
1596
1680
1741
1788
1912
1933
1993
2119
2140
2242
2298
2356
2437
2522
2605
2668
2768
2820
2864
2935
2999
3076
3128
3203
3318
3372
3434
3500
3620
3685
3700
3823
3883
3938
3979
4095
4163
4240
34
124
158
267
328
384
465
513
573
684
727
848
863
941
1043
1113
1142
1272
1324
1400
1456
1535
1597
1681
1742
1789
1913
1934
1994
2120
2141
2243
2299
2357
2438
2523
2606
2669
2769
2821
2865
2936
3000
3077
3129
3204
3319
3373
3435
3501
3621
3686
3701
3824
3884
3939
3980
4096
4164
4241
35
125
159
268
329
385
466
514
574
685
728
849
864
942
1044
1114
1143
1273
1325
1401
1457
1536
1598
1682
1743
1790
1914
1935
1995
2121
2142
2244
2300
2358
2439
2524
2607
2670
2699
2822
2866
2937
3001
3078
3130
3205
3320
3374
3436
3502
3551
3687
3702
3825
3885
3940
3981
4097
4165
4242
36
126
160
269
330
386
467
515
575
686
729
850
865
943
1045
1115
1144
1274
1326
1402
1458
1537
1599
1683
1744
1791
1915
1936
1996
2122
2143
2245
2301
2359
2440
2525
2608
2671
2700
2823
2867
2938
3002
3079
3131
3206
3321
3375
3437
3503
3552
3688
3703
3826
3886
3941
3982
4098
4166
4243
37
127
161
270
331
387
468
516
576
687
730
851
866
944
1046
1116
1145
1275
1327
1403
1459
1538
1600
1684
1745
1792
1916
1937
1997
2123
2144
2246
2302
2360
2441
2526
2609
2672
2701
2824
2868
2939
3003
3080
3132
3207
3322
3376
3438
3504
3553
3689
3704
3827
3887
3942
3983
4099
4167
4244
38
128
162
271
332
388
469
517
577
688
731
852
867
945
1047
1117
1146
1276
1328
1404
1460
1539
1601
1685
1746
1793
1917
1938
1998
2124
2145
2247
2303
2361
2442
2527
2610
2673
2702
2825
2869
2940
3004
3081
3133
3208
3323
3377
3439
3505
3554
3690
3705
3828
3888
3943
3984
4100
4168
4245
39
129
163
272
333
389
470
518
578
689
732
782
868
946
1048
1118
1147
1277
1329
1405
1461
1540
1602
1686
1747
1794
1847
1939
1999
2125
2146
2248
2304
2362
2443
2528
2611
2674
2703
2826
2870
2941
3005
3082
3134
3209
3324
3378
3440
3506
3555
3691
3706
3829
3889
3944
3985
4101
4169
4246
40
130
164
273
334
390
471
519
579
690
733
783
869
947
1049
1119
1148
1278
1330
1406
1462
1541
1603
1687
1748
1795
1848
1940
2000
2126
2147
2249
2305
2363
2444
2529
2612
2675
2704
2827
2871
2942
3006
3083
3135
3210
3325
3379
3441
3507
3556
3692
3707
3830
3890
3945
3986
4102
4170
4247
41
131
165
274
335
391
472
520
580
691
734
784
870
948
1050
1120
1149
1208
1331
1407
1463
1542
1604
1688
1749
1796
1849
1941
2001
2127
2148
2250
2306
2364
2445
2530
2613
2676
2705
2828
2872
2943
3007
3084
3136
3211
3326
3380
3442
3508
3557
3622
3708
3831
3891
3946
3987
4103
4171
4248
42
132
166
275
336
392
473
521
581
692
735
785
871
949
1051
1121
1150
1209
1332
1408
1464
1543
1605
1689
1750
1797
1850
1942
2002
2128
2149
2251
2307
2365
2446
2531
2614
2677
2706
2829
2873
2944
3008
3085
3137
3212
3327
3381
3443
3509
3558
3623
3709
3832
3892
3947
3988
4104
4172
4249
43
133
167
276
337
393
474
522
582
693
736
786
872
950
1052
1122
1151
1210
1333
1409
1465
1544
1606
1690
1751
1798
1851
1943
2003
2129
2150
2252
2308
2366
2447
2532
2615
2678
2707
2830
2874
2945
3009
3086
3138
3213
3328
3382
3444
3510
3559
3624
3710
3833
3893
3948
3989
4105
4173
4250
44
134
168
277
338
394
475
523
583
694
737
787
873
951
1053
1123
1152
1211
1334
1410
1466
1545
1607
1691
1752
1799
1852
1944
2004
2130
2151
2253
2309
2367
2448
2533
2616
2679
2708
2831
2875
2946
3010
3087
3139
3214
3329
3383
3445
3511
3560
3625
3711
3834
3894
3949
3990
4106
4174
4251
45
135
169
278
339
395
476
524
584
695
738
788
874
952
1054
1124
1153
1212
1335
1411
1467
1546
1608
1692
1753
1800
1853
1945
2005
2060
2152
2254
2310
2368
2449
2534
2617
2680
2709
2832
2876
2947
3011
3088
3140
3215
3330
3384
3446
3512
3561
3626
3712
3764
3895
3950
3991
4107
4175
4252
46
136
170
279
340
396
477
525
585
696
739
789
875
953
1055
1125
1154
1213
1336
1412
1468
1547
1609
1693
1754
1801
1854
1946
2006
2061
2153
2255
2311
2369
2450
2535
2618
2681
2710
2833
2877
2948
3012
3089
3141
3216
3331
3385
3447
3513
3562
3627
3713
3765
3896
3951
3992
4108
4176
4253
47
137
171
280
341
397
478
526
586
697
740
790
876
954
1056
1126
1155
1214
1337
1413
1469
1548
1610
1694
1755
1802
1855
1947
2007
2062
2154
2256
2312
2370
2451
2536
2619
2682
2711
2834
2878
2949
3013
3090
3142
3217
3332
3386
3448
3514
3563
3628
3714
3766
3897
3952
3993
4109
4177
4254
48
138
172
281
342
398
479
527
587
698
741
791
877
955
1057
1127
1156
1215
1338
1414
1470
1549
1611
1695
1756
1803
1856
1948
2008
2063
2155
2257
2313
2371
2452
2537
2620
2683
2712
2835
2879
2950
3014
3091
3143
3218
3333
3387
3449
3515
3564
3629
3715
3767
3898
3953
3994
4110
4178
4255
49
139
173
282
343
399
480
528
588
699
742
792
878
956
1058
1128
1157
1216
1339
1415
1471
1550
1612
1696
1757
1804
1857
1949
2009
2064
2156
2258
2314
2372
2453
2538
2621
2684
2713
2836
2880
2951
3015
3092
3144
3219
3334
3388
3450
3516
3565
3630
3716
3768
3899
3954
3995
4111
4179
4256
50
140
174
283
344
400
481
529
589
700
743
793
879
957
1059
1129
1158
1217
1340
1416
1472
1551
1613
1697
1758
1805
1858
1950
2010
2065
2157
2259
2315
2373
2454
2539
2622
2685
2714
2837
2881
2952
3016
3093
3145
3220
3335
3389
3451
3517
3566
3631
3717
3769
3900
3955
3996
4112
4180
4257
51
141
175
284
345
401
482
530
590
701
744
794
880
958
1060
1130
1159
1218
1341
1417
1473
1552
1614
1698
1759
1806
1859
1951
2011
2066
2158
2260
2316
2374
2455
2540
2623
2686
2715
2838
2882
2953
3017
3094
3146
3221
3336
3390
3452
3518
3567
3632
3718
3770
3901
3956
3997
4113
4181
4258
1
125
178
265
299
397
455
560
621
691
732
851
884
992
1061
1125
1159
1215
1323
1411
1491
1560
1605
1665
1728
1804
1906
1925
2044
2094
2187
2267
2329
2409
2482
2533
2598
2641
2738
2784
2893
2975
3016
3100
3148
3213
3314
3405
3472
3497
3577
3668
3759
3775
3888
3968
4016
4074
4161
4203
2
126
179
266
300
398
456
561
622
692
733
852
885
993
1062
1126
1160
1216
1324
1412
1421
1561
1606
1666
1729
1805
1907
1926
2045
2095
2188
2268
2330
2410
2483
2534
2599
2642
2739
2785
2894
2976
3017
3101
3149
3214
3315
3406
3473
3498
3578
3669
3760
3776
3889
3969
4017
4075
4162
4204
3
127
180
267
301
399
457
562
623
693
734
782
886
994
1063
1127
1161
1217
1325
1413
1422
1562
1607
1667
1730
1806
1908
1927
2046
2096
2189
2269
2331
2411
2484
2535
2600
2643
2740
2786
2895
2977
3018
3102
3150
3215
3316
3407
3474
3499
3579
3670
3761
3777
3890
3970
4018
4076
4163
4205
4
128
181
268
302
400
458
563
624
694
735
783
887
924
1064
1128
1162
1218
1326
1414
1423
1492
1608
1668
1731
1807
1909
1928
2047
2097
2190
2270
2332
2412
2485
2536
2601
2644
2741
2787
2896
2978
3019
3103
3151
3216
3317
3408
3475
3500
3580
3671
3762
3778
3891
3971
4019
4077
4164
4206
5
129
182
269
303
401
459
564
625
695
736
784
888
925
1065
1129
1163
1219
1327
1415
1424
1493
1609
1669
1732
1808
1910
1929
2048
2098
2191
2271
2333
2413
2415
2537
2602
2645
2742
2788
2897
2979
3020
3104
3152
3217
3318
3338
3476
3501
3581
3672
3763
3779
3892
3972
4020
4078
4165
4207
6
130
183
270
304
402
460
565
626
696
737
785
889
926
995
1130
1164
1220
1328
1416
1425
1494
1610
1670
1733
1809
1911
1930
2049
2099
2192
2272
2334
2414
2416
2538
2603
2646
2743
2789
2898
2980
3021
3105
3153
3218
3319
3339
3477
3502
3582
3673
3693
3780
3893
3973
4021
4079
4166
4208
7
131
184
271
305
403
461
566
627
697
738
786
890
927
996
1131
1165
1221
1329
1417
1426
1495
1611
1671
1734
1810
1912
1931
2050
2100
2193
2202
2335
2344
2417
2539
2604
2647
2744
2790
2899
2981
3022
3106
3154
3219
3320
3340
3478
3503
3583
3674
3694
3781
3894
3974
4022
4080
4167
4209
8
132
185
272
306
404
462
567
628
698
739
787
891
928
997
1132
1166
1222
1330
1418
1427
1496
1612
1672
1735
1811
1913
1932
2051
2101
2194
2203
2336
2345
2418
2540
2605
2648
2745
2791
2900
2982
3023
3107
3155
3220
3321
3341
3479
3504
3584
3675
3695
3782
3895
3975
4023
4081
4168
4210
9
133
186
273
307
405
463
568
629
699
740
788
892
929
998
1133
1167
1223
1331
1419
1428
1497
1613
1673
1736
1812
1914
1933
2052
2102
2195
2204
2337
2346
2419
2541
2606
2649
2746
2792
2901
2912
3024
3108
3156
3221
3322
3342
3409
3505
3585
3676
3696
3783
3896
3976
4024
4082
4169
4211
10
134
187
274
308
406
464
498
630
700
741
789
893
930
999
1134
1168
1224
1332
1420
1429
1498
1614
1674
1737
1813
1915
1934
2053
2103
2196
2205
2338
2347
2420
2542
2607
2650
2747
2793
2902
2913
3025
3109
3157
3222
3323
3343
3410
3506
3586
3677
3697
3784
3897
3906
4025
4083
4170
4212
11
135
188
275
309
407
465
499
631
701
742
790
894
931
1000
1135
1169
1225
1333
1350
1430
1499
1615
1675
1738
1814
1916
1935
2054
2104
2197
2206
2339
2348
2421
2543
2608
2651
2748
2794
2903
2914
3026
3110
3158
3223
3324
3344
3411
3507
3587
3678
3698
3785
3898
3907
4026
4084
4171
4213
12
136
189
276
310
408
466
500
632
702
743
791
895
932
1001
1136
1170
1226
1334
1351
1431
1500
1616
1676
1739
1815
1917
1936
2055
2105
2198
2207
2340
2349
2422
2544
2609
2652
2749
2795
2904
2915
3027
3111
3159
3224
3325
3345
3412
3508
3588
3679
3699
3786
3899
3908
4027
4085
4172
4214
13
137
190
277
311
409
467
501
633
703
744
792
896
933
1002
1066
1171
1227
1335
1352
1432
1501
1617
1677
1740
1816
1847
1937
2056
2106
2199
2208
2341
2350
2423
2545
2610
2653
2750
2796
2905
2916
3028
3112
3160
3225
3326
3346
3413
3509
3589
3680
3700
3787
3900
3909
4028
4086
4173
4215
14
138
191
278
312
410
468
502
634
704
745
793
897
934
1003
1067
1172
1228
1336
1353
1433
1502
1618
1678
1741
1817
1848
1938
2057
2107
2200
2209
2342
2351
2424
2546
2611
2654
2751
2797
2906
2917
3029
3113
3161
3226
3327
3347
3414
3510
3590
3681
3701
3788
3901
3910
4029
4087
4174
4216
15
139
192
279
313
411
469
503
635
705
746
794
898
935
1004
1068
1173
1229
1337
1354
1434
1503
1619
1679
1742
1818
1849
1939
2058
2108
2201
2210
2343
2352
2425
2547
2612
2655
2752
2798
2907
2918
3030
3114
3162
3227
3328
3348
3415
3511
3591
3682
3702
3789
3902
3911
4030
4088
4175
4217
16
140
193
280
314
412
470
504
636
706
747
795
899
936
1005
1069
1174
1230
1338
1355
1435
1504
1620
1680
1743
1819
1850
1940
2059
2109
2131
2211
2273
2353
2426
2548
2613
2656
2753
2799
2908
2919
3031
3115
3163
3228
3329
3349
3416
3512
3592
3683
3703
3790
3903
3912
4031
4089
4176
4218
17
141
194
281
315
413
471
505
637
707
748
796
900
937
1006
1070
1175
1231
1339
1356
1436
1505
1621
1681
1744
1820
1851
1941
1989
2110
2132
2212
2274
2354
2427
2549
2614
2657
2754
2800
2909
2920
3032
3116
3164
3229
3330
3350
3417
3513
3593
3684
3704
3791
3904
3913
4032
4090
4177
4219
18
142
195
282
316
414
472
506
638
708
749
797
901
938
1007
1071
1176
1232
1340
1357
1437
1506
1622
1682
1745
1821
1852
1942
1990
2111
2133
2213
2275
2355
2428
2550
2615
2658
2755
2801
2910
2921
3033
3117
3165
3230
3331
3351
3418
3514
3594
3685
3705
3792
3905
3914
4033
4091
4178
4220
19
72
196
283
317
415
473
507
639
709
750
798
902
939
1008
1072
1177
1233
1341
1358
1438
1507
1623
1683
1746
1822
1853
1943
1991
2112
2134
2214
2276
2356
2429
2551
2616
2659
2756
2802
2911
2922
3034
3118
3166
3231
3332
3352
3419
3515
3595
3686
3706
3793
3835
3915
4034
4092
4179
4221
20
73
197
284
318
416
474
508
569
710
751
799
903
940
1009
1073
1178
1234
1342
1359
1439
1508
1624
1684
1747
1823
1854
1944
1992
2113
2135
2215
2277
2357
2430
2552
2617
2660
2757
2803
2841
2923
3035
3119
3167
3232
3333
3353
3420
3516
3596
3687
3707
3794
3836
3916
4035
4093
4180
4222
21
74
198
214
319
417
475
509
570
640
752
800
904
941
1010
1074
1179
1235
1343
1360
1440
1509
1625
1685
1748
1824
1855
1945
1993
2114
2136
2216
2278
2358
2431
2553
2618
2661
2758
2804
2842
2924
3036
3120
3168
3233
3334
3354
3421
3517
3597
3688
3708
3795
3837
3917
4036
4094
4181
4223
22
75
199
215
320
418
476
510
571
641
753
801
905
942
1011
1075
1180
1236
1344
1361
1441
1510
1626
1686
1749
1825
1856
1946
1994
2115
2137
2217
2279
2359
2432
2554
2619
2662
2759
2805
2843
2925
3037
3121
3169
3234
3335
3355
3422
3518
3598
3689
3709
3796
3838
3918
4037
4095
4182
4224
23
76
200
216
321
419
477
511
572
642
754
802
906
943
1012
1076
1181
1237
1345
1362
1442
1511
1627
1687
1750
1826
1857
1947
1995
2116
2138
2218
2280
2360
2433
2555
2620
2663
2760
2806
2844
2926
3038
3122
3170
3235
3336
3356
3423
3519
3599
3690
3710
3797
3839
3919
4038
4096
4183
4225
24
77
201
217
322
420
478
512
573
643
755
803
907
944
1013
1077
1182
1238
1346
1363
1443
1512
1628
1688
1751
1827
1858
1948
1996
2117
2139
2219
2281
2361
2434
2556
2621
2664
2761
2807
2845
2927
3039
3123
3171
3236
3337
3357
3424
3520
3600
3691
3711
3798
3840
3920
4039
4097
4184
4226
25
78
202
218
323
421
479
513
574
644
756
804
908
945
1014
1078
1183
1239
1347
1364
1444
1513
1629
1689
1752
1828
1859
1949
1997
2118
2140
2220
2282
2362
2435
2486
2622
2665
2762
2808
2846
2928
3040
3124
3172
3237
3267
3358
3425
3521
3601
3692
3712
3799
3841
3921
4040
4098
4185
4227
26
79
203
219
324
422
480
514
575
645
757
805
909
946
1015
1079
1184
1240
1348
1365
1445
1514
1630
1690
1753
1829
1860
1950
1998
2119
2141
2221
2283
2363
2436
2487
2623
2666
2763
2809
2847
2929
3041
3054
3173
3238
3268
3359
3426
3522
3602
3622
3713
3800
3842
3922
4041
4099
4186
4228
27
80
204
220
325
423
481
515
576
646
758
806
910
947
1016
1080
1185
1241
1349
1366
1446
1515
1631
1691
1754
1830
1861
1951
1999
2120
2142
2222
2284
2364
2437
2488
2624
2667
2764
2810
2848
2930
3042
3055
3174
3239
3269
3360
3427
3523
3603
3623
3714
3801
3843
3923
4042
4100
4187
4229
28
81
205
221
326
424
482
516
577
647
759
807
911
948
1017
1081
1186
1242
1279
1367
1447
1516
1632
1692
1755
1831
1862
1952
2000
2121
2143
2223
2285
2365
2438
2489
2625
2668
2765
2811
2849
2931
3043
3056
3175
3240
3270
3361
3428
3524
3604
3624
3715
3802
3844
3924
4043
4101
4188
4230
29
82
206
222
327
425
483
517
578
648
760
808
912
949
1018
1082
1187
1243
1280
1368
1448
1517
1633
1693
1756
1832
1863
1953
2001
2122
2144
2224
2286
2366
2439
2490
2626
2669
2766
2812
2850
2932
3044
3057
3176
3241
3271
3362
3429
3525
3605
3625
3716
3803
3845
3925
4044
4102
4189
4231
30
83
207
223
328
426
484
518
579
649
761
809
913
950
1019
1083
1188
1244
1281
1369
1449
1518
1563
1694
1757
1833
1864
1954
2002
2123
2145
2225
2287
2367
2440
2491
2627
2670
2767
2813
2851
2933
3045
3058
3177
3242
3272
3363
3430
3526
3606
3626
3717
3804
3846
3926
4045
4103
4119
4232
31
84
208
224
329
356
485
519
580
650
762
810
914
951
1020
1084
1189
1245
1282
1370
1450
1519
1564
1695
1758
1834
1865
1955
2003
2124
2146
2226
2288
2368
2441
2492
2557
2671
2768
2814
2852
2934
3046
3059
3178
3243
3273
3364
3431
3527
3607
3627
3718
3805
3847
3927
4046
4104
4120
4233
32
85
209
225
330
357
486
520
581
651
763
811
915
952
1021
1085
1190
1246
1283
1371
1451
1520
1565
1696
1759
1835
1866
1956
2004
2125
2147
2227
2289
2369
2442
2493
2558
2672
2769
2815
2853
2935
3047
3060
3179
3244
3274
3365
3432
3528
3608
3628
3719
3806
3848
3928
4047
4105
4121
4234
33
86
210
226
331
358
487
521
582
652
764
812
916
953
1022
1086
1191
1247
1284
1372
1452
1521
1566
1697
1760
1836
1867
1957
2005
2126
2148
2228
2290
2370
2443
2494
2559
2673
2699
2816
2854
2936
3048
3061
3180
3245
3275
3366
3433
3529
3609
3629
3720
3807
3849
3929
3977
4106
4122
4235
34
87
211
227
332
359
488
522
583
653
765
813
917
954
1023
1087
1192
1248
1285
1373
1453
1522
1567
1698
1761
1837
1868
1958
2006
2127
2149
2229
2291
2371
2444
2495
2560
2674
2700
2817
2855
2937
3049
3062
3181
3246
3276
3367
3434
3530
3610
3630
3721
3808
3850
3930
3978
4107
4123
4236
35
88
212
228
333
360
489
523
584
654
766
814
918
955
1024
1088
1193
1249
1286
1374
1454
1523
1568
1699
1762
1838
1869
1959
2007
2128
2150
2230
2292
2372
2445
2496
2561
2675
2701
2818
2856
2938
3050
3063
3182
3247
3277
3368
3435
3531
3611
3631
3722
3809
3851
3931
3979
4108
4124
4237
36
89
213
229
334
361
490
524
585
655
767
815
919
956
1025
1089
1194
1250
1287
1375
1455
1524
1569
1700
1763
1839
1870
1960
2008
2129
2151
2231
2293
2373
2446
2497
2562
2676
2702
2819
2857
2939
3051
3064
3183
3248
3278
3369
3436
3532
3612
3632
3723
3810
3852
3932
3980
4109
4125
4238
37
90
143
230
335
362
491
525
586
656
768
816
920
957
1026
1090
1195
1251
1288
1376
1456
1525
1570
1701
1764
1840
1871
1961
2009
2130
2152
2232
2294
2374
2447
2498
2563
2677
2703
2820
2858
2940
3052
3065
3184
3249
3279
3370
3437
3533
3613
3633
3724
3811
3853
3933
3981
4110
4126
4239
38
91
144
231
336
363
492
526
587
657
769
817
921
958
1027
1091
1196
1252
1289
1377
1457
1526
1571
1702
1765
1841
1872
1962
2010
2060
2153
2233
2295
2375
2448
2499
2564
2678
2704
2821
2859
2941
3053
3066
3185
3250
3280
3371
3438
3534
3614
3634
3725
3812
3854
3934
3982
4111
4127
4240
39
92
145
232
337
364
493
527
588
658
770
818
922
959
1028
1092
1197
1253
1290
1378
1458
1527
1572
1703
1766
1842
1873
1963
2011
2061
2154
2234
2296
2376
2449
2500
2565
2679
2705
2822
2860
2942
2983
3067
3186
3251
3281
3372
3439
3535
3615
3635
3726
3813
3855
3935
3983
4112
4128
4241
40
93
146
233
338
365
494
528
589
659
771
819
923
960
1029
1093
1198
1254
1291
1379
1459
1528
1573
1704
1767
1843
1874
1964
2012
2062
2155
2235
2297
2377
2450
2501
2566
2680
2706
2823
2861
2943
2984
3068
3187
3252
3282
3373
3440
3536
3616
3636
3727
3814
3856
3936
3984
4113
4129
4242
41
94
147
234
339
366
495
529
590
660
772
820
853
961
1030
1094
1199
1255
1292
1380
1460
1529
1574
1634
1768
1844
1875
1965
2013
2063
2156
2236
2298
2378
2451
2502
2567
2681
2707
2824
2862
2944
2985
3069
3188
3253
3283
3374
3441
3537
3617
3637
3728
3815
3857
3937
3985
4114
4130
4243
42
95
148
235
340
367
496
530
591
661
773
821
854
962
1031
1095
1200
1256
1293
1381
1461
1530
1575
1635
1769
1845
1876
1966
2014
2064
2157
2237
2299
2379
2452
2503
2568
2682
2708
2825
2863
2945
2986
3070
3189
3254
3284
3375
3442
3538
3618
3638
3729
3816
3858
3938
3986
4115
4131
4244
43
96
149
236
341
368
497
531
592
662
774
822
855
963
1032
1096
1201
1257
1294
1382
1462
1531
1576
1636
1770
1846
1877
1967
2015
2065
2158
2238
2300
2380
2453
2504
2569
2683
2709
2826
2864
2946
2987
3071
3190
3255
3285
3376
3443
3539
3619
3639
3730
3817
3859
3939
3987
4116
4132
4245
44
97
150
237
342
369
427
532
593
663
775
823
856
964
1033
1097
1202
1258
1295
1383
1463
1532
1577
1637
1771
1776
1878
1968
2016
2066
2159
2239
2301
2381
2454
2505
2570
2684
2710
2827
2865
2947
2988
3072
3191
3256
3286
3377
3444
3540
3620
3640
3731
3818
3860
3940
3988
4117
4133
4246
45
98
151
238
343
370
428
533
594
664
776
824
857
965
1034
1098
1203
1259
1296
1384
1464
1533
1578
1638
1772
1777
1879
1969
2017
2067
2160
2240
2302
2382
2455
2506
2571
2685
2711
2828
2866
2948
2989
3073
3192
3257
3287
3378
3445
3541
3621
3641
3732
3819
3861
3941
3989
4118
4134
4247
46
99
152
239
344
371
429
534
595
665
777
825
858
966
1035
1099
1204
1260
1297
1385
1465
1534
1579
1639
1773
1778
1880
1970
2018
2068
2161
2241
2303
2383
2456
2507
2572
2686
2712
2829
2867
2949
2990
3074
3193
3258
3288
3379
3446
3542
3551
3642
3733
3820
3862
3942
3990
4048
4135
4248
47
100
153
240
345
372
430
535
596
666
778
826
859
967
1036
1100
1205
1261
1298
1386
1466
1535
1580
1640
1774
1779
1881
1971
2019
2069
2162
2242
2304
2384
2457
2508
2573
2687
2713
2830
2868
2950
2991
3075
3194
3259
3289
3380
3447
3543
3552
3643
3734
3821
3863
3943
3991
4049
4136
4249
48
101
154
241
346
373
431
536
597
667
779
827
860
968
1037
1101
1206
1262
1299
1387
1467
1536
1581
1641
1775
1780
1882
1972
2020
2070
2163
2243
2305
2385
2458
2509
2574
2688
2714
2831
2869
2951
2992
3076
3195
3260
3290
3381
3448
3544
3553
3644
3735
3822
3864
3944
3992
4050
4137
4250
49
102
155
242
347
374
432
537
598
668
780
828
861
969
1038
1102
1207
1263
1300
1388
1468
1537
1582
1642
1705
1781
1883
1973
2021
2071
2164
2244
2306
2386
2459
2510
2575
2689
2715
2832
2870
2952
2993
3077
3125
3261
3291
3382
3449
3545
3554
3645
3736
3823
3865
3945
3993
4051
4138
4251
50
103
156
243
348
375
433
538
599
669
781
829
862
970
1039
1103
1137
1264
1301
1389
1469
1538
1583
1643
1706
1782
1884
1974
2022
2072
2165
2245
2307
2387
2460
2511
2576
2690
2716
2833
2871
2953
2994
3078
3126
3262
3292
3383
3450
3546
3555
3646
3737
3824
3866
3946
3994
4052
4139
4252
51
104
157
244
349
376
434
539
600
670
711
830
863
971
1040
1104
1138
1265
1302
1390
1470
1539
1584
1644
1707
1783
1885
1975
2023
2073
2166
2246
2308
2388
2461
2512
2577
2691
2717
2834
2872
2954
2995
3079
3127
3263
3293
3384
3451
3547
3556
3647
3738
3825
3867
3947
3995
4053
4140
4253
52
105
158
245
350
377
435
540
601
671
712
831
864
972
1041
1105
1139
1266
1303
1391
1471
1540
1585
1645
1708
1784
1886
1976
2024
2074
2167
2247
2309
2389
2462
2513
2578
2692
2718
2835
2873
2955
2996
3080
3128
3264
3294
3385
3452
3548
3557
3648
3739
3826
3868
3948
3996
4054
4141
4254
53
106
159
246
351
378
436
541
602
672
713
832
865
973
1042
1106
1140
1267
1304
1392
1472
1541
1586
1646
1709
1785
1887
1977
2025
2075
2168
2248
2310
2390
2463
2514
2579
2693
2719
2836
2874
2956
2997
3081
3129
3265
3295
3386
3453
3549
3558
3649
3740
3827
3869
3949
3997
4055
4142
4255
54
107
160
247
352
379
437
542
603
673
714
833
866
974
1043
1107
1141
1268
1305
1393
1473
1542
1587
1647
1710
1786
1888
1978
2026
2076
2169
2249
2311
2391
2464
2515
2580
2694
2720
2837
2875
2957
2998
3082
3130
3266
3296
3387
3454
3550
3559
3650
3741
3828
3870
3950
3998
4056
4143
4256
55
108
161
248
353
380
438
543
604
674
715
834
867
975
1044
1108
1142
1269
1306
1394
1474
1543
1588
1648
1711
1787
1889
1979
2027
2077
2170
2250
2312
2392
2465
2516
2581
2695
2721
2838
2876
2958
2999
3083
3131
3196
3297
3388
3455
3480
3560
3651
3742
3829
3871
3951
3999
4057
4144
4257
56
109
162
249
354
381
439
544
605
675
716
835
868
976
1045
1109
1143
1270
1307
1395
1475
1544
1589
1649
1712
1788
1890
1980
2028
2078
2171
2251
2313
2393
2466
2517
2582
2696
2722
2839
2877
2959
3000
3084
3132
3197
3298
3389
3456
3481
3561
3652
3743
3830
3872
3952
4000
4058
4145
4258
57
110
163
250
355
382
440
545
606
676
717
836
869
977
1046
1110
1144
1271
1308
1396
1476
1545
1590
1650
1713
1789
1891
1981
2029
2079
2172
2252
2314
2394
2467
2518
2583
2697
2723
2840
2878
2960
3001
3085
3133
3198
3299
3390
3457
3482
3562
3653
3744
3831
3873
3953
4001
4059
4146
4259
58
111
164
251
285
383
441
546
607
677
718
837
870
978
1047
1111
1145
1272
1309
1397
1477
1546
1591
1651
1714
1790
1892
1982
2030
2080
2173
2253
2315
2395
2468
2519
2584
2698
2724
2770
2879
2961
3002
3086
3134
3199
3300
3391
3458
3483
3563
3654
3745
3832
3874
3954
4002
4060
4147
4260
59
112
165
252
286
384
442
547
608
678
719
838
871
979
1048
1112
1146
1273
1310
1398
1478
1547
1592
1652
1715
1791
1893
1983
2031
2081
2174
2254
2316
2396
2469
2520
2585
2628
2725
2771
2880
2962
3003
3087
3135
3200
3301
3392
3459
3484
3564
3655
3746
3833
3875
3955
4003
4061
4148
4190
60
113
166
253
287
385
443
548
609
679
720
839
872
980
1049
1113
1147
1274
1311
1399
1479
1548
1593
1653
1716
1792
1894
1984
2032
2082
2175
2255
2317
2397
2470
2521
2586
2629
2726
2772
2881
2963
3004
3088
3136
3201
3302
3393
3460
3485
3565
3656
3747
3834
3876
3956
4004
4062
4149
4191
61
114
167
254
288
386
444
549
610
680
721
840
873
981
1050
1114
1148
1275
1312
1400
1480
1549
1594
1654
1717
1793
1895
1985
2033
2083
2176
2256
2318
2398
2471
2522
2587
2630
2727
2773
2882
2964
3005
3089
3137
3202
3303
3394
3461
3486
3566
3657
3748
3764
3877
3957
4005
4063
4150
4192
62
115
168
255
289
387
445
550
611
681
722
841
874
982
1051
1115
1149
1276
1313
1401
1481
1550
1595
1655
1718
1794
1896
1986
2034
2084
2177
2257
2319
2399
2472
2523
2588
2631
2728
2774
2883
2965
3006
3090
3138
3203
3304
3395
3462
3487
3567
3658
3749
3765
3878
3958
4006
4064
4151
4193
63
116
169
256
290
388
446
551
612
682
723
842
875
983
1052
1116
1150
1277
1314
1402
1482
1551
1596
1656
1719
1795
1897
1987
2035
2085
2178
2258
2320
2400
2473
2524
2589
2632
2729
2775
2884
2966
3007
3091
3139
3204
3305
3396
3463
3488
3568
3659
3750
3766
3879
3959
4007
4065
4152
4194
64
117
170
257
291
389
447
552
613
683
724
843
876
984
1053
1117
1151
1278
1315
1403
1483
1552
1597
1657
1720
1796
1898
1988
2036
2086
2179
2259
2321
2401
2474
2525
2590
2633
2730
2776
2885
2967
3008
3092
3140
3205
3306
3397
3464
3489
3569
3660
3751
3767
3880
3960
4008
4066
4153
4195
65
118
171
258
292
390
448
553
614
684
725
844
877
985
1054
1118
1152
1208
1316
1404
1484
1553
1598
1658
1721
1797
1899
1918
2037
2087
2180
2260
2322
2402
2475
2526
2591
2634
2731
2777
2886
2968
3009
3093
3141
3206
3307
3398
3465
3490
3570
3661
3752
3768
3881
3961
4009
4067
4154
4196
66
119
172
259
293
391
449
554
615
685
726
845
878
986
1055
1119
1153
1209
1317
1405
1485
1554
1599
1659
1722
1798
1900
1919
2038
2088
2181
2261
2323
2403
2476
2527
2592
2635
2732
2778
2887
2969
3010
3094
3142
3207
3308
3399
3466
3491
3571
3662
3753
3769
3882
3962
4010
4068
4155
4197
67
120
173
260
294
392
450
555
616
686
727
846
879
987
1056
1120
1154
1210
1318
1406
1486
1555
1600
1660
1723
1799
1901
1920
2039
2089
2182
2262
2324
2404
2477
2528
2593
2636
2733
2779
2888
2970
3011
3095
3143
3208
3309
3400
3467
3492
3572
3663
3754
3770
3883
3963
4011
4069
4156
4198
68
121
174
261
295
393
451
556
617
687
728
847
880
988
1057
1121
1155
1211
1319
1407
1487
1556
1601
1661
1724
1800
1902
1921
2040
2090
2183
2263
2325
2405
2478
2529
2594
2637
2734
2780
2889
2971
3012
3096
3144
3209
3310
3401
3468
3493
3573
3664
3755
3771
3884
3964
4012
4070
4157
4199
69
122
175
262
296
394
452
557
618
688
729
848
881
989
1058
1122
1156
1212
1320
1408
1488
1557
1602
1662
1725
1801
1903
1922
2041
2091
2184
2264
2326
2406
2479
2530
2595
2638
2735
2781
2890
2972
3013
3097
3145
3210
3311
3402
3469
3494
3574
3665
3756
3772
3885
3965
4013
4071
4158
4200
70
123
176
263
297
395
453
558
619
689
730
849
882
990
1059
1123
1157
1213
1321
1409
1489
1558
1603
1663
1726
1802
1904
1923
2042
2092
2185
2265
2327
2407
2480
2531
2596
2639
2736
2782
2891
2973
3014
3098
3146
3211
3312
3403
3470
3495
3575
3666
3757
3773
3886
3966
4014
4072
4159
4201
40
116
209
231
324
417
449
532
625
661
780
835
876
950
1028
1113
1165
1267
1321
1367
1434
1538
1607
1680
1736
1817
1854
1951
2041
2073
2198
2213
2325
2399
2429
2528
2585
2698
2699
2837
2896
2975
2990
3085
3147
3247
3326
3394
3479
3541
3619
3690
3728
3799
3904
3932
3991
4110
4166
4224
41
117
210
232
325
418
450
533
626
662
781
836
877
951
1029
1114
1166
1268
1322
1368
1435
1539
1608
1681
1737
1818
1855
1952
2042
2074
2199
2214
2326
2400
2430
2529
2586
2628
2700
2838
2897
2976
2991
3086
3148
3248
3327
3395
3409
3542
3620
3691
3729
3800
3905
3933
3992
4111
4167
4225
42
118
211
233
326
419
451
534
627
663
711
837
878
952
1030
1115
1167
1269
1323
1369
1436
1540
1609
1682
1738
1819
1856
1953
2043
2075
2200
2215
2327
2401
2431
2530
2587
2629
2701
2839
2898
2977
2992
3087
3149
3249
3328
3396
3410
3543
3621
3692
3730
3801
3835
3934
3993
4112
4168
4226
43
119
212
234
327
420
452
535
628
664
712
838
879
953
1031
1116
1168
1270
1324
1370
1437
1541
1610
1683
1739
1820
1857
1954
2044
2076
2201
2216
2328
2402
2432
2531
2588
2630
2702
2840
2899
2978
2993
3088
3150
3250
3329
3397
3411
3544
3551
3622
3731
3802
3836
3935
3994
4113
4169
4227
44
120
213
235
328
421
453
536
629
665
713
839
880
954
1032
1117
1169
1271
1325
1371
1438
1542
1611
1684
1740
1821
1858
1955
2045
2077
2131
2217
2329
2403
2433
2532
2589
2631
2703
2770
2900
2979
2994
3089
3151
3251
3330
3398
3412
3545
3552
3623
3732
3803
3837
3936
3995
4114
4170
4228
45
121
143
236
329
422
454
537
630
666
714
840
881
955
1033
1118
1170
1272
1326
1372
1439
1543
1612
1685
1741
1822
1859
1956
2046
2078
2132
2218
2330
2404
2434
2533
2590
2632
2704
2771
2901
2980
2995
3090
3152
3252
3331
3399
3413
3546
3553
3624
3733
3804
3838
3937
3996
4115
4171
4229
46
122
144
237
330
423
455
538
631
667
715
841
882
956
1034
1119
1171
1273
1327
1373
1440
1544
1613
1686
1742
1823
1860
1957
2047
2079
2133
2219
2331
2405
2435
2534
2591
2633
2705
2772
2902
2981
2996
3091
3153
3253
3332
3400
3414
3547
3554
3625
3734
3805
3839
3938
3997
4116
4172
4230
47
123
145
238
331
424
456
539
632
668
716
842
883
957
1035
1120
1172
1274
1328
1374
1441
1545
1614
1687
1743
1824
1861
1958
2048
2080
2134
2220
2332
2406
2436
2535
2592
2634
2706
2773
2903
2982
2997
3092
3154
3254
3333
3401
3415
3548
3555
3626
3735
3806
3840
3939
3998
4117
4173
4231
48
124
146
239
332
425
457
540
633
669
717
843
884
958
1036
1121
1173
1275
1329
1375
1442
1546
1615
1688
1744
1825
1862
1959
2049
2081
2135
2221
2333
2407
2437
2536
2593
2635
2707
2774
2904
2912
2998
3093
3155
3255
3334
3402
3416
3549
3556
3627
3736
3807
3841
3940
3999
4118
4174
4232
49
125
147
240
333
426
458
541
634
670
718
844
885
959
1037
1122
1174
1276
1330
1376
1443
1547
1616
1689
1745
1826
1863
1960
2050
2082
2136
2222
2334
2408
2438
2537
2594
2636
2708
2775
2905
2913
2999
3094
3156
3256
3335
3403
3417
3550
3557
3628
3737
3808
3842
3941
4000
4048
4175
4233
50
126
148
241
334
356
459
542
635
671
719
845
886
960
1038
1123
1175
1277
1331
1377
1444
1548
1617
1690
1746
1827
1864
1961
2051
2083
2137
2223
2335
2409
2439
2538
2595
2637
2709
2776
2906
2914
3000
3095
3157
3257
3336
3404
3418
3480
3558
3629
3738
3809
3843
3942
4001
4049
4176
4234
51
127
149
242
335
357
460
543
636
672
720
846
887
961
1039
1124
1176
1278
1332
1378
1445
1549
1618
1691
1747
1828
1865
1962
2052
2084
2138
2224
2336
2410
2440
2539
2596
2638
2710
2777
2907
2915
3001
3096
3158
3258
3337
3405
3419
3481
3559
3630
3739
3810
3844
3943
4002
4050
4177
4235
52
128
150
243
336
358
461
544
637
673
721
847
888
962
1040
1125
1177
1208
1333
1379
1446
1550
1619
1692
1748
1829
1866
1963
2053
2085
2139
2225
2337
2411
2441
2540
2597
2639
2711
2778
2908
2916
3002
3097
3159
3259
3267
3406
3420
3482
3560
3631
3740
3811
3845
3944
4003
4051
4178
4236
53
129
151
244
337
359
462
545
638
674
722
848
889
963
1041
1126
1178
1209
1334
1380
1447
1551
1620
1693
1749
1830
1867
1964
2054
2086
2140
2226
2338
2412
2442
2541
2598
2640
2712
2779
2909
2917
3003
3098
3160
3260
3268
3407
3421
3483
3561
3632
3741
3812
3846
3945
4004
4052
4179
4237
54
130
152
245
338
360
463
546
639
675
723
849
890
964
1042
1127
1179
1210
1335
1381
1448
1552
1621
1694
1750
1831
1868
1965
2055
2087
2141
2227
2339
2413
2443
2542
2599
2641
2713
2780
2910
2918
3004
3099
3161
3261
3269
3408
3422
3484
3562
3633
3742
3813
3847
3946
4005
4053
4180
4238
55
131
153
246
339
361
464
547
569
676
724
850
891
965
1043
1128
1180
1211
1336
1382
1449
1553
1622
1695
1751
1832
1869
1966
2056
2088
2142
2228
2340
2414
2444
2543
2600
2642
2714
2781
2911
2919
3005
3100
3162
3262
3270
3338
3423
3485
3563
3634
3743
3814
3848
3947
4006
4054
4181
4239
56
132
154
247
340
362
465
548
570
677
725
851
892
966
1044
1129
1181
1212
1337
1383
1450
1554
1623
1696
1752
1833
1870
1967
2057
2089
2143
2229
2341
2344
2445
2544
2601
2643
2715
2782
2841
2920
3006
3101
3163
3263
3271
3339
3424
3486
3564
3635
3744
3815
3849
3948
4007
4055
4182
4240
57
133
155
248
341
363
466
549
571
678
726
852
893
967
1045
1130
1182
1213
1338
1384
1451
1555
1624
1697
1753
1834
1871
1968
2058
2090
2144
2230
2342
2345
2446
2545
2602
2644
2716
2783
2842
2921
3007
3102
3164
3264
3272
3340
3425
3487
3565
3636
3745
3816
3850
3949
4008
4056
4183
4241
58
134
156
249
342
364
467
550
572
679
727
782
894
968
1046
1131
1183
1214
1339
1385
1452
1556
1625
1698
1754
1835
1872
1969
2059
2091
2145
2231
2343
2346
2447
2546
2603
2645
2717
2784
2843
2922
3008
3103
3165
3265
3273
3341
3426
3488
3566
3637
3746
3817
3851
3950
4009
4057
4184
4242
59
135
157
250
343
365
468
551
573
680
728
783
895
969
1047
1132
1184
1215
1340
1386
1453
1557
1626
1699
1755
1836
1873
1970
1989
2092
2146
2232
2273
2347
2448
2547
2604
2646
2718
2785
2844
2923
3009
3104
3166
3266
3274
3342
3427
3489
3567
3638
3747
3818
3852
3951
4010
4058
4185
4243
60
136
158
251
344
366
469
552
574
681
729
784
896
970
1048
1133
1185
1216
1341
1387
1454
1558
1627
1700
1756
1837
1874
1971
1990
2093
2147
2233
2274
2348
2449
2548
2605
2647
2719
2786
2845
2924
3010
3105
3167
3196
3275
3343
3428
3490
3568
3639
3748
3819
3853
3952
4011
4059
4186
4244
61
137
159
252
345
367
470
553
575
682
730
785
897
971
1049
1134
1186
1217
1342
1388
1455
1559
1628
1701
1757
1838
1875
1972
1991
2094
2148
2234
2275
2349
2450
2549
2606
2648
2720
2787
2846
2925
3011
3106
3168
3197
3276
3344
3429
3491
3569
3640
3749
3820
3854
3953
4012
4060
4187
4245
62
138
160
253
346
368
471
554
576
683
731
786
898
972
1050
1135
1187
1218
1343
1389
1456
1560
1629
1702
1758
1839
1876
1973
1992
2095
2149
2235
2276
2350
2451
2550
2607
2649
2721
2788
2847
2926
3012
3107
3169
3198
3277
3345
3430
3492
3570
3641
3750
3821
3855
3954
4013
4061
4188
4246
63
139
161
254
347
369
472
555
577
684
732
787
899
973
1051
1136
1188
1219
1344
1390
1457
1561
1630
1703
1759
1840
1877
1974
1993
2096
2150
2236
2277
2351
2452
2551
2608
2650
2722
2789
2848
2927
3013
3108
3170
3199
3278
3346
3431
3493
3571
3642
3751
3822
3856
3955
4014
4062
4189
4247
64
140
162
255
348
370
473
556
578
685
733
788
900
974
1052
1066
1189
1220
1345
1391
1458
1562
1631
1704
1760
1841
1878
1975
1994
2097
2151
2237
2278
2352
2453
2552
2609
2651
2723
2790
2849
2928
3014
3109
3171
3200
3279
3347
3432
3494
3572
3643
3752
3823
3857
3956
4015
4063
4119
4248
65
141
163
256
349
371
474
557
579
686
734
789
901
975
1053
1067
1190
1221
1346
1392
1459
1492
1632
1634
1761
1842
1879
1976
1995
2098
2152
2238
2279
2353
2454
2553
2610
2652
2724
2791
2850
2929
3015
3110
3172
3201
3280
3348
3433
3495
3573
3644
3753
3824
3858
3957
4016
4064
4120
4249
66
142
164
257
350
372
475
558
580
687
735
790
902
976
1054
1068
1191
1222
1347
1393
1460
1493
1633
1635
1762
1843
1880
1977
1996
2099
2153
2239
2280
2354
2455
2554
2611
2653
2725
2792
2851
2930
3016
3111
3173
3202
3281
3349
3434
3496
3574
3645
3754
3825
3859
3958
4017
4065
4121
4250
67
72
165
258
351
373
476
559
581
688
736
791
903
977
1055
1069
1192
1223
1348
1394
1461
1494
1563
1636
1763
1844
1881
1978
1997
2100
2154
2240
2281
2355
2456
2555
2612
2654
2726
2793
2852
2931
3017
3112
3174
3203
3282
3350
3435
3497
3575
3646
3755
3826
3860
3959
4018
4066
4122
4251
68
73
166
259
352
374
477
560
582
689
737
792
904
978
1056
1070
1193
1224
1349
1395
1462
1495
1564
1637
1764
1845
1882
1979
1998
2101
2155
2241
2282
2356
2457
2556
2613
2655
2727
2794
2853
2932
3018
3113
3175
3204
3283
3351
3436
3498
3576
3647
3756
3827
3861
3960
4019
4067
4123
4252
69
74
167
260
353
375
478
561
583
690
738
793
905
979
1057
1071
1194
1225
1279
1396
1463
1496
1565
1638
1765
1846
1883
1980
1999
2102
2156
2242
2283
2357
2458
2486
2614
2656
2728
2795
2854
2933
3019
3114
3176
3205
3284
3352
3437
3499
3577
3648
3757
3828
3862
3961
4020
4068
4124
4253
70
75
168
261
354
376
479
562
584
691
739
794
906
980
1058
1072
1195
1226
1280
1397
1464
1497
1566
1639
1766
1776
1884
1981
2000
2103
2157
2243
2284
2358
2459
2487
2615
2657
2729
2796
2855
2934
3020
3115
3177
3206
3285
3353
3438
3500
3578
3649
3758
3829
3863
3962
4021
4069
4125
4254
71
76
169
262
355
377
480
563
585
692
740
795
907
981
1059
1073
1196
1227
1281
1398
1465
1498
1567
1640
1767
1777
1885
1982
2001
2104
2158
2244
2285
2359
2460
2488
2616
2658
2730
2797
2856
2935
3021
3116
3178
3207
3286
3354
3439
3501
3579
3650
3759
3830
3864
3963
4022
4070
4126
4255
1
77
170
263
285
378
481
564
586
693
741
796
908
982
1060
1074
1197
1228
1282
1399
1466
1499
1568
1641
1768
1778
1886
1983
2002
2105
2159
2245
2286
2360
2461
2489
2617
2659
2731
2798
2857
2936
3022
3117
3179
3208
3287
3355
3440
3502
3580
3651
3760
3831
3865
3964
4023
4071
4127
4256
2
78
171
264
286
379
482
565
587
694
742
797
909
983
1061
1075
1198
1229
1283
1400
1467
1500
1569
1642
1769
1779
1887
1984
2003
2106
2160
2246
2287
2361
2462
2490
2618
2660
2732
2799
2858
2937
3023
3118
3180
3209
3288
3356
3441
3503
3581
3652
3761
3832
3866
3965
4024
4072
4128
4257
3
79
172
265
287
380
483
566
588
695
743
798
910
984
1062
1076
1199
1230
1284
1401
1468
1501
1570
1643
1770
1780
1888
1985
2004
2107
2161
2247
2288
2362
2463
2491
2619
2661
2733
2800
2859
2938
3024
3119
3181
3210
3289
3357
3442
3504
3582
3653
3762
3833
3867
3966
4025
4073
4129
4258
4
80
173
266
288
381
484
567
589
696
744
799
911
985
1063
1077
1200
1231
1285
1402
1469
1502
1571
1644
1771
1781
1889
1986
2005
2108
2162
2248
2289
2363
2464
2492
2620
2662
2734
2801
2860
2939
3025
3120
3182
3211
3290
3358
3443
3505
3583
3654
3763
3834
3868
3967
4026
4074
4130
4259
5
81
174
267
289
382
485
568
590
697
745
800
912
986
1064
1078
1201
1232
1286
1403
1470
1503
1572
1645
1772
1782
1890
1987
2006
2109
2163
2249
2290
2364
2465
2493
2621
2663
2735
2802
2861
2940
3026
3121
3183
3212
3291
3359
3444
3506
3584
3655
3693
3764
3869
3968
4027
4075
4131
4260
6
82
175
268
290
383
486
498
591
698
746
801
913
987
1065
1079
1202
1233
1287
1404
1471
1504
1573
1646
1773
1783
1891
1988
2007
2110
2164
2250
2291
2365
2466
2494
2622
2664
2736
2803
2862
2941
3027
3122
3184
3213
3292
3360
3445
3507
3585
3656
3694
3765
3870
3969
4028
4076
4132
4190
7
83
176
269
291
384
487
499
592
699
747
802
914
988
995
1080
1203
1234
1288
1405
1472
1505
1574
1647
1774
1784
1892
1918
2008
2111
2165
2251
2292
2366
2467
2495
2623
2665
2737
2804
2863
2942
3028
3123
3185
3214
3293
3361
3446
3508
3586
3657
3695
3766
3871
3970
4029
4077
4133
4191
8
84
177
270
292
385
488
500
593
700
748
803
915
989
996
1081
1204
1235
1289
1406
1473
1506
1575
1648
1775
1785
1893
1919
2009
2112
2166
2252
2293
2367
2468
2496
2624
2666
2738
2805
2864
2943
3029
3124
3186
3215
3294
3362
3447
3509
3587
3658
3696
3767
3872
3971
4030
4078
4134
4192
9
85
178
271
293
386
489
501
594
701
749
804
916
990
997
1082
1205
1236
1290
1407
1474
1507
1576
1649
1705
1786
1894
1920
2010
2113
2167
2253
2294
2368
2469
2497
2625
2667
2739
2806
2865
2944
3030
3054
3187
3216
3295
3363
3448
3510
3588
3659
3697
3768
3873
3972
4031
4079
4135
4193
10
86
179
272
294
387
490
502
595
702
750
805
917
991
998
1083
1206
1237
1291
1408
1475
1508
1577
1650
1706
1787
1895
1921
2011
2114
2168
2254
2295
2369
2470
2498
2626
2668
2740
2807
2866
2945
3031
3055
3188
3217
3296
3364
3449
3511
3589
3660
3698
3769
3874
3973
4032
4080
4136
4194
11
87
180
273
295
388
491
503
596
703
751
806
918
992
999
1084
1207
1238
1292
1409
1476
1509
1578
1651
1707
1788
1896
1922
2012
2115
2169
2255
2296
2370
2471
2499
2627
2669
2741
2808
2867
2946
3032
3056
3189
3218
3297
3365
3450
3512
3590
3661
3699
3770
3875
3974
4033
4081
4137
4195
12
88
181
274
296
389
492
504
597
704
752
807
919
993
1000
1085
1137
1239
1293
1410
1477
1510
1579
1652
1708
1789
1897
1923
2013
2116
2170
2256
2297
2371
2472
2500
2557
2670
2742
2809
2868
2947
3033
3057
3190
3219
3298
3366
3451
3513
3591
3662
3700
3771
3876
3975
4034
4082
4138
4196
13
89
182
275
297
390
493
505
598
705
753
808
920
994
1001
1086
1138
1240
1294
1411
1478
1511
1580
1653
1709
1790
1898
1924
2014
2117
2171
2257
2298
2372
2473
2501
2558
2671
2743
2810
2869
2948
3034
3058
3191
3220
3299
3367
3452
3514
3592
3663
3701
3772
3877
3976
4035
4083
4139
4197
14
90
183
276
298
391
494
506
599
706
754
809
921
924
1002
1087
1139
1241
1295
1412
1479
1512
1581
1654
1710
1791
1899
1925
2015
2118
2172
2258
2299
2373
2474
2502
2559
2672
2744
2811
2870
2949
3035
3059
3192
3221
3300
3368
3453
3515
3593
3664
3702
3773
3878
3906
4036
4084
4140
4198
15
91
184
277
299
392
495
507
600
707
755
810
922
925
1003
1088
1140
1242
1296
1413
1480
1513
1582
1655
1711
1792
1900
1926
2016
2119
2173
2259
2300
2374
2475
2503
2560
2673
2745
2812
2871
2950
3036
3060
3193
3222
3301
3369
3454
3516
3594
3665
3703
3774
3879
3907
4037
4085
4141
4199
16
92
185
278
300
393
496
508
601
708
756
811
923
926
1004
1089
1141
1243
1297
1414
1481
1514
1583
1656
1712
1793
1901
1927
2017
2120
2174
2260
2301
2375
2476
2504
2561
2674
2746
2813
2872
2951
3037
3061
3194
3223
3302
3370
3455
3517
3595
3666
3704
3775
3880
3908
4038
4086
4142
4200
17
93
186
279
301
394
497
509
602
709
757
812
853
927
1005
1090
1142
1244
1298
1415
1482
1515
1584
1657
1713
1794
1902
1928
2018
2121
2175
2261
2302
2376
2477
2505
2562
2675
2747
2814
2873
2952
3038
3062
3195
3224
3303
3371
3456
3518
3596
3667
3705
3776
3881
3909
4039
4087
4143
4201
18
94
187
280
302
395
427
510
603
710
758
813
854
928
1006
1091
1143
1245
1299
1416
1483
1516
1585
1658
1714
1795
1903
1929
2019
2122
2176
2262
2303
2377
2478
2506
2563
2676
2748
2815
2874
2953
3039
3063
3125
3225
3304
3372
3457
3519
3597
3668
3706
3777
3882
3910
4040
4088
4144
4202
19
95
188
281
303
396
428
511
604
640
759
814
855
929
1007
1092
1144
1246
1300
1417
1484
1517
1586
1659
1715
1796
1904
1930
2020
2123
2177
2263
2304
2378
2479
2507
2564
2677
2749
2816
2875
2954
3040
3064
3126
3226
3305
3373
3458
3520
3598
3669
3707
3778
3883
3911
4041
4089
4145
4203
20
96
189
282
304
397
429
512
605
641
760
815
856
930
1008
1093
1145
1247
1301
1418
1485
1518
1587
1660
1716
1797
1905
1931
2021
2124
2178
2264
2305
2379
2480
2508
2565
2678
2750
2817
2876
2955
3041
3065
3127
3227
3306
3374
3459
3521
3599
3670
3708
3779
3884
3912
4042
4090
4146
4204
21
97
190
283
305
398
430
513
606
642
761
816
857
931
1009
1094
1146
1248
1302
1419
1486
1519
1588
1661
1717
1798
1906
1932
2022
2125
2179
2265
2306
2380
2481
2509
2566
2679
2751
2818
2877
2956
3042
3066
3128
3228
3307
3375
3460
3522
3600
3671
3709
3780
3885
3913
4043
4091
4147
4205
22
98
191
284
306
399
431
514
607
643
762
817
858
932
1010
1095
1147
1249
1303
1420
1487
1520
1589
1662
1718
1799
1907
1933
2023
2126
2180
2266
2307
2381
2482
2510
2567
2680
2752
2819
2878
2957
3043
3067
3129
3229
3308
3376
3461
3523
3601
3672
3710
3781
3886
3914
4044
4092
4148
4206
23
99
192
214
307
400
432
515
608
644
763
818
859
933
1011
1096
1148
1250
1304
1350
1488
1521
1590
1663
1719
1800
1908
1934
2024
2127
2181
2267
2308
2382
2483
2511
2568
2681
2753
2820
2879
2958
3044
3068
3130
3230
3309
3377
3462
3524
3602
3673
3711
3782
3887
3915
4045
4093
4149
4207
24
100
193
215
308
401
433
516
609
645
764
819
860
934
1012
1097
1149
1251
1305
1351
1489
1522
1591
1664
1720
1801
1909
1935
2025
2128
2182
2268
2309
2383
2484
2512
2569
2682
2754
2821
2880
2959
3045
3069
3131
3231
3310
3378
3463
3525
3603
3674
3712
3783
3888
3916
4046
4094
4150
4208
25
101
194
216
309
402
434
517
610
646
765
820
861
935
1013
1098
1150
1252
1306
1352
1490
1523
1592
1665
1721
1802
1910
1936
2026
2129
2183
2269
2310
2384
2485
2513
2570
2683
2755
2822
2881
2960
3046
3070
3132
3232
3311
3379
3464
3526
3604
3675
3713
3784
3889
3917
4047
4095
4151
4209
26
102
195
217
310
403
435
518
611
647
766
821
862
936
1014
1099
1151
1253
1307
1353
1491
1524
1593
1666
1722
1803
1911
1937
2027
2130
2184
2270
2311
2385
2415
2514
2571
2684
2756
2823
2882
2961
3047
3071
3133
3233
3312
3380
3465
3527
3605
3676
3714
3785
3890
3918
3977
4096
4152
4210
27
103
196
218
311
404
436
519
612
648
767
822
863
937
1015
1100
1152
1254
1308
1354
1421
1525
1594
1667
1723
1804
1912
1938
2028
2060
2185
2271
2312
2386
2416
2515
2572
2685
2757
2824
2883
2962
3048
3072
3134
3234
3313
3381
3466
3528
3606
3677
3715
3786
3891
3919
3978
4097
4153
4211
28
104
197
219
312
405
437
520
613
649
768
823
864
938
1016
1101
1153
1255
1309
1355
1422
1526
1595
1668
1724
1805
1913
1939
2029
2061
2186
2272
2313
2387
2417
2516
2573
2686
2758
2825
2884
2963
3049
3073
3135
3235
3314
3382
3467
3529
3607
3678
3716
3787
3892
3920
3979
4098
4154
4212
29
105
198
220
313
406
438
521
614
650
769
824
865
939
1017
1102
1154
1256
1310
1356
1423
1527
1596
1669
1725
1806
1914
1940
2030
2062
2187
2202
2314
2388
2418
2517
2574
2687
2759
2826
2885
2964
3050
3074
3136
3236
3315
3383
3468
3530
3608
3679
3717
3788
3893
3921
3980
4099
4155
4213
30
106
199
221
314
407
439
522
615
651
770
825
866
940
1018
1103
1155
1257
1311
1357
1424
1528
1597
1670
1726
1807
1915
1941
2031
2063
2188
2203
2315
2389
2419
2518
2575
2688
2760
2827
2886
2965
3051
3075
3137
3237
3316
3384
3469
3531
3609
3680
3718
3789
3894
3922
3981
4100
4156
4214
31
107
200
222
315
408
440
523
616
652
771
826
867
941
1019
1104
1156
1258
1312
1358
1425
1529
1598
1671
1727
1808
1916
1942
2032
2064
2189
2204
2316
2390
2420
2519
2576
2689
2761
2828
2887
2966
3052
3076
3138
3238
3317
3385
3470
3532
3610
3681
3719
3790
3895
3923
3982
4101
4157
4215
32
108
201
223
316
409
441
524
617
653
772
827
868
942
1020
1105
1157
1259
1313
1359
1426
1530
1599
1672
1728
1809
1917
1943
2033
2065
2190
2205
2317
2391
2421
2520
2577
2690
2762
2829
2888
2967
3053
3077
3139
3239
3318
3386
3471
3533
3611
3682
3720
3791
3896
3924
3983
4102
4158
4216
33
109
202
224
317
410
442
525
618
654
773
828
869
943
1021
1106
1158
1260
1314
1360
1427
1531
1600
1673
1729
1810
1847
1944
2034
2066
2191
2206
2318
2392
2422
2521
2578
2691
2763
2830
2889
2968
2983
3078
3140
3240
3319
3387
3472
3534
3612
3683
3721
3792
3897
3925
3984
4103
4159
4217
34
110
203
225
318
411
443
526
619
655
774
829
870
944
1022
1107
1159
1261
1315
1361
1428
1532
1601
1674
1730
1811
1848
1945
2035
2067
2192
2207
2319
2393
2423
2522
2579
2692
2764
2831
2890
2969
2984
3079
3141
3241
3320
3388
3473
3535
3613
3684
3722
3793
3898
3926
3985
4104
4160
4218
35
111
204
226
319
412
444
527
620
656
775
830
871
945
1023
1108
1160
1262
1316
1362
1429
1533
1602
1675
1731
1812
1849
1946
2036
2068
2193
2208
2320
2394
2424
2523
2580
2693
2765
2832
2891
2970
2985
3080
3142
3242
3321
3389
3474
3536
3614
3685
3723
3794
3899
3927
3986
4105
4161
4219
36
112
205
227
320
413
445
528
621
657
776
831
872
946
1024
1109
1161
1263
1317
1363
1430
1534
1603
1676
1732
1813
1850
1947
2037
2069
2194
2209
2321
2395
2425
2524
2581
2694
2766
2833
2892
2971
2986
3081
3143
3243
3322
3390
3475
3537
3615
3686
3724
3795
3900
3928
3987
4106
4162
4220
37
113
206
228
321
414
446
529
622
658
777
832
873
947
1025
1110
1162
1264
1318
1364
1431
1535
1604
1677
1733
1814
1851
1948
2038
2070
2195
2210
2322
2396
2426
2525
2582
2695
2767
2834
2893
2972
2987
3082
3144
3244
3323
3391
3476
3538
3616
3687
3725
3796
3901
3929
3988
4107
4163
4221
38
114
207
229
322
415
447
530
623
659
778
833
874
948
1026
1111
1163
1265
1319
1365
1432
1536
1605
1678
1734
1815
1852
1949
2039
2071
2196
2211
2323
2397
2427
2526
2583
2696
2768
2835
2894
2973
2988
3083
3145
3245
3324
3392
3477
3539
3617
3688
3726
3797
3902
3930
3989
4108
4164
4222
1
61
121
181
241
301
361
421
481
541
601
661
721
781
841
901
961
1021
1081
1141
1201
1261
1321
1381
1441
1501
1561
1621
1681
1741
1801
1861
1921
1981
2041
2101
2161
2221
2281
2341
2401
2461
2521
2581
2641
2701
2761
2821
2881
2941
3001
3061
3121
3181
3241
3301
3361
3421
3481
3541
3601
3661
3721
3781
3841
3901
3961
4021
4081
4141
4201
4261
4321
4381
4441
4501
4561
4621
4681
4741
4801
4861
4921
4981
5041
5101
5161
5221
5281
5341
5401
5461
5521
5581
5641
5701
5761
5821
5881
5941
6001
6061
6121
6181
6241
6301
6361
6421
6481
6541
6601
6661
6721
6781
6841
6901
6961
7021
7081
7141
7201
7261
7321
7381
7441
7501
7561
7621
7681
7741
7801
7861
7921
7981
8041
8101
8161
8221
8281
8341
8401
8461
8521
8581
8641
8701
8761
8821
8881
8941
9001
9061
9121
9181
9241
9301
9361
9421
9481
9541
9601
9661
9721
9781
9841
9901
9961
10021
10081
10141
10201
10261
10321
10381
10441
10501
10561
10621
10681
10741
10801
10861
10921
10981
11041
11101
11161
11221
11281
11341
11401
11461
11521
11581
11641
11701
11761
11821
11881
11941
12001
12061
12121
12181
12241
12301
12361
12421
12481
12541
12601
