410
4096
12288
491
509
1285
1390
1411
1627
1654
1722
1734
1780
1900
1913
1948
2102
2109
2141
2232
2396
2430
2829
2920
3057
3502
3624
3699
3874
517
610
749
770
807
963
1157
1465
1497
1653
1760
1842
1905
2025
2171
2688
2747
2842
2863
2930
3091
3163
3830
3836
3840
3845
4032
4055
4071
115
194
553
557
576
813
843
907
1096
1369
1639
2149
2277
2557
2592
2637
2939
2957
3084
3093
3132
3326
3380
3446
3628
15
62
477
614
690
809
839
921
1071
1112
1476
1545
1605
1834
2040
2151
2261
2278
2330
2398
2699
2730
3631
3661
3691
3714
3825
3915
3916
122
132
189
420
895
1076
1183
1206
1490
1578
2170
2263
2365
2372
2547
2572
2586
2662
2720
2753
2787
3225
3257
3384
3475
3641
3851
4023
64
81
185
445
531
593
779
803
905
1132
1160
1260
1299
1378
1634
1775
1943
1966
1971
2054
2284
2511
2649
2752
2800
3387
3517
3524
3535
3922
3940
70
544
603
635
1015
1080
1090
1680
1808
2092
2157
2348
2363
2409
2612
2707
3064
3110
3113
3143
3170
3215
3440
3457
3534
3635
3651
3712
3771
3824
20
53
59
95
98
234
345
416
432
518
851
1405
1437
1508
1599
1724
1866
2042
2098
2229
2325
2410
2695
3023
3200
3357
3496
3516
3729
3740
3842
18
76
83
476
532
974
1103
1396
1633
1862
2357
2597
2759
2770
2811
2820
2953
3020
3073
3146
3198
3227
3272
3345
3939
3991
4068
34
214
217
263
298
413
589
661
784
829
846
1535
1661
1673
1791
1948
2252
2440
2832
2834
3278
3287
3336
3469
3669
3695
3731
4088
128
131
228
425
429
517
829
928
1062
1283
1416
1582
1714
1906
1977
2007
2328
2475
2695
2814
3112
3118
3189
3223
3253
3286
3342
3590
3602
3800
337
378
894
1393
1461
1536
1629
2169
2271
2342
2435
2674
2841
2872
2991
3003
3013
3033
3104
3371
3390
3639
3774
3907
3948
4051
4078
185
232
239
315
323
353
548
555
798
971
984
1193
1208
1644
1645
1817
1887
2226
2598
2677
2708
2855
2871
2899
3090
3244
3465
3623
3684
3873
3934
6
281
309
349
448
612
863
978
1005
1084
1123
1169
1565
2194
2392
2404
2480
2504
2519
2545
2616
2625
2767
2987
3323
3721
3750
3852
3956
3978
3995
4051
163
212
220
460
834
1001
1077
1443
1572
1935
1953
2135
2292
2316
2544
2825
2838
3019
3403
3521
3528
3736
3772
3806
3943
3976
67
281
333
524
557
651
702
774
834
881
930
1171
1282
1533
2144
2304
2358
2509
2803
2809
3000
3413
3527
3582
3615
3757
3762
3932
640
947
1221
1232
1821
1857
2039
2045
2139
2205
2210
2263
2341
2407
2687
2731
2750
2756
3051
3426
4015
4076
4094
44
344
409
676
912
1009
1305
1331
1446
1616
1681
1770
1794
2064
2150
2178
2826
2978
3043
3617
3705
3707
3763
3945
41
77
175
194
1291
1405
1594
1680
1917
1918
2164
2209
2220
2387
2406
2441
2483
2621
2629
2734
2862
3180
3314
3317
3555
3633
3669
3723
3906
3991
266
279
867
1372
1420
1483
1503
2128
2165
2225
2796
2799
2866
2992
3251
3307
3431
3655
3703
3734
3805
3812
3870
4025
94
751
792
795
869
926
990
1044
1269
1403
1537
1588
1639
1827
2049
2178
2206
2416
2441
2479
2646
2775
2871
2994
3205
3261
3437
3497
3624
3921
125
179
305
337
448
460
790
1313
1327
1469
1473
1566
1657
1816
1903
2028
2183
2339
2576
3100
3113
3193
3210
3213
3331
3441
3513
3550
3552
3914
104
432
459
499
536
634
698
874
1021
1118
1153
1183
1345
1708
1728
1929
2035
2119
2311
2368
2749
2840
2852
2857
2961
3028
3096
3282
3405
3955
3996
27
102
321
399
429
507
637
764
828
959
1063
1521
1833
1881
2113
2126
2287
2401
2457
2459
2632
2718
2940
2947
2985
3226
3420
3744
3995
4058
4080
4085
192
470
542
618
665
690
863
864
971
982
1040
1233
1439
2174
2265
2297
2360
2401
2465
2485
2960
3031
3052
3056
3732
3917
3930
514
572
604
689
698
754
899
1138
1211
1223
1399
1430
1783
2297
2306
2542
2640
2849
2962
3203
3238
3268
3346
3354
3484
3519
3848
4022
4038
93
281
501
615
887
1113
1642
1667
1757
1832
1868
1898
1907
2120
2153
2243
2559
2567
2622
3043
3155
3178
3311
3621
3866
3878
3898
4093
98
484
629
1072
1074
1239
1368
1395
1816
2008
2114
2136
2165
2245
2382
2467
2615
2628
3065
3071
3114
3158
3216
3565
3739
4080
19
123
129
280
537
662
705
717
985
1213
1337
1517
1744
1891
1957
1959
2100
2311
2322
2339
2677
2705
2706
2920
2954
3019
3161
3218
3349
3397
3571
3598
3703
3732
178
190
270
326
558
1116
1130
1169
1190
1266
1329
1383
1466
1934
2005
2082
2192
2417
2511
2626
2706
2838
2972
2977
3123
3626
4042
11
263
409
760
1128
1310
1326
1476
1538
1614
1634
1740
1973
2013
2296
2371
2426
2868
3034
3327
3391
3449
3552
3713
3803
3850
3861
3957
245
620
792
845
1099
1139
1255
1265
1372
1395
1571
1572
1771
1773
1879
1997
2043
2066
2097
2108
2217
2711
2757
2981
2991
3073
3079
3246
3492
3674
3804
3894
37
238
245
390
501
510
588
1109
1226
1457
1732
1778
1790
1961
2370
2564
2588
2903
3019
3089
3293
3371
3597
3601
3705
3743
4062
4092
221
224
282
419
773
802
841
900
1023
1160
1302
1704
1722
1747
1880
2062
2087
2160
2345
2788
2844
3041
3136
3173
3174
3684
3692
3710
3889
3949
77
351
748
1040
1107
1138
1183
1563
1758
1800
1805
1876
2377
2657
2934
2951
3041
3121
3378
3573
3586
3618
3706
3842
4081
425
539
558
1302
1350
1391
1539
1770
1798
1869
1941
2070
2222
2226
2276
2516
2750
2941
2964
3072
3116
3478
3619
3979
3990
3997
4086
295
401
997
1090
1109
1229
1266
1431
1640
1671
2178
2228
2462
2783
2873
2937
2967
3060
3571
3670
3840
3855
3952
4065
13
51
364
443
632
791
996
1558
1717
1735
1809
1880
2052
2119
2189
2273
2282
2335
2826
2892
2953
2980
3264
3281
3315
3406
3592
3777
4054
169
372
462
610
742
923
1039
1649
1710
2144
2173
2362
2471
2530
2667
2887
3020
3089
3177
3271
3563
3630
3739
3881
3985
31
90
161
366
415
687
987
1052
1172
1257
1311
1367
1878
1885
2041
2142
2780
2954
3068
3097
3152
3300
3520
3817
3920
3929
4087
564
615
656
762
889
977
1028
1089
1128
1134
1225
1240
1289
1362
1392
1463
1471
1534
1670
1897
1990
1994
2025
2170
2229
2909
3206
3620
3626
3662
3985
65
83
796
858
871
936
1012
1036
1079
1171
1181
1324
1434
1583
1637
1829
1897
2035
2242
2369
2487
2586
2921
3880
4003
327
328
338
380
424
654
716
761
767
988
1015
1441
1649
1737
2104
2625
2769
2879
2943
3079
3116
3244
3400
3407
3733
3837
3980
3982
4009
4029
11
144
257
355
464
871
966
1185
1248
1730
2142
2176
2297
2386
2522
2924
2980
3271
3295
3458
3489
3765
3842
4008
237
397
655
785
1039
1079
1323
1417
1453
1592
1811
2140
2146
2184
2204
2426
2824
2886
2936
2966
3131
3542
3546
3710
3804
3886
100
137
176
267
709
817
888
979
1100
1147
1307
1310
1527
1798
1845
1890
2116
2363
2473
2489
2706
3106
3251
3300
3398
3474
3676
3698
3811
89
137
347
590
598
1076
1187
1262
1318
1471
1778
1911
2024
2281
2309
2385
2512
2623
3224
3422
3526
3581
3670
3675
3814
3821
260
278
295
359
525
584
703
864
1157
1475
1500
1725
1860
1928
1973
2203
2263
2535
2553
2587
2589
2609
2957
2979
3414
3425
3561
3702
3873
4017
343
394
631
787
925
1096
1148
1203
1333
1503
1683
1857
1859
1963
2198
2222
2346
2349
2776
2798
2910
3290
3398
3449
3911
3960
4021
246
302
708
712
713
718
821
1004
1254
1281
1321
1462
1580
1591
1723
1801
1845
2318
2430
2929
2982
2999
3154
3443
3869
3910
3972
4000
18
647
941
956
1073
1113
1216
1367
1624
1673
1687
1982
2055
2065
2115
2447
2582
2591
2601
2635
3003
3290
3354
3445
3464
3485
3542
3573
21
166
335
613
979
1031
1055
1553
1562
1714
1803
1829
1941
2115
2345
2400
2463
2521
2768
2801
3049
3245
3470
3569
3773
3909
3952
4000
4075
2
72
109
139
450
498
550
579
823
1259
1323
1398
1493
1543
1544
1550
1682
1765
1928
1938
1951
2058
2067
2272
2359
2458
2660
2703
2878
3050
3090
3196
3452
4053
4069
210
325
336
374
478
520
825
1032
1046
1097
1389
1467
1507
1650
1651
2086
2146
2176
2187
2209
2916
3306
3401
3564
3756
3769
3808
4086
166
318
679
681
862
910
951
1159
1281
1400
1596
1706
2033
2361
2425
2446
2537
2858
3081
3209
3565
3682
3971
3981
4059
4085
143
543
548
666
741
836
1017
1181
1537
1694
1865
2036
2108
2241
2360
2556
2567
2607
2620
2624
2934
3145
3167
3336
3612
3691
3877
3983
50
358
548
748
755
1055
1175
1213
1226
1316
1319
1750
1772
1934
1970
2118
2160
2507
2576
2679
2717
3372
3472
3494
3514
3566
3766
3819
4004
146
207
290
336
501
559
577
584
654
876
902
1271
1388
1392
1445
1468
1678
2074
2079
2128
2312
2361
2775
2849
3005
3197
3210
3474
3708
3722
3728
3912
3951
25
84
247
254
486
686
746
775
889
1200
1340
1369
1469
1711
1950
1971
2055
2300
2711
2845
2855
2870
2926
2985
3028
3177
3499
3840
3935
3966
113
145
262
445
619
677
690
891
1528
1540
1680
1771
2172
2255
2326
2355
2481
2718
2861
2881
3067
3271
3299
3481
3724
3949
4035
4069
141
358
389
404
431
593
639
975
998
1085
1589
1660
1764
1773
1822
1831
1849
1933
2003
2070
2308
2577
2784
3002
3025
3202
3564
3640
3893
40
68
218
303
357
676
1066
1118
1255
1492
1507
1514
1580
1840
1890
2048
2123
2353
2372
2530
2717
2721
2940
2963
3129
3179
3256
3412
3452
3864
82
134
175
210
291
436
609
682
943
1522
1638
2118
2130
2320
2327
2389
2454
2464
2496
2519
2605
2742
3091
3796
3963
4023
137
191
264
310
326
581
625
885
958
1095
1499
1501
1550
1567
1620
1674
1762
2033
2154
2316
2488
2618
2692
3250
3266
3856
4030
47
184
271
338
392
403
426
455
525
621
1115
1206
1246
1320
1336
1417
1751
1916
2068
2097
2251
2650
2737
3110
3325
3470
3533
3566
3738
3802
4011
78
229
446
671
800
820
952
991
1551
1749
2189
2578
2626
2635
2796
2942
3045
3206
3402
3484
3501
3533
3701
3730
3782
3932
3971
3983
4058
99
123
218
234
308
487
505
667
679
706
819
847
936
998
1057
1316
1587
1684
1802
1923
2031
2335
2469
2564
3165
3269
3400
3784
3793
3870
3954
22
153
223
282
538
578
620
1048
1102
1163
1241
1271
1603
1606
1703
1853
2064
2152
2275
2404
2648
2657
2793
2798
3123
3232
3408
3664
3753
133
327
384
435
506
532
769
1045
1244
1468
1876
1952
1968
2408
2418
2456
2484
2570
2617
2686
2756
2853
2867
2924
3177
3247
3302
3449
3504
3531
3623
3888
203
214
275
369
704
821
878
1143
1164
1271
1398
1618
1641
1815
1896
2046
2295
2727
2815
3100
3218
3284
3725
3780
3789
3808
3863
3895
4007
4018
39
343
467
594
699
777
882
1210
1347
1377
1622
2011
2817
2866
2918
3196
3270
3388
3392
3453
3458
3546
3580
3630
3723
3819
3936
3994
4036
4092
38
95
659
730
768
792
808
843
957
1270
1472
1494
1546
1590
1936
1978
2307
2329
2473
2573
2655
2759
2835
3017
3172
3240
3748
3784
3929
226
258
433
508
781
897
1049
1280
1421
1835
1855
1979
2076
2186
2346
2420
2436
2448
2453
2562
2566
2718
2906
2919
3325
3823
3834
4045
4074
437
443
564
806
845
857
929
944
1115
1135
1380
1438
1613
1931
1973
2035
2147
2773
2809
2839
2861
2907
3241
3359
3396
3479
3497
3513
3885
3966
4043
23
274
385
773
1165
1258
1355
2001
2130
2277
2382
2499
2667
2684
2704
2856
2865
3146
3160
3204
3256
3426
3552
3627
3735
3827
4095
18
324
391
394
430
549
960
992
1067
1559
1601
1715
1779
1789
1860
2381
2809
2951
3036
3074
3273
3294
3361
3365
3536
3641
3810
3878
172
289
554
776
950
1228
1441
1520
1570
1730
2017
2065
2242
2258
2398
2797
2888
2965
3174
3269
3461
3467
3681
3835
3872
4094
4096
87
373
725
767
776
993
1034
1100
1360
1532
1674
1800
2047
2058
2099
2122
2593
2970
3160
3302
3379
3385
3463
3606
3646
3705
4057
314
362
924
931
1088
1236
1244
1340
1719
1885
2061
2086
2334
2383
2492
2665
2754
2856
2904
2907
3073
3095
3131
3304
3882
3927
3943
4094
212
762
837
854
865
873
1059
1141
1160
1234
1334
1629
1969
2478
2606
2781
2911
3289
3329
3743
3747
3843
3884
3899
3906
3993
4
252
333
352
758
883
1203
1242
1341
1385
1662
2101
2394
2492
2506
2823
2869
3091
3263
3607
3686
3700
3764
3837
3946
3969
3987
4001
193
211
374
514
732
833
908
935
972
1350
1409
1631
1668
1704
1729
1893
1958
2057
2093
2258
2292
2304
2314
2923
3157
3202
3516
3598
3865
3902
4072
204
299
309
810
878
1301
1678
1692
1709
1782
1811
2099
2271
2307
2350
2399
2643
2669
2733
2950
2965
3028
3205
3246
3407
3430
3462
3630
3719
3763
3924
4046
63
93
144
763
827
961
1118
1279
1330
1448
1555
1633
1904
2038
2419
2422
2456
2490
2725
2755
2758
2843
3014
3249
3349
3367
3381
3486
3493
3818
3821
118
136
146
288
320
611
658
788
837
1155
1410
1419
1729
1809
1837
2069
2452
2524
2586
2618
2645
2825
3002
3229
3544
3704
3788
4027
2
56
130
189
240
452
653
686
789
945
1022
1162
1352
1557
1631
1992
2273
2324
2898
3015
3035
3191
3481
3637
3892
3947
4092
9
48
68
151
237
256
340
388
462
499
797
1058
1307
1669
1723
1828
1930
2542
2673
2714
2981
3366
3609
3816
3836
3988
4010
4019
102
308
585
735
968
1173
1176
1188
1214
1332
1361
1366
1382
1552
1561
1569
1857
1990
2054
2095
2107
2749
2807
3219
3399
3622
3807
3867
3892
230
483
911
976
1096
1142
1377
1779
1966
2225
2262
2520
2541
2719
2847
2854
2908
3025
3236
3335
3348
3568
3660
3941
4044
326
467
493
671
860
956
1217
1268
1371
1491
1700
1731
1812
1847
2498
3086
3140
3225
3235
3248
3249
3336
3553
3675
3692
3914
3926
4014
45
151
179
436
488
657
674
717
744
763
885
1197
1259
1276
1677
1782
1932
2011
2117
2162
2234
2585
2721
2779
2922
3036
3156
3337
3847
3904
75
159
473
523
819
926
1127
1300
1578
1695
2112
2250
2277
2343
2476
2760
2790
2956
3559
3677
3785
3807
3832
4029
4036
4046
25
47
60
249
307
552
565
1141
1177
1303
1306
1436
1722
1781
1915
2196
2248
2514
2758
2761
2916
2917
2958
2977
3273
3278
3283
3319
3343
3648
3689
3902
3989
44
382
497
730
1013
1480
1586
1637
1683
1685
1695
1882
2034
2049
2121
2126
2213
2523
2579
2656
2682
2780
2851
3038
3099
3619
3634
3767
3855
24
578
660
678
722
956
957
1195
1451
1505
1587
1617
1675
2147
2169
2198
2418
2681
2753
2945
3054
3062
3076
3221
3468
3536
3647
3723
4002
4057
108
883
905
980
1075
1425
1566
1667
1717
1863
1922
2051
2193
2486
2557
2594
2596
2604
2610
2652
2698
2843
3138
3447
3779
3800
3921
4053
31
135
153
237
253
275
469
532
1256
1348
1432
1785
1810
1889
2298
2528
2595
2678
2778
2783
3195
3355
3597
3744
4015
4075
4079
4091
69
136
379
647
824
877
1257
1460
1500
1579
1604
1612
1625
1631
1708
1710
1758
1786
2518
2678
2790
2859
2990
3122
3610
3773
3872
152
426
435
654
664
907
1168
1187
1204
1219
1264
1495
1745
1797
1813
1906
2693
2698
2792
2933
2935
3051
3451
3553
3560
3608
3768
3948
4
127
430
482
490
641
702
756
807
812
1044
1217
1231
1388
1958
1985
2006
2015
2116
2164
2230
2286
2376
2569
2805
2958
3139
3740
3823
3955
4042
167
414
504
513
872
1002
1061
1114
1182
1367
1440
1533
1988
2043
2152
2271
2282
2437
2690
2852
3077
3136
3320
3381
3647
3673
3691
3696
3883
4001
4003
46
164
423
496
713
799
880
1037
1056
1277
1630
1705
1768
1855
2149
2166
2439
2497
2608
2890
2949
2988
3037
3197
3227
3429
3549
3612
3621
3729
3953
84
111
164
212
415
465
622
736
1048
1136
1151
1209
1290
1411
1591
1626
1792
1996
2159
2725
2746
2921
3012
3055
3189
3321
3566
3847
3940
3999
285
568
798
980
989
1237
1268
1314
1464
1505
1593
1663
2124
2197
2265
2283
2329
2599
2646
2818
3314
3585
3614
3699
3733
3978
4048
331
380
433
464
904
1081
1199
1274
1608
1707
1797
2051
2120
2183
2538
2561
2611
2833
2866
2869
2931
2941
3074
3312
3494
3524
3848
3985
171
229
299
424
574
589
914
1207
1425
1444
1808
1846
1946
2203
2233
2359
2479
2677
3128
3132
3717
3773
3777
3879
3996
4004
174
686
814
1121
1179
1186
1733
1791
1793
1865
1902
1919
2012
2106
2319
2450
2591
2835
3128
3272
3361
3438
3448
3621
3793
3875
3981
47
189
316
634
842
865
933
1001
1026
1087
1296
1358
1564
1763
2129
2429
2532
2568
2696
2734
2752
2846
2878
3001
3012
3422
3479
3886
4071
92
173
431
471
651
764
793
844
1349
1396
1418
1807
1904
1924
2148
2354
2460
2571
2767
2772
2982
3070
3169
3265
3311
3315
3862
4063
94
228
297
327
747
867
939
1106
1220
1334
1411
1524
1697
1718
1739
1782
2177
2182
2831
3053
3069
3095
3121
3415
3567
3746
3969
3977
184
434
527
616
639
682
881
919
982
1065
1089
1108
1578
1645
1716
2041
2131
2136
2224
2396
2513
2536
2778
3035
3092
3246
3912
196
370
406
789
1024
1057
1685
1873
2021
2255
2284
2317
2356
2514
2588
2755
2766
2797
2993
3016
3022
3321
3682
3694
3697
4007
87
685
804
1002
1018
1185
1261
1329
1698
1980
1991
2037
2167
2317
2337
2519
2664
2870
2883
2912
2946
3382
3397
3402
3423
3471
3727
3748
4025
163
235
428
750
907
1069
1229
1315
1331
1461
1476
1517
1657
2076
2102
2129
2268
2370
2432
3134
3158
3316
3393
3504
3649
3887
4043
112
344
427
492
561
655
683
831
973
1197
1292
1365
1472
1514
1783
1991
2299
2301
2355
2422
2601
2626
2834
2981
3251
3549
3647
3844
4073
133
142
250
442
447
715
1056
1120
1158
1161
1218
1282
1437
1482
1867
1975
2389
2560
2850
3054
3293
3308
3340
105
206
256
414
647
718
870
1153
1272
1470
1635
1654
1851
1874
2022
2280
2323
2385
2837
3109
3176
3433
3514
3562
3676
3695
3761
3970
3982
4076
6
264
334
399
404
418
1054
1106
1281
1549
1774
1780
1853
1918
2230
2284
2424
2443
2568
2642
2668
2720
2735
2973
3342
3456
3652
3774
4001
249
541
631
688
855
904
1009
1016
1071
1207
1447
1527
1574
1778
1883
2039
2270
2326
2401
3151
3325
3548
3603
3656
3754
3785
3977
4017
116
185
382
628
679
721
845
1401
1449
1474
1491
1567
1698
1726
1799
1835
1836
1846
1921
2055
2313
2391
2659
3008
3050
3695
3839
421
434
491
591
613
665
832
1053
1188
1249
1531
1617
1625
1963
2266
2356
2469
2480
2637
2726
2779
2906
3102
3119
3396
3402
3483
3642
3879
3889
3951
26
56
145
470
652
689
742
974
1101
1145
1193
1303
1479
1629
1726
1774
1943
2308
2410
2433
2609
2827
3070
3674
3766
3777
3787
3800
3805
186
409
604
972
996
1162
1230
1447
1644
1995
2019
2092
2144
2521
2797
2904
2983
3021
3144
3182
3319
3490
3502
3537
3542
3666
3799
3907
3958
4033
131
150
704
728
883
887
1127
1150
1254
1344
1485
1498
1766
2331
2347
2468
2535
2543
2551
2656
2701
2758
2831
2889
3087
3115
3377
3543
3757
3916
4088
154
186
187
450
500
663
667
783
1156
1273
1624
1702
2010
2014
2084
2216
2434
2672
2692
2784
2884
2887
2952
3076
3324
3338
3971
75
131
160
207
350
418
481
605
666
874
981
1033
1122
1559
1653
1683
1706
1921
2045
2117
2493
2575
2736
2907
2943
3631
3760
3814
3942
4056
71
215
226
244
302
311
329
458
546
816
1209
1319
1322
1415
1583
1632
1716
1888
1955
1971
2306
2466
2597
2653
3408
3513
3581
3826
3947
45
122
165
687
882
916
993
1116
1272
1301
1443
1446
1823
2108
2339
2358
2409
2427
2447
2708
2748
2995
3063
3233
3418
3454
3645
35
109
111
500
524
642
1143
1238
1381
1394
1395
1422
1685
1694
1728
1760
1949
2062
2175
2283
2630
2631
2674
2854
3219
3519
3537
3576
3645
3831
3854
3887
25
139
360
716
875
877
1349
1416
1455
1736
1761
1794
1891
1962
2036
2200
2245
2455
2472
2527
2645
2822
2952
3045
3052
3149
3220
3360
3864
66
221
471
563
842
861
944
949
1174
1512
1844
2257
2412
2467
2530
2545
2851
2888
3040
3187
3200
3379
3411
3506
3529
3551
3616
3644
3856
60
70
232
348
387
412
444
626
1029
1056
1140
1196
1294
1295
1784
1829
1985
2142
2225
2270
2651
2690
2897
3086
3764
3810
3830
3859
3896
3949
79
92
369
463
740
746
830
851
1184
1344
1847
1969
1991
2106
2124
2249
2291
2485
2493
2558
2628
2931
3029
3243
3313
3326
3467
3475
3724
3827
3859
4045
61
240
267
379
534
882
1085
1291
1424
1648
2075
2088
2532
2583
2650
2707
2835
2867
2874
2890
3099
3115
3137
3498
3554
3711
3915
311
331
365
849
1175
1408
1410
1428
1468
1652
1665
1833
1926
2252
2390
2487
2500
2631
2923
2948
3004
3209
3950
4049
4074
4090
4095
249
423
489
691
783
926
969
1120
1124
1489
1515
1790
1821
2004
2272
2315
2540
2582
2587
3165
3181
3207
3415
3467
3670
3688
3726
3776
3956
4066
457
541
780
1011
1283
1436
1554
1600
1713
1864
2029
2059
2080
2136
2161
2172
2194
2296
2381
2421
2483
2696
3139
3220
3367
3472
3604
3848
4007
437
482
547
562
630
714
750
916
1088
1186
1204
1475
1494
1616
1894
1956
2052
2154
2179
2854
3010
3075
3083
3167
3586
3923
3939
4023
14
20
58
362
538
681
801
902
919
1577
1795
1861
1914
1965
2161
2274
2454
2581
2590
2729
2917
3117
3184
3277
3444
3685
3745
495
536
828
833
1071
1174
1304
1451
1455
1537
1721
1884
1945
2061
2157
2618
2709
2848
2962
3043
3214
3280
3345
3510
3526
3781
3930
4063
31
242
673
753
966
1059
1062
1081
1350
1544
1945
1999
2009
2180
2305
2435
2555
2623
2751
2769
2776
2903
3228
3317
3350
3361
3377
3486
3551
3933
3992
4037
40
79
151
272
618
697
941
1295
1394
1588
1664
1674
1984
2240
2276
2303
2323
2475
2535
2685
2827
3149
3380
3451
3515
3532
3548
3673
3911
4065
15
37
129
410
419
569
723
1310
1386
1415
1464
1541
1861
2012
2038
2195
2206
2307
2455
2571
2582
2585
2664
2697
3078
3134
3153
3215
3511
3588
3639
101
166
180
280
286
348
511
554
653
769
857
976
1080
1094
1237
1530
1677
1740
1825
1997
2111
2227
2268
2627
2975
3227
3341
3424
4057
178
347
421
554
890
935
1120
1186
1296
1420
1538
2087
2163
2218
2300
2368
2611
2912
3077
3088
3152
3453
3457
3465
3624
3680
3961
170
173
243
324
350
863
966
1546
1773
1784
1916
1992
1994
2089
2109
2184
2413
2540
2659
2689
2806
2964
3160
3554
3601
3605
3704
3742
3876
3926
5
304
367
387
396
508
929
1177
1547
1730
1744
2018
2215
2619
2645
2743
2799
2836
2893
2939
2949
3038
3046
3254
3736
3796
3856
3860
3990
434
524
570
684
1043
1083
1093
1214
1264
1576
1603
1652
1672
1925
1946
1982
2293
2299
2303
2347
2528
2728
2828
2840
2844
2901
2908
3124
3279
3404
3443
3473
3761
3893
7
94
107
142
149
170
316
938
1086
1241
1326
1557
1744
2034
2116
2244
2290
2735
2763
2860
2873
2983
3040
3088
3242
3296
3320
3442
3570
3820
3849
3903
3922
298
356
358
360
606
658
775
825
1029
1179
1220
1574
1689
1956
2152
2205
2215
2251
2352
2470
2595
2738
2768
2876
3352
3570
3713
3933
4069
82
727
794
838
844
885
1050
1108
1379
1650
1804
1840
2050
2071
2096
2254
2403
2467
2508
2547
2580
2825
2898
3111
3159
3437
3574
3733
3934
88
405
1145
1201
1304
1375
1425
1815
1830
1840
1893
1894
2107
2141
2310
2525
2553
2675
2819
2983
3017
3058
3181
3434
3545
3678
241
242
510
599
701
1068
1073
1125
1135
1168
1217
1330
1332
1710
1751
1871
1947
2110
2127
2388
2565
2648
2762
2802
2930
2996
3032
3362
3456
3751
42
138
268
280
404
661
1227
1284
1304
1700
1770
1789
2112
2351
2386
2497
2599
3109
3208
3432
3495
3523
3591
3668
3826
3905
3927
3981
33
171
376
567
626
1106
1152
1288
1454
1645
1852
1942
1987
2185
2219
2374
2678
2848
3183
3217
3255
3535
3557
3846
3919
411
436
442
490
634
680
711
910
1070
1093
1248
1301
1353
1548
1717
1996
2321
2363
2510
2534
2597
2771
3044
3520
3525
3721
3883
474
649
726
738
757
852
862
920
925
937
1086
1362
1553
1719
1907
2105
2211
2325
2543
2569
2756
2970
3010
3194
3362
3387
3593
3963
4040
15
40
406
424
480
526
669
811
859
982
1224
1353
1421
1558
1874
1892
2311
2390
2739
2821
2842
2921
2969
2975
3027
3339
3728
3918
198
211
492
716
717
846
906
950
1082
1268
1382
1597
1606
1705
1725
1877
1927
2199
2217
2413
2600
2640
2716
2851
3082
3107
3347
3525
3539
4081
149
284
900
909
967
1181
1720
1855
1884
1929
1965
1999
2080
2289
2380
2496
2792
2893
2900
2945
2966
3141
3352
3357
3579
3734
4022
4078
23
202
233
244
500
665
840
1339
1362
1478
1867
2060
2253
2417
2481
2522
2551
2717
2873
3244
3383
3521
3557
3574
3596
3632
3672
3853
4030
4070
86
438
663
696
719
781
826
889
1187
1431
1607
2000
2133
2143
2544
2594
2818
2927
3055
3067
3162
3175
3274
3583
3597
3715
3828
3886
3897
4004
199
205
213
522
561
624
704
771
873
1080
1222
1373
2084
2090
2558
2694
2740
2959
3300
3301
3458
3509
3530
3756
3801
3947
3998
4048
4050
381
422
444
768
1000
1079
1368
1561
1721
1993
2040
2216
2374
2377
2406
2418
2688
2703
3085
3371
3389
3508
3517
3671
3741
3758
3831
4083
54
148
242
248
314
354
399
677
783
793
853
1137
1171
1390
1413
1450
1739
1858
2186
2379
2461
2700
2915
2956
3356
3373
3599
3818
3857
23
76
272
287
314
580
648
768
784
871
952
1123
1227
1288
1452
1689
1699
1870
1888
1905
2110
2255
2656
2696
2777
2836
2877
2901
3221
3595
43
67
343
370
407
429
486
522
689
713
866
1149
1228
1260
1346
1691
2123
2296
2453
2544
2673
2743
2745
2846
2892
3040
3082
3201
3465
3560
3571
3900
4041
60
106
248
313
466
658
718
751
997
1078
1624
1633
2004
2094
2763
2764
2834
3006
3212
3264
3385
3665
3954
4049
155
167
268
644
857
960
1161
1713
1808
1942
2083
2211
2224
2336
2338
2571
2701
2713
2944
2978
3096
3285
3322
3428
3730
3864
3887
3890
3936
74
108
132
293
391
831
873
877
1007
1090
1144
1230
1262
1300
1464
1824
2008
2048
2501
2506
2661
2752
2925
3453
3505
3629
3792
3937
4061
126
216
255
563
616
766
816
832
946
997
1324
1473
1628
1892
1960
2085
2101
2197
2829
3120
3257
3409
3587
3793
3908
3940
4006
4008
32
38
376
494
635
707
810
1007
1649
1690
1769
1776
1886
2011
2340
2460
2508
2529
2570
2607
2801
3034
3042
3162
3648
3741
3832
3880
4040
4052
4065
467
668
738
801
986
1278
1646
1762
1785
2024
2036
2043
2056
2093
2210
2548
2726
2789
2794
2948
3048
3093
3299
3808
3841
4002
4085
37
209
236
481
607
1041
1248
1473
1915
1924
1979
1990
2113
2231
2538
2674
2737
2864
3190
3306
3501
3593
3642
3653
3731
3742
3809
4020
141
148
183
456
676
732
854
961
1003
1032
1146
1709
1912
1931
1987
2295
2342
2432
2445
2603
3107
3480
3546
3660
3771
3817
3935
4052
4067
11
126
159
168
412
781
945
1110
1265
1270
1527
1548
1807
2561
2602
2795
2819
2944
3159
3176
3235
3330
3572
3581
3604
3632
3752
4039
332
354
357
465
734
927
983
987
1170
1189
1252
1265
1359
1512
1686
1706
2072
2500
2621
2640
2705
2839
2868
2917
2953
2987
3206
3351
3579
3859
3897
364
397
432
777
821
836
964
1104
1286
1305
1384
1488
1605
1617
1669
1947
2188
2281
2319
2345
2349
2616
2661
2710
3057
3295
3310
3679
3766
4060
177
217
283
419
531
1024
1058
1801
1912
2075
2170
2375
2389
2748
2764
2802
3185
3252
3360
3368
3424
3466
3618
3919
3986
223
371
446
506
537
605
638
811
815
1059
1253
1319
1403
1414
1732
1821
1947
2214
2251
2361
2491
2549
2556
2589
2875
2939
3309
3488
3671
3832
4027
4077
6
363
408
459
555
595
925
1122
1131
1246
1564
1639
1660
1754
1883
1924
1949
2067
2130
2281
2770
3075
3199
3284
3370
3485
3613
3763
125
139
282
362
517
903
1005
1253
1270
1467
1484
1488
1884
1887
1898
1930
1967
1986
2393
2406
2897
2905
2942
2990
3341
3370
3472
3497
3562
3717
3853
4054
279
444
452
603
1054
1134
1210
1449
1478
1521
1598
1944
2127
2148
2260
2376
2874
2895
2900
2974
3155
3587
3615
3625
3894
3954
30
97
121
590
645
677
778
1097
1194
1292
1325
1534
1716
1732
1871
1896
1902
1922
2343
2347
2397
2708
2773
2813
2878
3140
3257
3318
3466
3625
3918
114
132
439
625
786
999
1020
1242
1407
1587
1600
1748
1766
2045
2196
2546
2694
2713
3022
3212
3215
3553
3898
3997
4013
297
520
1111
1139
1313
1355
1400
1445
1459
1568
1643
1756
1844
2121
2247
2460
2463
2515
2686
2765
2806
2887
2913
2914
3152
3502
3667
3696
163
274
453
573
651
653
808
949
1010
1365
1676
1679
1720
1735
1738
1765
1777
1820
1872
2089
2321
2596
2685
2931
3046
3095
3223
3915
4072
22
149
279
454
645
688
787
1004
1019
1031
1361
1499
1751
1863
2062
2210
2264
2308
2461
2476
2815
2897
2906
2972
3079
3451
3479
3490
3786
3890
3967
3984
4067
28
292
420
565
584
1019
1045
1047
1305
1351
1378
1393
1523
1690
2328
2370
2399
2505
2777
2881
2883
2932
2960
3087
3187
3262
3588
3712
3789
3979
3998
174
201
373
438
469
539
712
753
939
1184
1405
1426
1583
1630
2040
2191
2259
2520
2682
2684
2744
2935
3013
3148
3833
3928
3960
45
89
764
777
786
1451
1610
1764
2156
2238
2254
2299
2312
2337
2353
2392
2511
2589
2613
2700
2730
3118
3276
3297
3301
3365
3539
3606
3712
3765
3802
3908
285
332
469
705
884
1014
1038
1039
1072
1112
1349
1389
1654
1848
2061
2090
2220
2384
2539
2561
2565
2673
2723
3031
3238
3503
3654
4064
4074
253
349
393
471
484
575
643
656
739
866
1472
1548
1752
1792
2022
2094
2096
2659
2785
2879
3081
3120
3438
3511
3686
3726
3867
4044
32
457
507
534
1001
1151
1195
1202
1236
1297
1309
1490
1765
2005
2056
2336
2474
2617
2671
2716
2848
2913
3391
3530
3594
3743
3910
46
50
310
516
756
805
1010
1161
1393
1529
1545
1663
1692
1727
1746
1764
2103
2106
2219
2260
2355
2400
2642
3057
3070
3207
3512
3518
3536
3693
3972
138
284
315
338
422
740
920
989
1047
1050
1101
1117
1180
1232
1354
1383
1511
1562
1582
1913
1961
2140
2415
2813
3022
3147
3175
3219
3638
3816
3964
16
66
197
254
259
518
640
693
1209
1229
1406
1557
1794
1997
2006
2395
2663
2793
2957
3010
3142
3230
3373
3470
3629
3679
3727
3964
4016
145
225
256
301
493
494
684
828
865
1158
1239
1244
1501
1534
1535
1796
1814
1866
2220
2438
2566
2691
2876
3171
3187
3507
3617
3801
3847
3909
22
111
225
312
529
580
650
714
1027
1150
1247
1512
1810
1812
1936
1954
1977
1995
2022
2256
2469
2745
2997
3245
3252
3280
3419
3539
3635
3720
3722
3975
148
152
346
458
527
541
755
892
1116
1194
1249
1293
1334
1363
1689
1838
1881
1988
2053
2078
2232
2234
2412
2719
2810
3042
3297
3987
19
140
236
688
694
803
915
1474
1643
1687
1729
1781
1797
1824
1858
1972
2015
2175
2224
2366
2404
2491
2629
2719
2741
2856
2922
3039
3591
3690
10
117
303
313
556
756
1111
1219
1225
1261
1278
1460
1560
1650
1734
1743
2603
2762
2781
3120
3318
3327
3375
3406
3700
3844
3870
3989
4016
4093
141
528
903
994
1033
1091
1163
1690
1972
2134
2374
2526
2699
2731
2846
3254
3296
3357
3460
3464
3574
3576
3677
3737
3762
3958
24
181
375
450
487
683
785
846
884
937
1290
1307
1369
1488
1529
1542
1803
2000
2247
2287
2362
2902
2915
3202
3203
3259
3351
3417
3491
3529
3556
3668
3775
3786
85
91
250
303
319
415
496
535
806
831
1114
1404
1552
1615
1950
2020
2042
2191
2884
3071
3297
3307
3469
3475
3504
3541
3595
3616
3715
4021
4055
187
472
574
659
848
946
953
1017
1109
1202
1218
1285
1370
1414
1862
1895
2038
2083
2368
2872
2995
3036
3061
3241
3439
3460
3634
3753
3822
4009
66
107
395
410
703
914
1020
1050
1218
1330
1416
1620
1651
1664
1940
2016
2171
2179
2185
2190
2327
2658
2879
3156
3205
3409
3622
3799
3858
4045
27
428
582
595
685
700
752
753
869
922
1067
1117
1121
1317
1830
1987
2309
2439
2583
2685
2723
2740
2889
2999
3000
3190
3230
3267
3405
3436
3514
3643
35
80
158
180
711
950
1091
1102
1173
1320
1346
1379
1391
1429
1805
1911
1970
2005
2041
2060
2424
2434
2766
2914
3312
3388
3591
3760
3812
73
183
246
262
306
348
481
569
581
644
694
714
861
964
1145
1152
1389
1523
2014
2139
2274
2372
2580
2657
2912
3477
3518
3643
3707
3912
4051
4089
143
261
461
856
930
1180
1258
1343
1541
1747
1838
1852
1927
2113
2119
2476
2494
2602
2647
2687
3026
3125
3237
3275
3389
3569
3646
3688
3820
3937
118
170
567
610
631
726
933
1003
1006
1027
1401
1678
2237
2261
2268
2633
2665
2691
3021
3099
3103
3250
3359
3385
3512
3716
3794
3810
3993
88
608
633
1012
1165
1167
1175
1380
1556
1621
1850
1851
1961
1967
1984
2015
2356
2722
2761
2976
2992
3047
3112
3172
3795
3843
3935
4034
288
446
507
523
533
672
738
818
858
898
1492
1495
1506
1542
1662
1687
1698
1776
2098
2226
2246
2420
2451
2550
2690
2781
3031
3224
3282
3434
3911
138
580
917
931
940
1006
1108
1110
1112
1365
1376
1518
1944
2373
2512
2517
2540
2675
2775
2828
2968
3024
3231
3270
3282
3709
3718
3781
3891
3900
3982
4070
199
211
372
592
699
838
1185
1275
1297
1478
1486
1817
1841
1921
1930
1957
2290
2388
2651
2723
2780
2971
3024
3071
3289
3418
3524
3737
3879
3901
3974
4076
643
692
840
898
1042
1070
1104
1142
1514
1601
1642
2090
2437
2604
2662
2754
3133
3143
3145
3222
3275
3414
3550
3559
3563
3586
3600
3751
3753
3857
3976
112
271
365
590
833
971
999
1156
1329
1475
1489
1492
1734
2168
2291
2375
2452
2560
2774
2791
2862
2914
3020
3394
3532
3545
3664
3731
3745
3890
3905
197
385
400
528
555
696
814
823
872
1008
1051
1081
1157
1470
1580
1666
1701
1758
1790
1935
1989
2083
2208
2276
2346
2398
2578
2950
3110
3144
3192
3518
3984
59
176
335
478
509
649
671
744
869
940
1126
1240
1364
1926
2384
2524
2554
3080
3108
3113
3234
3330
3522
3768
3868
4038
178
257
315
351
366
386
439
574
750
1026
1103
1234
1245
1287
1767
1933
2060
2074
2459
2614
2620
2643
2705
2943
3287
3438
3478
3540
3613
3849
707
709
752
875
1191
1264
1609
1819
1843
2114
2177
2193
2222
2367
2716
2791
2816
2904
3005
3093
3117
3348
3409
3551
3589
3702
3852
3863
3989
4038
140
182
243
299
549
629
730
850
859
977
1176
1210
1222
1223
1446
1496
1502
1526
1532
1611
1688
1777
2236
2316
2961
3261
3468
3529
3543
3826
4039
4093
118
464
560
621
724
924
1052
1262
1528
1705
1711
1738
1814
1871
1933
2082
2133
2350
2483
2660
2849
3061
3136
3275
3338
3353
3730
3754
3928
227
277
376
463
498
743
812
826
841
1027
1084
1153
1250
1251
1261
1309
1383
1968
2214
2301
2335
2585
2821
2952
3066
3098
3116
3178
3259
3349
3372
3959
241
468
727
734
735
932
1119
1222
1467
1480
1614
1646
1865
1998
2063
2074
2217
2298
2494
2495
2507
2698
2738
2798
3016
3180
3242
3334
3419
3658
3917
3953
5
29
334
411
431
514
537
843
937
1038
1276
1419
1480
1608
1697
1988
2107
2125
2131
2419
2633
2664
2984
3151
3196
3198
3374
3526
3537
3834
3920
4060
67
74
155
594
649
737
819
886
1003
1215
1481
1494
1757
1863
1889
2037
2235
2452
2465
2514
2525
2630
2638
2800
3063
3134
3143
3436
3473
3672
3690
3816
3852
7
140
200
495
644
650
779
800
912
1477
1519
1522
1555
1565
1820
1901
1960
2056
2145
2302
2439
2512
2532
2661
3332
3386
3433
3652
17
58
391
757
988
1221
1384
1458
1672
1774
1895
2283
2541
2623
2652
2704
2806
3058
3059
3108
3250
3276
3483
3492
3838
3875
3925
867
961
1000
1035
1215
1245
1356
1428
1429
1434
1672
1699
1927
2450
2619
2634
2722
2807
2847
2910
3030
3232
3394
3656
3835
3874
3881
3975
4008
4027
4078
269
381
492
800
904
1168
1386
1504
1599
1788
1841
1913
2135
2192
2196
2259
2750
2831
2909
3018
3065
3124
3696
3776
3837
3863
3962
4024
39
587
599
917
1030
1049
1097
1449
1593
1684
1788
1824
1932
1968
2079
2302
2591
2654
2692
2844
3142
3299
3408
3419
3461
3527
3687
3851
4014
4059
82
269
563
599
954
1454
1676
1727
1736
1739
1885
1905
1944
2044
2093
2125
2181
2331
2414
2449
2812
3026
3027
3044
3107
3122
3229
3296
3334
3450
3755
4084
115
133
317
411
427
623
626
708
820
880
1247
1379
1404
1408
1573
1910
2228
2243
2337
3007
3101
3149
3167
3242
3332
3654
3707
3814
3861
3956
4080
17
216
289
529
611
670
844
1011
1360
1450
1555
1731
2474
2501
2574
2724
2727
2744
2762
2958
3081
3161
3312
3404
3425
3644
3659
3807
3966
75
255
319
328
400
465
607
648
892
1104
1155
1312
1390
1570
1619
1700
1819
1964
2099
2181
2328
2729
2771
2863
2905
2910
3175
3231
3412
3612
3626
3889
4024
41
43
440
462
475
652
656
835
839
905
932
943
947
1255
1591
1632
1696
1793
2023
2158
2503
2617
2628
3232
3395
3500
3878
3914
3925
16
361
591
788
1013
1144
1211
1235
1246
1412
1460
1496
1594
1597
1825
1964
2021
2101
2123
2202
2289
2334
2595
2639
2672
3050
3146
3166
3262
3328
3435
3466
3716
71
128
475
509
710
890
953
986
1199
1288
1368
1733
1849
1982
1994
2001
2059
2246
2520
2572
2822
2881
2987
3350
3483
3572
3862
3871
127
364
449
711
990
1083
1107
1402
1438
1499
1521
1589
1712
2442
2531
2614
2786
2833
2882
2938
3213
3239
3364
3376
3634
3920
3958
4035
78
130
208
511
707
773
896
965
1036
1259
1856
2017
2121
2286
2325
2429
2510
2683
2732
3029
3166
3228
3532
3752
3770
3781
3927
3976
4009
4016
96
312
483
559
818
964
1077
1221
1328
1358
1440
1530
1574
1738
1746
1796
1862
1976
2140
2264
2421
2457
2612
2968
3181
3614
3665
3795
4029
227
287
316
334
533
566
618
763
919
963
1009
1352
1422
1431
1620
2049
2077
2198
2253
2315
2352
2572
2669
3072
3213
3345
3590
3653
3844
3950
4025
4037
4062
91
134
191
238
271
449
854
1092
1284
1298
1308
1448
2135
2177
2436
2552
2681
2799
2841
2937
3023
3277
3620
3642
3822
3999
416
662
788
1073
1107
1311
1357
1370
1577
1787
1848
1910
2409
2545
2932
2993
3004
3094
3201
3214
3303
3317
3535
3609
3632
3653
3862
3885
3957
4089
105
113
836
852
899
1100
1287
1300
1326
1491
1702
1859
1981
2246
2359
2926
2959
3023
3032
3035
3258
3343
3455
3489
3600
3663
3778
3780
3798
3866
4017
80
277
540
642
678
736
858
1140
1219
1318
1547
1621
1752
1975
2007
2091
2187
2364
2403
2557
2575
2676
2885
3127
3669
3725
3735
3759
3871
3963
3979
4055
219
227
300
340
641
721
913
918
1200
1516
1536
1627
1652
1656
1914
1917
2032
2213
2448
2451
2672
2779
2861
3024
3053
3058
3083
3197
3331
3554
3952
5
110
290
570
632
693
695
740
802
908
923
1012
1035
1044
1114
1148
1312
1381
1606
2341
2575
2614
2660
2794
3027
3049
3148
3258
3348
3719
3821
4005
120
600
754
1049
1176
1180
1230
1313
1317
1387
1538
1893
1895
1923
2158
2173
2195
2197
2249
2294
2391
2613
2722
2804
2963
3056
3085
3184
3209
3333
3431
3578
7
125
296
515
533
745
757
782
804
814
868
1043
1308
1404
1487
1584
1604
1663
1702
1955
2173
2239
2385
2399
2417
2445
2491
2554
3182
196
238
325
766
824
1040
1058
1162
1586
1596
1598
1611
2091
2179
2261
2604
2634
2883
3055
3266
3281
3333
3500
3545
3555
3688
3755
3846
4028
200
292
352
439
754
932
1263
1375
1786
1996
2317
2382
2420
2475
2517
2526
2610
2830
3008
3053
3154
3163
3442
3476
3657
3717
3871
3875
4041
4043
130
222
417
418
440
461
567
794
875
917
951
1016
1166
1822
2077
2141
2402
2456
2468
2590
2630
2767
2880
2919
2935
3139
3314
3378
3726
4046
353
550
558
568
586
749
1102
1174
1344
1385
1409
1582
1595
1948
1978
2110
2250
2471
2670
2896
2940
2989
3006
3085
3225
3393
3503
4054
3
107
177
304
522
608
923
963
1208
1484
1524
1712
1864
1907
2111
2143
2292
2364
2482
2541
2726
2995
3253
3355
3547
3754
3771
3779
182
346
442
456
510
751
778
789
849
954
978
1014
1016
1029
1033
1243
1391
1470
1870
2019
2081
2091
2095
2150
2549
2622
2733
2992
3272
3421
3607
3706
3711
3874
3904
115
273
939
1018
1146
1224
1312
1338
1699
2024
2030
2058
2073
2761
2793
2955
3203
3323
3327
3330
3370
3387
3431
3547
3687
3742
3913
221
274
333
351
536
615
1025
1308
1551
1575
1651
1693
1851
2186
2362
2400
2637
2810
2905
2973
3015
3129
3153
3267
3393
3486
3625
3667
3872
3901
3938
153
232
825
835
852
962
1060
1094
1147
1233
1456
1724
1843
2028
2151
2233
2257
2313
2349
2395
2724
2822
2972
3125
3131
3302
3315
3651
3782
3897
3968
55
264
623
720
721
732
909
1017
1031
1226
1266
1277
1294
1322
1375
1402
1541
1616
1874
2414
2482
2484
2606
2681
2805
3190
3199
3273
3478
3698
3770
3925
236
259
355
371
579
612
807
894
1042
1198
1242
1332
1510
1572
1775
1970
2208
2253
2444
2562
2602
2624
2627
2636
2643
2691
2709
2768
2811
3029
3443
3627
3896
4048
192
233
633
826
906
952
981
1159
1190
1696
1755
2042
2089
2122
2164
2182
2239
2711
2765
3208
3338
3366
3459
3714
3801
4047
92
456
664
706
731
893
1115
1132
1289
1354
1357
1412
1799
1917
2111
2272
2412
2478
2509
2712
2891
2937
3145
3189
3285
3457
3623
3693
3823
3849
3907
4086
156
169
323
556
609
746
762
967
1032
1060
1224
1509
1579
2032
2315
2574
2596
2697
2746
2951
3001
3212
3245
3344
3410
3622
3694
3767
3896
3944
4024
157
222
262
383
596
608
683
992
998
1045
1066
1129
1298
1623
2314
2508
2584
2871
2934
3084
3191
3210
3229
3279
3429
3575
3583
3627
3659
3739
3993
4005
328
368
528
637
1072
1123
1296
1315
1354
1976
2128
2166
2378
2466
2747
2787
2994
3092
3188
3195
3240
3309
3493
3527
3804
3905
3969
4026
4033
73
329
571
942
984
992
1010
1025
1513
1753
1763
1976
2236
2252
2405
2736
2749
2817
2997
3141
3286
3416
3498
3658
3671
3884
3939
3965
4079
57
98
208
503
586
592
743
817
830
948
1068
1099
1131
1141
1149
1670
2020
2027
2053
2134
2318
2689
2826
3021
3142
3172
3208
3316
3521
3637
3721
3850
3967
158
195
275
427
505
675
723
725
906
984
1172
1293
1418
1522
1637
2120
2477
2502
2539
2649
2653
2748
2830
2890
2902
3204
3350
3496
3613
368
477
635
652
745
1067
1069
1124
1289
1311
1424
1443
1549
1759
2002
2012
2017
2162
2250
2256
2323
2408
2632
2682
2982
3241
3326
3354
3578
56
496
519
579
629
1065
1138
1215
1466
1520
1571
1641
1793
1892
1978
2213
2443
2600
2942
3171
3383
3491
3577
3926
3959
3970
33
191
193
261
297
330
969
1061
1105
1207
1214
1709
1784
1894
2032
2073
2207
2279
2405
2427
2551
2559
2620
3127
3174
3974
3988
4005
52
100
201
223
224
396
1126
1164
1169
1212
1382
1760
1800
1908
2202
2218
2357
2388
2536
2855
2859
2902
3193
3233
3268
3316
3407
3505
3724
3881
3968
97
321
441
617
760
890
999
1121
1343
1423
1426
1486
1954
2068
2453
2676
2786
2803
2880
2923
2979
3059
3115
3126
3234
3346
3476
3640
4037
12
36
123
177
577
809
948
1041
1092
1126
1396
1457
1477
1635
1748
1804
2023
2030
2127
2490
2840
3025
3103
3411
3416
3499
3525
3575
3657
3715
3903
161
195
217
447
512
526
729
791
853
1099
1125
1245
1279
1740
1819
2077
2175
2215
2234
2411
2480
2945
3007
3047
3176
3255
3430
3444
3481
3790
3809
3946
4064
19
182
205
503
593
678
805
934
1125
1497
1571
1647
1664
2227
2248
2454
2509
2562
2654
2702
2782
2823
2864
2899
3109
3290
3298
3304
3440
3463
3698
3755
8
116
127
320
386
398
420
447
534
617
621
793
1238
1340
1345
1427
1434
1500
1749
2216
2249
2393
2402
2455
2463
2675
2986
3066
3118
3713
3796
4020
12
97
134
294
513
583
646
771
899
1000
1498
1540
1626
1720
1746
1899
1953
2071
2207
2393
2654
2930
3060
3421
3446
3493
3510
3564
3592
3674
3677
3977
308
392
512
544
564
602
895
947
969
1051
1237
1315
1321
1615
2026
2155
2256
2504
2816
3033
3041
3060
3102
3218
3346
3437
3736
3820
4020
73
172
276
294
511
540
552
884
1021
1179
1190
1908
2155
2639
2647
2658
2847
2865
2889
2984
3077
3248
3332
3339
3596
3608
3815
3972
4013
162
200
375
597
772
874
1149
1622
1686
1743
1811
1834
2016
2098
2167
2235
2341
2353
2383
2431
2616
2679
2747
3004
3111
3534
3732
3744
3762
3990
8
17
202
352
414
556
808
823
832
1110
1133
1513
1524
1525
1556
1607
1673
1692
1802
2351
2550
2556
2598
2605
2778
2807
2908
2973
3088
3435
3531
3651
3894
4062
4073
49
203
378
459
525
545
571
587
630
853
1089
1195
1196
1253
1373
1520
1579
2303
2378
2423
2495
2542
2608
3078
3090
3163
3340
3480
3629
3638
3921
301
341
388
390
566
668
767
855
915
1113
1235
1497
1756
1772
2013
2027
2050
2085
2088
2180
2221
2237
2379
2425
2550
2730
2872
3253
3384
3511
382
737
927
973
1019
1091
1394
1420
1452
1607
1612
1613
1736
1828
1872
1886
2560
2592
2671
2683
3130
3199
3201
3305
3363
3390
3575
3787
3930
4056
4082
193
254
304
372
475
515
728
888
1239
1257
1269
1504
1777
2070
2174
2214
2248
2373
2700
3168
3200
3236
3412
3432
3450
3487
3687
3702
3973
4006
42
93
230
957
1228
1324
1371
1604
1623
1661
1826
1828
1869
1935
2026
2048
2411
2470
2488
2537
2583
2766
2946
3105
3153
3162
3243
3344
3496
3868
230
252
286
330
454
737
942
1278
1291
1359
1504
1532
1609
2053
2068
2096
2112
2129
2478
2484
2502
2610
2688
2782
2788
2965
3193
3228
3322
3805
3858
103
209
592
611
619
722
765
945
1051
1167
1282
1376
1481
1526
1781
1943
2137
2193
2270
2314
2419
2715
2736
2966
3137
3310
3339
3351
3423
3657
3824
4019
175
323
542
596
681
790
894
1156
1293
1642
1839
1856
2046
2126
2304
2473
2501
2820
2857
3054
3066
3252
3288
3477
3772
3880
3893
3936
3945
3962
4083
57
119
477
694
776
888
922
1148
1227
1306
1328
1335
1433
1703
1733
1998
2018
2523
2537
2606
2684
2811
2976
3140
3305
3380
3430
3547
3555
3775
4047
4052
87
583
840
1023
1204
1303
1493
1558
1655
1839
2095
2202
2266
2309
2343
2365
2369
2394
2448
2505
2786
2812
3138
3292
3295
3578
3792
3841
3884
3944
4081
26
161
413
426
761
769
848
879
1154
1184
1570
1632
1675
1714
1806
2028
2057
2085
2132
2720
3032
3101
3204
3263
3285
3368
3450
3579
3882
3903
3938
3983
150
154
203
573
1025
1057
1065
1202
1419
1439
1515
1928
1931
2092
2194
2279
2313
2320
2322
2333
2647
2713
2894
2927
3051
3098
3101
3191
3243
3401
3558
3680
74
114
146
160
260
423
498
641
663
1129
1316
1646
1718
1769
1925
1980
2029
2426
2438
2555
2574
2670
2735
2773
2944
2999
3068
3389
3487
3619
3661
3693
3838
34
54
63
90
188
252
388
476
664
685
772
835
1093
1335
1415
1815
1938
1999
2019
2166
2172
2189
2375
2464
2581
2646
2813
3016
3379
3556
3718
3910
3996
4030
377
386
448
600
1136
1197
1231
1407
1951
1984
2199
2208
2387
2499
2593
2837
2838
2918
3106
3182
3198
3259
3363
3447
3568
3594
3598
3685
3841
3957
4059
44
330
369
435
452
572
577
1095
1241
1768
1843
1877
1983
2002
2025
2156
2223
2267
2365
2805
2882
2969
3009
3084
3126
3130
3488
3577
3697
3737
3738
3761
3828
3942
14
96
124
169
206
261
585
657
741
895
934
1028
1037
1046
1254
1256
1374
1429
1510
1585
1879
1903
1974
2415
2516
2523
2555
3008
3324
3376
3500
3704
3991
4096
405
457
708
709
1263
1455
1668
1818
1854
1956
2014
2047
2351
2531
2707
2896
3059
3063
3112
3279
3358
3422
3538
3584
3812
3899
3942
4075
2
124
263
662
674
816
878
1063
1083
1252
1430
1743
2026
2044
2150
2254
2742
2790
2819
3222
3256
3283
3328
3382
3508
3655
3787
4042
4077
32
214
222
231
291
307
355
497
720
790
795
886
908
970
979
1188
1276
1346
1809
1858
2348
2428
2505
2804
3072
3249
3289
3448
3499
3558
3722
3846
3888
4012
4061
4070
1
12
100
114
269
356
627
710
960
1155
1165
1203
1325
1482
1545
1584
1630
1703
1791
1826
1950
1951
2003
2237
2262
2295
2430
2911
2975
3362
3375
3471
3565
3818
95
290
512
697
771
806
1005
1206
1299
1314
1337
1386
1457
1465
1761
2125
2230
2235
2354
2563
2584
2732
3159
3168
3291
3368
3382
3567
3606
3710
3797
29
164
277
295
296
433
472
530
535
766
796
859
934
1078
1205
1347
1433
1518
1745
1902
2050
2072
2168
2273
2330
2443
2548
2631
3068
3173
3355
3596
3635
4056
58
69
162
241
562
632
655
725
990
1011
1154
1198
1836
1964
2065
2117
2134
2378
2410
2714
2852
2869
3030
3135
3157
3222
3247
3462
3580
3683
4015
69
240
321
377
547
602
605
645
912
1298
1433
1609
1670
1735
1804
2366
2521
2528
2559
2668
2771
2821
2886
2925
3002
3324
3636
3654
3708
3749
3838
3851
34
86
136
504
675
785
910
936
1105
1493
1568
1619
1787
1899
2047
2167
2190
2200
2429
2592
2641
2757
2933
3133
3265
3533
3631
3735
3790
3845
3854
21
81
209
278
347
521
642
667
669
770
862
973
1314
1406
1435
1519
1628
1845
2199
2288
2552
2629
2670
3111
3173
3186
3233
3358
3429
3556
3779
72
143
245
284
322
551
841
870
1060
1199
1284
1371
1618
1658
1679
2158
2191
2236
2269
2319
2423
2486
2676
2824
3117
3168
3283
3388
3509
3515
3590
3701
3803
168
258
430
530
669
782
817
1037
1098
1251
1283
1323
1553
1561
1669
2245
2395
2433
2525
2590
2662
2864
2915
2989
3100
3305
3806
4003
4028
345
375
540
545
798
879
970
1061
1212
1353
1435
1543
1551
1911
2118
2163
2244
2344
2498
2651
2666
2829
2832
2998
3097
3164
3211
3217
3329
3377
3420
3776
3943
61
294
312
458
478
504
734
922
1341
1413
1458
1559
1615
1636
1906
2044
2212
2332
2357
2422
2588
2795
2808
2955
3006
3185
3258
3406
3447
85
101
187
233
292
646
680
759
804
809
811
1119
1213
1435
1444
1452
1658
1937
2064
2073
2137
2221
2459
2639
3015
3607
3666
3680
3835
3959
3994
4012
106
128
165
239
332
497
546
572
578
606
803
876
901
913
972
1015
1182
1377
1560
1767
1825
1826
2180
2192
2465
2686
2782
2850
2857
2916
3082
3567
3749
3854
3876
4063
157
202
379
535
668
758
760
975
1134
1363
1366
1498
1798
2080
2244
2258
2285
2310
2445
2464
2712
2926
3056
3397
3568
3582
3608
3611
3919
3974
30
147
474
927
977
1103
1137
1342
1410
1439
1566
1682
1726
1849
1870
1992
2219
2332
2381
2644
2668
2764
2867
2967
3106
3147
3155
3188
3231
3238
3260
3600
3667
3684
3756
3829
116
165
228
339
526
607
765
815
893
1152
1381
1462
1536
1556
1671
1872
1882
1922
1966
2033
2285
2815
3102
3161
3164
3367
3428
3751
3916
3975
3986
401
568
606
698
805
1358
1387
1400
1442
1508
2138
2490
2577
2665
2753
2893
2956
3011
3017
3144
3274
3303
3307
3436
3577
3618
3628
3767
3913
70
367
473
565
839
1397
1447
1715
1741
1785
1831
1836
1868
1873
1920
2102
2190
2433
2477
2546
2593
2621
2666
2876
2925
3103
3123
3183
3287
3750
4039
4050
85
109
119
168
313
410
451
622
697
1235
1280
1356
1786
2302
2396
2488
2580
2650
2710
2745
2757
2882
2918
3094
3211
3240
3395
3415
3424
3434
3973
83
142
197
302
609
699
818
896
1075
1325
1453
1483
1531
1754
1866
2081
2161
2288
2367
2569
2587
2638
2967
2998
3000
3237
3276
3605
3830
3970
4090
3
159
353
494
850
892
965
1094
1192
1347
1423
1508
1592
1655
1832
1877
1929
1938
1974
2030
2247
2342
2416
2877
3075
3186
3288
3399
3584
3747
9
99
144
595
722
802
822
834
837
987
1294
1502
2020
2229
2262
2324
2424
2499
2515
2546
2649
2896
3044
3141
3293
3303
3656
3728
3829
3909
3962
224
406
443
466
604
672
703
729
731
780
820
909
1484
1502
1597
1711
1835
1962
2069
2265
2498
2680
2687
2732
2794
2824
2986
3185
3401
3593
3602
49
135
273
493
529
733
955
1008
1053
1064
1166
1487
1569
1655
1837
1844
1880
2326
2350
2449
2503
2565
2671
2814
3157
3188
3211
3427
3505
3531
3900
121
181
215
276
287
374
561
675
770
903
962
1024
1042
1170
1338
1611
1723
1792
1847
1854
1937
2527
2679
2710
2741
2817
2895
2969
3147
3226
3540
3570
3747
3944
171
250
451
468
479
659
701
705
1054
1407
1505
1619
1681
1814
1820
2320
2340
2474
2481
2578
2615
2928
3049
3178
3195
3328
3356
3480
3628
3765
126
357
365
503
506
745
1201
1357
1388
1401
1413
1544
2160
2205
2207
2437
2529
2655
2885
2892
3039
3089
3265
3270
3280
3418
3503
3530
3660
3785
3824
117
188
286
684
958
983
1008
1014
1082
1341
1547
1610
1656
1659
1718
2031
2069
2407
2496
2573
2577
2870
2941
3105
3235
3306
3456
3584
3663
3806
3822
3861
4090
52
296
451
476
630
779
935
1127
1135
1211
1339
1348
1458
1459
1796
1856
1959
2031
2149
2397
2552
2737
3151
3292
3523
3541
3602
3819
3860
3895
3932
152
157
385
455
624
672
692
901
918
995
1143
1285
1286
1364
1403
1529
2280
2286
2330
2518
2774
2936
3037
3092
3277
3304
3633
3815
3904
16
188
298
344
377
428
551
583
596
712
761
822
980
1084
1159
1223
1345
1374
1533
1562
1586
1638
1914
2294
2338
2741
2795
2977
3003
3127
3254
3454
3487
3507
3992
243
325
368
392
502
531
613
796
898
921
994
1004
1178
1251
1385
1627
1686
1952
1983
2739
2784
2874
2919
2927
3150
3381
3740
3923
3941
4010
4096
43
104
220
543
553
995
1038
1095
1306
1351
1423
1516
1653
1783
1850
1963
1977
2403
2497
2533
2566
2712
2789
2792
2868
2970
3018
3784
3865
3928
205
210
360
489
601
743
938
1047
1129
1249
1273
1519
1581
1602
1648
1909
2051
2305
2513
2612
2739
2888
3007
3105
3321
3375
3510
3738
3778
3858
3950
4044
51
575
633
661
695
911
1351
1360
1485
1496
1560
1636
1795
1823
2132
2425
2694
2703
2728
2796
2814
2845
3291
3540
3770
3788
3891
3892
3934
4035
102
110
485
660
847
1119
1378
1581
1585
1682
1688
1741
1767
2003
2440
2485
2598
2622
2810
2858
2988
3298
3329
3392
3459
3512
3603
3662
3836
3865
4061
63
160
408
813
995
1070
1074
1128
1192
1273
1801
1887
1920
2054
2066
2239
2364
2446
2502
2611
2714
2721
2979
3455
3474
3515
3649
3813
3839
4012
4087
62
307
318
319
566
881
1036
1280
1608
1827
1912
2008
2078
2288
2641
2801
2877
2968
3096
3335
3378
3421
3439
3441
3454
3509
3538
3650
3811
3857
3924
3964
29
76
81
103
147
265
310
381
440
513
719
728
916
1082
1130
1503
1666
1715
1850
1986
2029
2104
2195
2267
2366
3248
3343
3376
3519
3580
3813
3885
265
306
485
582
744
1026
1034
1342
1414
1634
1693
2088
2138
2293
2428
2438
2451
2529
2558
2760
3294
3311
3411
3492
3494
3528
3668
3678
3686
3708
3960
4084
13
117
363
856
943
968
1076
1132
1172
1402
1463
1469
1695
1731
1755
1848
1969
2201
2329
2377
2658
2704
2751
2898
3045
3184
3292
3383
3464
3664
3968
121
412
461
594
913
1117
1302
1596
1647
1696
1742
1834
1940
2063
2115
2333
2371
2489
2492
2820
2853
2903
2962
3069
3076
3094
3498
3549
3592
3636
3869
4066
231
272
389
413
470
516
591
598
628
759
1568
1601
1640
1838
1875
1900
2076
2105
2383
2731
2839
2858
3126
3318
3374
3413
3560
3745
3760
3803
3809
4022
21
229
231
270
601
948
983
1200
1263
1437
1707
1708
2280
2387
2494
2534
2624
2702
2727
2785
2947
3310
3341
3544
3611
3759
3772
3794
3797
3869
3898
4010
52
186
301
636
638
640
715
772
1074
1380
1397
1408
1421
1656
1658
1712
1787
1955
1993
2159
2184
2238
2322
2414
2526
2785
3179
3192
3335
3403
3482
3780
1
8
96
147
198
226
342
571
597
706
797
815
860
1333
1418
1459
1573
1668
1681
1995
2241
2291
2472
3097
3148
3463
3543
3563
3652
3741
3923
552
666
729
944
958
1022
1166
1193
1384
1428
1513
1701
1707
1775
1806
1875
1883
1889
1937
2086
2376
2421
2431
2996
3476
3716
3948
4021
30
129
213
235
575
623
849
868
1064
1364
1374
1610
1660
1975
2168
2354
2442
2880
3061
3124
3269
3331
3410
3489
3491
3610
3659
3922
3931
3997
65
108
162
260
324
466
619
1013
1339
1550
1554
1565
1878
1903
1932
1985
2001
2084
2124
2259
2500
2683
3104
3261
3322
3369
3610
3815
247
293
425
441
586
891
941
981
1286
1320
1427
1430
1523
1525
1812
1949
2018
2071
2536
2759
2789
2993
3033
3135
3386
3400
3423
3482
3488
3895
4053
124
305
309
394
453
516
624
673
791
861
959
1101
1130
1154
1297
1593
1919
2200
2477
2486
2777
2895
2924
3132
3169
3214
3236
3650
3783
3883
150
402
421
550
864
1002
1295
1376
1417
1461
1600
1719
1724
1772
1854
1945
2153
2321
2340
2431
2563
2729
3038
3340
3417
3746
3794
3901
3902
3953
4031
201
318
349
366
389
400
487
702
810
900
1144
1238
1299
1399
1441
1721
1873
1901
1942
2010
2131
2138
2182
2390
2423
2699
2812
2938
3373
3395
3583
3988
4014
39
283
646
755
872
1035
1348
1661
1890
2260
2290
2371
2482
2487
2515
2553
2554
2693
2751
2788
2891
3026
3039
3130
3562
3594
3750
3813
3825
103
373
422
650
778
986
1021
1088
1196
1216
1327
1613
1867
1925
1953
2063
2269
2570
2734
2863
3356
3360
3366
3392
3394
3506
3673
3719
3783
3980
4073
20
38
99
112
220
317
402
727
1006
1078
1105
1146
1164
1317
1412
1450
1569
1592
1864
1919
2188
2227
2783
2808
2909
3125
3171
3255
3396
3439
3495
3572
4050
64
474
482
614
673
682
747
784
897
929
962
1274
1359
1510
1598
1657
1742
1745
1753
1795
1842
1983
2004
2082
2534
2625
2985
3308
3425
3501
3791
155
225
691
914
1007
1142
1290
1485
1805
1822
1869
1957
2122
2163
2206
2594
2742
2894
2955
3288
3337
3482
3599
3877
4031
4032
4087
258
268
329
331
356
454
518
545
573
588
842
855
891
902
928
1471
1573
1614
1891
2057
2416
2655
2770
2804
2827
2860
2865
3262
3365
3404
3507
3681
3697
65
77
311
397
488
559
603
627
739
812
1023
1267
1269
1422
1531
1602
1742
2231
2241
2568
2633
2635
2636
2743
3128
3183
3468
3658
3663
3908
4064
42
55
244
384
396
657
731
733
765
876
1486
1546
1584
1662
2016
2066
2204
2233
2367
2510
2830
2860
2974
3052
3074
3170
3445
3559
3683
3692
3786
3931
3995
4084
36
173
363
395
723
1243
1489
1543
1549
1563
1581
1595
1628
1671
1934
2027
2294
2506
2709
2808
2845
2980
3014
3067
3129
3403
3435
3589
3645
3679
3685
3703
3791
3843
3868
62
273
530
627
637
691
991
1342
1479
1495
1507
1589
1621
1622
1823
1981
2002
2059
2133
2154
2275
2564
2573
2603
2652
2695
3064
3264
3372
3522
3576
3749
3791
3984
4
285
322
337
370
395
582
674
795
985
1085
1163
1338
1409
1644
1939
2380
2638
2728
2990
3011
3042
3064
3308
3414
3582
3601
3825
3834
4032
4067
135
156
265
289
405
484
569
787
1250
1292
1511
1525
1535
1585
1749
1750
1763
1776
1831
2148
2209
2373
2458
2946
3154
3239
3369
3649
3774
3845
3929
3987
4026
72
300
342
398
468
546
625
813
920
993
1048
1066
1158
1189
1277
1328
1352
1817
1852
1900
2331
2576
3260
3342
3477
3534
3561
3790
3827
3867
55
120
216
342
463
547
622
700
847
1092
1432
1588
1701
1750
1752
2269
2274
2344
2563
2567
2609
2833
2928
3014
3048
3158
3221
3433
3557
3646
3727
3850
416
539
1077
1182
1327
1392
1481
1618
1753
1818
1972
1993
2034
2165
2333
2386
2462
2472
2493
2663
2954
3281
3359
3427
3452
3617
3682
3866
3913
4006
4034
219
235
259
393
515
581
600
955
1055
1177
1250
1448
1788
1860
1896
1909
2097
2187
2310
2327
2539
2900
2901
3119
3122
3353
3413
3448
3676
3917
4033
27
110
172
267
639
759
938
955
967
974
1373
1406
1445
1540
1923
2072
2212
2447
2605
2733
2922
2964
3013
3108
3169
3194
3399
3757
3855
3961
4002
4077
28
61
218
288
350
361
911
1333
1387
1803
1946
2052
2081
2105
2162
2267
2434
2441
2468
2579
2581
2875
2978
3226
3247
3446
3471
3637
3746
3973
4047
51
215
251
417
495
508
879
1133
1309
1567
1677
1875
1909
1954
2183
2238
2278
2787
2843
2991
3080
3364
3369
3432
3589
3614
3662
3961
4040
68
79
206
239
291
485
602
860
951
1053
1098
1231
1603
1876
1920
2336
2489
2533
2608
2632
2772
2836
2986
3585
3720
3768
3891
3967
3980
4000
4036
24
54
80
106
417
455
551
701
752
774
1370
1479
1526
1599
1659
1759
1962
1967
2021
2023
2397
2415
2600
2653
2663
2754
2776
2899
2938
3034
3260
3461
3811
300
587
670
719
724
838
965
1028
1442
1577
1727
1818
1878
1908
2201
2285
2408
2517
2725
2929
3573
3639
3648
3678
3759
3788
3877
3951
3965
4018
4060
4082
84
192
208
213
276
339
398
499
687
700
786
949
1062
1335
1343
1693
1759
1989
2078
2223
2462
2920
2929
3047
3220
3344
3352
3416
3420
3638
3666
3839
10
49
253
479
680
782
887
1022
1170
1178
1399
1454
1483
1594
1623
1625
1761
1771
1881
1939
2009
2039
2159
2348
2504
2516
2579
2634
2755
2828
2950
3048
3224
3661
4034
48
156
204
234
542
588
692
741
880
959
1140
1258
1322
1436
1487
1590
1635
1636
1638
1666
2079
2275
2324
2379
2791
2911
3164
3334
3558
3585
3595
3644
3672
3876
3
9
195
248
283
359
521
523
620
893
978
1087
1398
1595
1605
1688
1755
1757
1813
2442
2479
2613
2702
2842
3086
3192
3363
3604
3758
3955
4089
35
90
317
505
521
636
726
775
996
1064
1453
1463
1590
1659
1665
1832
1886
2103
2145
2444
2701
2803
2974
3069
3133
3291
3323
3353
3374
3643
3734
3965
3994
1
180
251
437
527
822
1018
1191
1201
1205
1336
1424
1456
1575
1647
1713
1898
2013
2174
2352
2507
2642
2769
3001
3179
3358
3506
3522
3599
4028
4041
4082
181
359
407
736
739
799
868
870
1208
1509
1516
1916
1986
2037
2169
2278
2301
2384
2615
2948
3427
3548
3699
3700
3769
3778
3938
3986
4068
4079
33
36
179
345
367
441
598
824
896
942
968
1260
1356
1576
1766
1918
2006
2145
2153
2203
2380
2440
2533
2549
3523
3587
3641
3690
3798
3799
3802
3899
4019
4095
387
407
480
490
576
612
848
924
1426
1576
1640
1704
1810
2156
2181
2458
2470
2607
2853
3083
3223
3237
3284
3390
3391
3455
3459
3462
3541
3701
3999
4011
50
266
438
576
643
749
946
989
1198
1205
1501
1530
1643
1691
1725
1741
2009
2087
2212
2312
2518
2850
2886
2949
3286
3445
3520
3538
3620
3711
3946
3998
4018
4049
46
113
119
190
194
198
483
560
601
696
994
1147
1626
1641
1697
1728
1754
1813
1833
1846
1853
1879
2188
2344
2527
2619
2627
2997
3114
3239
3650
3817
3931
53
154
219
270
306
614
724
1030
1086
1124
1136
1279
1462
1517
1694
1861
1888
2132
2137
2232
2287
2960
3062
3135
3426
3550
3709
3782
3918
3933
3978
4083
41
207
408
488
538
557
829
901
1063
1111
1321
1679
1691
1841
1901
2266
2392
2524
2584
2763
2818
2976
3104
3268
3313
3460
3561
3683
3758
4091
167
190
251
346
402
453
543
549
710
797
921
985
988
1069
1432
1756
1989
2046
2067
2176
2402
2413
2436
2513
2547
2666
2680
2744
3263
3405
3937
28
71
340
638
915
1189
1287
1318
1366
1466
1780
1926
1974
1998
2114
2257
2411
2427
2538
2601
2837
2884
2891
2928
3138
3217
3298
3319
3544
3633
3714
3729
101
266
371
460
660
975
1075
1220
1267
1440
1465
1511
1575
1737
1904
1910
1981
2157
2289
2293
2306
2332
2471
2933
2996
3098
3137
3301
3495
3588
3924
3941
3992
4072
57
89
120
278
341
449
519
553
628
636
866
976
1046
1216
1275
1361
1482
1509
1554
1807
1837
1868
2201
2715
2740
2984
3030
3078
3313
3444
3484
3605
3665
3833
4071
246
255
293
354
480
491
570
670
1131
1191
1240
1337
1518
1539
1648
1667
1675
1789
1799
1842
1952
1980
2221
2495
2636
2644
2971
3156
3609
3611
3616
3706
26
53
174
204
341
361
378
380
383
403
544
585
693
801
827
1151
1515
1528
1602
1941
2185
2522
2644
2680
2738
2832
2936
3005
3234
3347
3655
3792
3795
86
176
305
336
486
748
933
1122
1247
1274
1275
1331
1676
1684
1768
1939
1940
2104
2240
2391
2760
2894
2959
3150
3384
3516
3603
3640
3681
3718
4091
10
14
48
122
247
472
502
931
1098
1212
1442
1506
1769
1958
1959
2109
2143
2279
2318
2360
2599
2641
2669
2697
2823
2932
3180
3216
3266
3309
3517
3569
3675
4066
322
560
695
774
928
1137
1167
1236
1243
1272
1336
1372
1737
1748
1827
2305
2394
2449
2765
2859
2947
2961
3165
3166
3267
3278
3398
3428
3440
3442
3748
3769
3775
3860
59
715
850
953
954
991
1139
1252
1256
1456
1506
1802
1899
2103
2147
2228
2240
2358
2450
2466
2543
2667
2862
2989
3046
3114
3320
3709
3720
3798
4011
88
104
199
393
735
827
830
856
918
1030
1234
1806
1936
2151
2171
2204
2428
2461
2503
2816
2988
3009
3080
3194
3274
3469
3508
3615
3689
3752
3873
4058
13
183
401
520
794
851
1052
1192
1225
1397
1427
1816
1830
1859
1960
1965
2075
2218
2223
2338
2369
2407
2548
2715
2841
3012
3150
3294
3337
3789
3882
4013
196
339
473
562
617
720
1178
1194
1233
1564
1839
2100
2231
2300
2432
2746
2772
3009
3037
3065
3087
3119
3121
3347
3417
3441
3473
3490
3831
3906
78
257
335
403
445
489
502
519
589
597
733
799
1087
1150
1355
1363
1882
1979
2146
2155
2457
2531
2774
2885
2963
2971
2998
3410
3485
3689
3783
4026
105
320
383
616
648
747
758
930
970
1041
1043
1133
1232
1267
1490
1542
1552
1612
1897
2334
2446
2693
2724
2800
2802
3018
3230
3333
3386
3636
3797
3833
4031
91
384
479
742
780
886
897
1020
1034
1173
1438
1444
1563
1665
1915
2094
2100
2139
2211
2243
2282
2298
2405
2435
2648
2689
2875
2913
3011
3725
3828
3945
64
158
184
390
940
1068
1474
1477
1539
1747
1762
1779
2000
2007
2010
2242
2264
2444
2994
3062
3170
3186
3207
3216
3364
3528
3694
3764
3829
3853
3888
4068
4088
1
27
56
81
110
138
169
199
230
257
285
315
342
373
405
431
459
482
506
536
560
590
620
651
683
710
739
767
793
827
854
882
914
942
972
997
1024
1048
1077
1102
1129
1160
1185
1215
1239
1265
1294
1320
1350
1377
1405
1433
1462
1497
1525
1551
1579
1608
1641
1671
1699
1728
1758
1784
1811
1842
1871
1902
1931
1963
1993
2023
2052
2081
2112
2139
2167
2194
2221
2249
2275
2303
2334
2366
2397
2425
2452
2480
2509
2534
2562
2592
2618
2651
2680
2710
2738
2766
2793
2821
2852
2883
2914
2944
2971
2999
3025
3052
3081
3109
3137
3164
3190
3219
3246
3275
3298
3328
3357
3385
3412
3443
3472
3502
3533
3560
3590
3619
3646
3678
3707
3736
3766
3798
3825
3852
3882
3911
3939
3966
3994
4026
4056
4087
4116
4143
4173
4202
4236
4269
4298
4327
4353
4383
4411
4436
4463
4492
4520
4550
4578
4608
4638
4667
4695
4724
4754
4787
4811
4840
4869
4897
4928
4955
4983
5012
5040
5071
5101
5126
5158
5186
5218
5244
5275
5300
5328
5357
5390
5421
5448
5480
5509
5537
5564
5595
5626
5655
5685
5717
5745
5775
5805
5831
5865
5896
5926
5956
5988
6017
6049
6079
6108
6136
6167
6199
6231
6262
6293
6326
6352
6382
6412
6444
6473
6505
6537
6569
6602
6630
6657
6688
6716
6746
6778
6809
6838
6871
6900
6933
6961
6989
7019
7048
7081
7107
7137
7168
7200
7231
7263
7295
7324
7353
7383
7413
7441
7469
7504
7531
7562
7593
7625
7659
7685
7717
7748
7780
7809
7838
7871
7900
7929
7955
7983
8014
8043
8074
8107
8139
8171
8203
8232
8261
8291
8326
8357
8387
8418
8448
8478
8509
8541
8572
8604
8635
8667
8699
8732
8766
8797
8831
8865
8893
8922
8958
8992
9023
9057
9088
9120
9151
9182
9215
9244
9277
9306
9338
9374
9404
9440
9471
9500
9532
9563
9594
9624
9655
9686
9717
9751
9781
9812
9845
9876
9905
9940
9971
10001
10033
10063
10094
10125
10157
10189
10221
10252
10284
10316
10348
10380
10411
10439
10469
10497
10528
10558
10589
10622
10651
10682
10715
10746
10773
10806
10837
10871
10906
10940
10971
11004
11034
11066
11097
11128
11160
11191
11220
11251
11284
11316
11348
11383
11417
11448
11481
11513
11543
11577
11609
11643
11676
11708
11738
11769
11801
11835
11870
11902
11935
11966
12000
12034
12065
12097
12129
12159
12191
12224
12256
