615
4096
12288
303
746
972
1140
1217
1318
1618
1679
1721
2344
2498
2926
2961
2985
3124
3340
3435
3896
3907
3949
285
807
1093
1111
1197
1484
1509
1555
1751
1834
1920
2023
2341
2455
2734
3204
3268
3368
3701
3803
115
195
476
993
1390
1797
1966
2110
2128
2267
2330
2377
2424
2460
2667
2838
2904
3630
15
568
966
1123
1142
1187
1272
1393
1430
1766
2029
2103
2369
2384
2597
2688
2693
3141
3239
3673
81
159
180
331
617
1052
1310
1387
1456
1608
2159
2174
2350
2957
3125
3160
3532
3606
3738
4038
14
183
247
259
764
871
896
1012
1331
1888
2007
2270
2409
2529
2856
2881
2899
3038
3140
3494
3505
840
1104
1196
1297
1306
1356
1772
1986
2116
2508
3289
3558
3571
3906
3910
3985
3996
4045
432
477
621
899
1178
1346
1425
1600
1638
1918
1970
1991
2014
2324
2634
2934
3060
3685
3765
3794
18
245
533
960
1029
1086
1263
1339
1553
1737
2062
2194
2398
2588
3009
3554
3582
298
933
1082
1168
1222
1320
1522
1528
1581
1668
2174
2390
3060
3201
3651
3798
3850
4020
228
284
372
425
516
579
1126
1312
1659
1917
2315
2501
2822
2999
3203
3245
3331
3796
3912
4008
337
692
847
988
1261
1286
1392
1399
2100
2177
2589
2629
2630
2664
2783
2914
3124
3213
3448
4044
323
830
976
1134
1300
1727
1831
2126
2442
2986
3034
3408
3535
3739
3844
3967
4088
4089
239
248
309
448
840
1108
1451
1809
2575
2772
2871
2934
3023
3073
3084
3284
3343
3622
3853
4005
556
842
869
873
982
1125
1267
1624
1942
2065
2279
2396
2505
2725
2904
3237
3512
3678
3743
3837
212
275
333
386
631
1115
1565
1579
1877
2047
2379
2562
2863
3318
3393
3405
3726
4016
548
707
709
942
1283
1451
1495
1586
1939
2246
2264
2308
2775
2834
3425
3607
3701
4091
44
140
311
344
486
1194
1359
1462
1869
2102
2130
2439
2615
2726
2764
3291
3452
3648
3882
182
644
973
979
1213
1792
1843
2120
2401
2498
2971
3090
3116
3128
3208
3249
3469
3505
3615
3869
4041
77
119
266
1174
1419
1602
1765
1808
1822
1874
1891
2531
2699
2705
2759
2974
3082
3097
3881
3902
64
279
682
1071
1315
1531
1797
1811
1823
1843
2266
2338
2445
2577
2795
2844
3114
3224
3230
3420
3732
3796
29
334
411
431
448
460
536
735
851
2032
2037
2154
2339
2444
2619
2936
3008
3704
3867
388
432
494
507
545
649
883
992
1059
1212
1265
1517
1690
1820
1827
2329
2395
2417
3219
3829
4050
7
399
649
784
796
1091
1148
1225
1512
1712
1813
1841
2217
2354
2385
2449
2543
2555
3069
3351
3793
3947
192
205
391
565
690
739
974
1420
1431
1506
1731
2035
2253
2259
2304
2554
3054
3146
3722
3782
4046
491
754
1196
1375
1568
1706
1728
1852
2435
2569
2690
2973
3092
3369
3715
3738
3745
3771
3873
281
484
599
990
1023
1027
1286
1355
1507
1527
1881
1948
2123
3236
3383
3584
3627
3889
3933
3972
640
1065
1120
1160
1598
1616
2294
2368
2539
2707
2725
2798
2960
2985
3410
3470
3515
3533
3612
19
85
270
563
662
718
888
1032
1323
1457
1677
2040
2348
2423
2852
3282
3325
3771
3797
3815
317
326
623
625
919
1197
1642
1836
2040
2470
2486
2545
2590
2604
2738
2865
3116
3858
17
1186
1269
1465
1593
1866
2579
2624
2697
2831
2891
3002
3246
3353
3395
3512
3684
3766
3999
289
328
400
846
1511
1692
1905
2405
2534
2565
2627
2827
2993
2996
3221
3343
3800
37
245
462
514
699
798
1131
1315
1393
1510
1855
1909
2424
2497
3039
3127
3188
3308
3928
3943
283
1078
1102
1149
1171
1240
1598
2262
2386
2620
2731
2830
2850
3135
3201
3473
3506
3581
3894
323
552
710
841
882
1128
1146
2025
2056
2253
2880
3508
3541
3696
3736
3868
3894
3941
4065
509
728
910
989
1094
1398
1736
1945
2000
2085
2163
2358
2562
2578
2601
2861
3016
3041
3299
3758
78
511
707
729
1014
1119
1201
1210
1525
1739
1842
2299
2411
2561
2675
2776
2992
3361
3716
4093
364
774
988
1086
1112
1135
1341
1414
1557
1815
2848
2892
3199
3380
3510
3708
3809
3958
4037
170
334
372
1421
1434
2629
2754
2756
2793
2809
2897
2990
3104
3258
3409
3587
3631
3681
3775
3898
31
275
366
415
615
876
1249
1340
1533
1562
2201
2205
2581
2769
2847
3058
3118
3609
4010
90
91
161
771
856
1232
1292
1316
1415
1521
1623
1774
2331
2465
2504
2597
2972
3475
3714
4011
98
630
864
1030
1552
1638
1816
1944
2276
2625
2694
2814
3414
3508
3734
3770
3810
4029
4043
84
424
539
864
989
1353
1540
1750
1755
1978
2062
2138
2563
2608
2869
3103
3202
3226
3670
3848
80
227
300
529
657
717
1131
1180
1624
1653
1726
1865
2080
2645
2846
2903
2976
3022
3356
3810
4000
5
110
257
397
445
786
871
1290
1477
1781
1900
2196
2338
2422
2633
2675
2907
2954
3036
3924
66
237
709
968
1110
1156
1232
1648
1976
2580
2838
2988
3030
3180
3397
3708
3752
3812
3816
3984
4006
138
524
590
616
1039
1311
1344
1742
1799
1948
1980
2463
2557
2574
3233
3310
3393
3466
3588
3746
4005
673
766
870
1314
1647
1788
2192
2474
2566
2668
2672
2900
3037
3225
3434
3735
3790
4045
4075
196
343
566
825
1059
1150
1233
1373
2119
2256
2365
2388
2499
3085
3168
3196
3538
3883
3920
3974
440
456
461
586
603
647
708
749
802
1045
1074
1188
1506
1706
2220
2617
3121
3198
3462
3759
3939
131
152
222
384
558
801
1018
1326
1556
1704
1938
2353
2790
2882
3102
3163
3532
3569
3811
335
510
608
613
762
773
808
822
878
1616
1659
2252
2366
2712
2804
3135
3151
3163
3925
140
167
382
549
1716
1773
1792
1900
1942
2010
2122
2204
2225
2230
2291
2586
2702
3061
3179
3270
306
336
374
520
535
555
1033
1203
1588
1999
2036
2084
2176
2205
3325
3379
3572
3944
4087
116
273
318
450
471
629
679
953
1071
1601
1765
1967
2080
2254
2485
2623
2720
3258
3641
3751
79
153
222
1016
1075
1482
1578
1768
1850
1983
2583
2944
3006
3007
3152
3190
3432
3550
3931
232
547
627
721
748
1032
1283
1391
1514
1568
1956
2450
2828
3335
3489
3799
3943
4012
336
583
721
826
1057
1335
1393
1460
1492
1497
1656
1783
1896
2251
2502
2627
3189
3399
3895
259
540
559
890
964
1027
1044
1073
1509
1654
1862
2112
2414
2457
2615
3301
3726
3843
3909
43
92
145
608
690
903
1020
2224
2673
2821
3023
3030
3055
3137
3234
3243
3246
3733
3850
3891
3969
4066
141
156
169
607
668
827
895
1062
1145
1466
1496
1699
1833
2527
2567
2643
2980
3015
3044
3151
3375
69
357
894
1029
1404
1488
1683
1775
1860
1919
2102
2173
2510
2996
3111
3780
3822
3927
4017
291
328
436
1118
1343
1572
2059
2093
2233
2240
2288
2512
2741
3026
3053
3055
3309
3373
3503
3706
326
592
620
776
811
1229
1299
1510
1667
1972
2149
2301
2550
2581
2907
2935
3078
3429
3536
3614
36
73
338
392
525
746
889
944
1220
1308
1544
1756
1768
2134
2571
2662
3700
3783
3908
79
195
229
275
505
900
1121
1133
1178
1531
1774
1890
1984
2666
3210
3531
3649
3823
3911
538
814
986
1102
1360
1920
1969
2192
2211
2277
2765
2866
2945
3054
3206
3247
3367
3717
3812
22
123
378
401
519
1069
1221
1319
1715
1763
1867
2132
2256
2378
3072
3213
3328
3651
3855
300
439
531
725
1012
1074
1076
1258
1472
1753
1855
2036
3062
3073
3227
3721
3754
3756
3958
204
225
261
849
961
1070
1141
1280
1536
2100
2289
2319
2327
2924
2930
3041
3360
3378
3643
3735
289
321
441
1004
1027
1083
1214
1391
1487
1674
1688
2548
2800
3112
3113
3234
3730
3783
3853
4076
177
493
659
769
1070
1399
1582
1800
1899
1934
2111
2153
2522
2748
2948
3087
3173
3399
3484
4065
332
447
618
761
793
1063
1542
1559
1715
2391
2480
2895
3062
3098
3489
3740
3744
3807
3842
72
781
792
806
1555
1784
1902
2272
2374
2462
2577
2703
2988
3322
3445
3492
3682
3800
3932
386
641
809
898
1061
1146
1320
1343
1385
1566
1640
2668
2730
2806
2862
3005
3188
3443
3623
128
544
645
858
1002
1283
1290
1611
1689
1912
1947
2061
2201
2320
2555
2573
2587
2820
2981
3444
175
290
602
640
856
962
1227
1458
1857
1983
2070
2195
2223
2280
2615
3294
3297
3807
4090
294
373
1279
1470
1632
1686
1837
2238
2451
2498
2568
2706
2843
2953
3389
3666
3727
3783
3799
4064
87
232
314
773
855
1629
1667
2136
2194
2214
2320
2336
2430
2823
2925
3075
3236
3283
3464
3603
4066
17
978
1051
1231
1337
1690
1904
2114
2439
2611
2805
2813
3189
3266
3300
3462
3489
3518
3671
4
352
513
629
738
763
833
886
926
1529
2576
3047
3147
3152
3206
3294
3472
3623
3824
3871
3878
252
566
696
866
1107
1113
1240
1288
1474
1479
2212
2260
2292
2422
2639
2692
2908
2929
3171
3450
177
211
299
332
382
834
877
959
1152
1172
1215
1599
1630
2131
2598
3250
3330
3341
3733
3814
26
254
372
611
909
1116
1563
1739
1994
2172
2544
2610
2691
3053
3831
3988
42
60
289
322
788
810
975
2031
2094
2637
2719
2958
3039
3098
3161
3233
3413
3821
4034
2
223
452
454
493
686
737
937
1158
1374
1612
1671
1798
2210
2272
2285
2444
2738
3079
3613
48
287
340
675
947
1165
1381
1417
1500
1596
1740
1890
1941
1974
2357
2584
2709
3288
3388
3642
3897
68
355
518
585
803
1480
1702
1817
1964
2162
2491
2799
3038
3115
3214
3240
3289
3304
3762
58
527
735
791
1170
1665
1971
2049
2116
2201
2307
2430
2545
2862
3011
3040
3085
3127
3298
3640
230
326
467
671
732
833
1145
1645
1832
2051
2072
2160
2295
2479
2678
3397
3461
3515
3621
3834
26
674
920
1000
1430
1571
1613
1732
1982
2092
2677
2789
2830
2874
2881
2925
3583
3845
4053
473
756
1170
1461
1681
1707
2539
2769
2790
2794
2809
3028
3035
3097
3488
3573
3875
47
203
1306
1529
1601
1713
2209
2616
2685
2998
3262
3383
3406
3678
3756
3788
3802
3811
3843
3929
34
54
1480
1581
1608
1735
1809
1871
2068
2120
2133
2135
2499
2769
3129
3571
3744
4014
4030
377
1020
1025
1372
1531
1887
1932
2120
2437
2570
2753
2811
2848
2920
3043
3309
3478
3601
3690
133
532
642
722
828
1449
1996
2021
2032
2038
2197
2557
2947
2950
3032
3519
3819
3884
4026
31
253
1048
1422
1772
1838
1864
2057
2169
2296
2306
2659
2863
2986
3364
3611
3657
3757
237
261
405
651
755
763
847
1574
1746
1914
1985
2588
3089
3095
3466
3491
3872
3888
263
482
497
664
845
1047
1171
1433
1513
1679
2165
2222
2310
2659
2683
2702
2793
2936
3257
3334
3337
355
430
504
662
813
1336
1634
1699
1992
2064
2178
2525
2739
2959
3003
3281
3541
3621
3685
3883
4040
127
269
278
356
511
825
861
887
1099
1309
1708
1853
1962
2065
2088
2129
2419
2601
2648
2968
3968
4071
396
1008
1064
1290
1412
1490
1585
1818
1846
1960
1992
2244
2316
2844
2882
2905
3004
3382
3522
29
164
165
403
433
683
768
1039
1091
1347
1698
1748
2368
2377
2398
2405
2736
3084
3270
3389
3651
3805
69
572
645
965
1262
1664
1909
1954
2448
2735
2837
2948
2954
2964
3544
3581
3617
3795
286
377
380
388
433
464
909
1157
1414
1769
2372
2462
2681
2875
2926
2967
2989
3254
3451
3543
52
299
521
913
991
1180
1317
1345
1755
1791
1820
1857
2412
2520
2566
2712
3186
3663
3846
3911
4060
171
209
265
785
985
1015
1626
1727
1887
1898
1931
2681
2763
2997
3178
3490
3516
3570
3688
138
174
867
871
1110
1308
1521
1862
1893
2175
2628
2710
2894
3018
3098
3325
3560
3626
3753
4029
669
863
1058
1137
1641
1999
2376
2451
2661
2674
2855
2874
3126
3131
3370
4075
4096
80
92
478
545
578
748
777
818
975
1503
1526
1681
2375
2556
2588
2734
2896
3162
3659
3737
3792
434
1013
1317
1443
1743
1829
1848
1922
2007
2360
2478
2877
2984
3446
3558
3618
3758
3772
4069
188
301
370
406
680
794
875
920
1612
1743
1997
2345
2745
2880
2983
3053
3267
3540
3887
4073
233
685
795
1004
1122
1314
1502
1696
1722
1729
2333
2870
2933
2987
3019
3149
3719
3907
164
236
492
857
880
1413
1514
1639
1793
2097
2113
2258
2429
2506
2558
3030
3187
3514
3642
427
561
1172
1773
1828
2016
2078
2082
2426
2534
2541
2667
2763
3455
3531
3661
3710
4013
4082
133
320
606
607
715
765
816
914
1514
1838
1868
1902
1969
2223
2317
2423
2687
3892
3977
229
401
565
1149
1223
1298
1315
1658
2024
2147
2448
2466
2684
2718
3025
3305
3341
3390
3395
3502
399
1065
1188
1413
1557
1906
1983
2046
2067
2082
2232
2350
2768
2906
3452
3850
3916
3975
4001
4026
70
410
688
697
979
1192
1200
1744
1787
2047
2166
2471
2671
2707
2833
3002
3396
3509
3517
3537
3694
3834
302
382
444
518
699
838
1455
2257
2282
2344
2663
3016
3279
3438
3490
3573
3657
3960
3
83
117
142
1056
1266
1361
1561
1662
1877
2243
2329
2886
3136
3242
3338
3352
3603
3860
9
145
652
689
1220
1366
1816
1834
1886
1950
2492
2700
3387
3459
3585
3715
3746
244
409
803
1284
1476
1622
1670
2043
2365
2449
2472
2510
2584
2645
2791
3065
3396
3475
3519
3552
499
560
701
729
1477
1496
1502
1506
1550
1670
2216
2310
2401
2640
2746
2810
2977
3012
3520
3693
3950
3966
122
215
375
542
675
852
893
1285
1347
1451
1672
1763
2041
2384
2654
2713
3254
3474
3785
4078
186
481
604
1363
1722
2024
2126
2288
2520
2600
2941
3183
3211
3396
3401
3909
4082
129
244
302
311
502
745
976
998
1184
1328
1688
1764
1883
2005
2050
2210
2858
2960
3473
3768
166
1165
1297
1726
1753
1882
1949
2072
2570
2748
3058
3181
3326
3358
3443
3624
3995
122
266
451
1010
1057
1191
1586
1620
1644
1857
2148
2343
2479
2480
2761
3252
3296
3557
3994
25
110
455
583
596
624
692
1284
1404
1439
1866
1895
1908
2727
2863
3372
3378
3458
3602
3863
224
344
360
428
712
969
978
1173
1275
1366
1484
1498
1627
1812
2820
3427
3751
3819
4063
67
70
325
392
522
553
602
920
1044
1735
1786
1916
1970
2321
2378
2389
3150
3479
3496
3886
463
600
750
852
922
951
960
1003
1182
1661
1697
1847
2034
2549
2613
2733
3044
3287
3930
221
360
523
574
789
843
1045
1058
1088
1398
1852
2111
2208
2213
2554
3128
3339
3565
3778
331
365
831
899
912
1143
1409
1689
1786
1923
1945
2054
2125
2210
2607
3056
3267
3369
3519
3808
3877
691
1022
1289
1435
1577
1709
1790
1841
2346
2711
2729
2770
2972
3244
3344
3524
3525
3821
4059
408
457
730
1324
1586
1635
2228
2383
2434
2695
2699
2709
3070
3270
3498
3677
3839
4025
63
256
714
928
1040
1072
1199
1212
1375
1387
1825
1826
2035
2190
2631
2877
3110
3314
29
362
381
581
907
1115
1120
1189
1257
1576
1630
2030
2151
2183
2939
2992
3067
3430
3454
3795
4022
147
753
882
924
1090
1309
1310
1345
1380
1656
2004
2094
2299
2450
2624
3138
3231
3333
3341
3673
3767
13
31
117
200
1125
1520
2063
2074
2507
2614
3137
3387
3494
3663
3686
3730
3870
4067
597
903
1061
1109
1144
1276
1891
2408
2506
2785
2811
3046
3087
3394
3506
3511
3668
3813
15
511
744
1600
1788
2038
2346
2393
2484
2695
2922
2936
3021
3433
3528
3830
3918
4054
229
286
389
651
1037
1077
1431
1639
1906
2077
2301
2380
2488
2586
2748
2812
3327
3353
3652
4088
178
301
770
943
1282
1466
1614
1773
2294
2363
2723
2934
3091
3484
3506
3592
3644
3862
3904
1
8
173
186
227
337
551
559
570
706
756
1085
1503
2161
2264
2473
3244
3338
3482
3822
5
170
226
371
508
892
938
961
1033
1415
1828
2294
2438
2551
2568
2775
3374
3636
3717
3720
3852
30
129
213
220
235
434
559
798
950
1389
1527
1542
2078
2098
2790
3162
3286
3613
3755
3929
261
808
1082
1090
1413
1549
1569
1757
1837
2119
2272
2822
2834
2872
2873
2960
3028
3173
3280
3402
3887
107
146
233
247
298
356
441
968
1096
1177
1209
1218
1318
1711
1800
2150
2327
2433
2434
2857
2937
3282
3384
305
309
673
1015
1089
1535
1558
1734
1821
1861
1997
2047
2253
2275
2762
2777
3439
3542
3983
405
839
1671
1801
1929
2089
2226
2279
2366
2572
2628
2679
2898
3071
3144
3224
3241
3273
3528
3660
349
389
400
1040
1255
1304
1372
1455
1522
1729
1986
2108
2469
2660
2836
2972
2988
3088
3114
3466
39
42
283
286
475
904
1147
1588
1808
2374
2494
2598
2626
2686
2842
3224
3485
3502
3929
33
270
376
626
650
755
1070
1074
1246
1342
1365
1541
2293
2345
2614
2648
2987
3044
3108
3207
3884
20
436
711
865
902
1243
1307
1604
1612
1614
1876
1928
2296
2328
2657
3176
3363
3632
3662
4074
191
474
648
673
747
758
780
1072
1241
1589
1749
2200
2381
2703
2822
2847
3577
3672
3835
3872
4055
40
65
669
691
753
785
1008
1088
1186
1291
1337
1481
1717
1859
1899
2172
2255
3094
3332
155
212
329
356
588
922
1090
1362
1420
1512
1619
1748
2603
2618
2636
2714
2818
2843
2970
3082
3109
149
397
811
908
1171
1270
1463
2245
2500
2662
2860
3070
3074
3359
3728
3764
3866
3905
23
234
384
396
568
657
1025
1640
1811
2181
2561
2571
2902
2970
3120
3191
3241
3310
3696
4055
243
395
620
815
904
911
1016
1067
1377
2383
2397
2407
2415
2733
3374
3517
3633
3713
3786
86
205
582
627
723
782
1435
1453
1555
1576
1806
1924
2586
2923
3115
3123
3141
3169
3405
3551
3956
381
395
494
624
967
1342
1498
1761
1805
2824
2917
3438
3501
3523
3537
3572
3801
3873
4044
54
515
569
677
1242
2352
2559
2607
2734
2861
2968
3045
3077
3084
3316
3638
3712
3736
3935
287
342
969
1139
1253
1603
1606
2111
2250
2602
2686
2817
2829
2884
2911
3285
3378
3604
3758
3806
4095
67
407
838
872
954
987
1605
2041
2474
2478
2825
2981
3028
3122
3153
3340
3954
4059
4081
106
249
313
416
752
783
814
886
1215
1224
1330
1538
1794
2156
2269
2376
2605
3538
718
858
1116
1183
1185
1192
1674
1832
2031
2060
2458
2538
2782
3136
3158
3164
3192
3269
235
260
391
1079
1545
1724
1916
1933
2362
2430
2638
2683
2869
3010
3099
3205
4009
4042
76
133
218
260
361
387
803
822
1169
1510
1623
1806
1807
1846
2310
2881
2930
3348
3367
3372
3455
216
256
376
417
495
507
979
1092
1095
1596
1677
1950
2185
2428
2440
2962
3048
3101
4038
4083
82
467
480
668
745
969
1000
1088
1189
2613
2976
2987
3276
3307
3441
3507
3534
3672
3749
24
80
209
291
913
1133
1371
1427
1661
1695
2170
2309
2370
2535
3100
3143
3770
3900
3983
4031
148
237
537
676
725
1599
2026
2128
2189
2242
2416
2546
2875
2938
3236
3352
3548
3678
3942
3982
4007
11
193
398
498
687
705
733
1479
1567
1874
2246
2313
2378
2417
2977
3070
3199
3561
3934
4094
10
354
735
967
1373
1397
1435
1476
1626
1926
2538
3089
3281
3376
3555
3782
3826
3898
3970
4016
357
364
531
587
989
1136
1418
1538
1647
2009
2169
2626
2735
2782
2867
3124
3174
3181
3403
3599
3913
9
741
838
1234
1378
1436
1730
1760
2058
2190
2258
2382
2437
2594
3359
3453
3557
3655
3805
3965
284
446
636
822
861
1594
1814
1950
2144
2235
2504
2788
3027
3139
3208
3352
3454
3567
3944
1
459
935
1038
1467
1488
1609
1993
2005
2036
2529
2656
2929
3249
3334
3845
3881
3882
4021
125
407
961
974
1066
1237
1362
1482
1562
1606
2034
2078
2296
2489
2542
2645
2840
3959
3992
4092
33
94
139
603
611
825
1678
1919
2187
2307
2340
2775
2901
3398
3745
3815
3829
3985
4002
4087
180
480
490
760
804
872
1321
1599
1657
1723
1875
1902
2055
2204
2548
2909
3385
4009
4083
50
114
438
601
768
815
1062
1127
1323
1710
1892
1926
2362
2494
3067
3157
3177
3804
3858
3961
696
779
810
1136
1291
1414
1491
1597
1598
1883
1951
2105
2355
2400
2561
2672
3465
3562
3860
4063
53
194
453
557
614
1021
1208
1245
1687
1700
2041
2325
2330
2815
2871
3000
3152
3247
3264
3863
41
207
271
274
584
996
1663
1802
1879
2261
2314
2629
2766
2866
3324
3486
3817
3916
3971
240
542
903
1349
1780
1872
2142
2191
2342
2345
2403
2572
2853
3079
3142
3472
3695
3760
3807
3967
28
190
231
340
373
712
788
1033
1364
1443
1519
1646
2011
2536
3467
3513
3582
3694
3978
4014
4061
144
460
517
834
1644
1738
1979
2012
2172
2461
2622
2708
2711
2757
2889
3269
3545
3876
3882
4085
267
469
491
552
705
893
1278
1452
2207
2260
2281
2567
2665
2812
2878
3237
3275
3604
3940
3960
101
471
575
578
643
952
1141
1654
1729
1741
1849
1954
2018
2502
3497
3893
3946
26
32
378
393
507
516
693
739
1062
1429
1851
1874
1898
2325
2542
2696
3005
3349
3521
204
757
794
1223
1277
1465
1486
1683
1785
1956
2009
2174
2263
2410
3090
3424
3572
3741
3879
48
284
315
422
749
806
1071
1194
1368
1392
1419
1436
1839
1894
2095
2224
3564
3981
16
198
685
1003
1248
1260
1338
1385
1716
1720
1815
1996
2789
2928
3265
3345
3398
3474
3711
4035
50
225
528
804
1035
1040
1103
1422
1558
1988
2160
2231
2397
2547
2556
2642
3068
3119
3204
3303
3912
4056
46
243
393
866
881
1516
1693
1802
1907
1963
2021
2042
2282
2613
2724
2906
3605
3709
3913
184
197
200
346
736
1235
1650
1753
1783
2079
2319
2411
2452
2761
2796
2835
2869
3303
3428
3469
3656
152
339
601
694
720
1153
1232
1483
1486
1634
2050
2195
2399
2427
2763
2868
3048
3373
3672
3815
10
303
733
894
1179
1542
1804
1816
1885
1943
2033
2142
2564
2639
3198
3248
3275
3305
3660
615
804
952
1138
1161
1240
1259
1534
1743
2164
2435
2466
2755
2867
3009
3153
3319
3424
3724
3910
216
375
750
901
1032
1166
1183
1228
2286
2322
2334
2431
2897
2953
3006
3107
3171
3243
3576
3697
4007
92
185
390
905
1051
1246
1464
1968
2008
2022
2460
2653
2722
2737
2937
2965
3295
3538
3681
3767
3879
454
472
609
932
939
1176
1278
1359
1461
1704
2006
2123
2632
3017
3197
3279
3285
3322
659
674
1078
1119
1500
1537
1701
2178
2293
2361
2729
3101
3242
3423
3549
3770
3798
3920
3963
27
77
108
304
428
1035
1114
1160
1221
1242
1333
1533
1666
1752
1856
2004
2544
2828
3143
3814
4015
12
62
350
690
700
752
916
970
1206
1447
1609
1747
1957
2326
2883
3043
3278
3508
3952
73
132
348
420
1379
1684
1844
1915
1924
1934
2061
2551
2831
2833
3127
3131
3172
3439
3879
144
189
222
489
593
907
958
1497
1515
2102
2453
2921
2956
3049
3094
3529
3818
3941
4008
4072
118
392
608
610
634
750
1048
1230
1288
1372
1683
1982
2044
2740
2764
2947
3066
3683
3702
4018
171
345
416
632
952
1173
1474
1512
1774
2085
2157
2419
2732
2765
2792
2982
3253
3617
3681
4002
4036
99
316
446
476
532
799
859
1094
1205
1207
1382
1669
1731
1975
2312
2389
3300
3939
4020
4096
215
263
288
413
1224
1236
1313
1408
1517
1575
1779
1957
1984
2070
3303
3327
3421
3951
429
642
811
819
935
941
1008
1009
1169
1331
1702
2103
2308
2485
2666
3386
3392
3647
3780
228
554
785
801
980
1001
1464
1737
1856
2045
2286
2564
2739
2912
3056
3072
3424
3481
3691
4032
186
315
365
528
698
1176
1339
1654
1865
1961
1973
2045
2513
2652
2743
2855
3105
3612
3654
3954
271
508
649
696
769
1001
1018
1153
1286
1521
1903
1917
1937
2259
2271
2747
2838
2963
3068
38
176
201
281
557
799
1740
2141
2412
2443
2601
2943
3144
3306
3339
3345
3485
3602
3934
4034
282
366
574
835
997
1061
1068
1170
1301
1631
1725
2159
2530
2558
2636
3026
3062
3074
3265
3509
3978
732
949
1118
1625
1635
1691
1982
2339
2394
2507
3057
3245
3298
3374
3427
3501
3551
3566
560
624
676
703
928
1038
1152
1367
1434
1500
1646
1836
1881
1987
2143
2348
2730
2893
3321
3346
3573
41
62
176
724
1106
1334
1378
1492
1664
1928
2255
2280
2305
2767
3282
3415
3853
3896
3931
4084
440
463
743
1179
1285
1332
1345
1571
1597
2028
2095
2147
2352
2371
2515
2517
3149
3433
3555
4036
94
246
536
1128
1328
1448
1870
1914
2002
2105
2387
2412
2478
2951
3121
3218
3220
3324
3714
3945
3988
5
370
634
751
813
1030
1225
1252
1718
1890
2190
2380
2429
2444
2510
3014
3455
3542
3561
3742
155
179
650
863
869
1543
1562
1607
2100
2212
2226
2726
2882
3221
3346
3375
3615
3888
3942
74
102
829
1068
1199
1225
1867
2046
2064
2319
2397
2481
2667
2721
2932
3217
3222
3255
3415
3443
17
58
377
470
604
758
765
1535
1986
2075
2180
2358
2410
2694
2996
3404
3493
3597
3658
3965
435
572
1214
1529
1594
1628
1933
1991
2059
2453
2467
2545
2592
2692
2781
3563
3597
3752
3949
4054
166
963
1140
1215
1470
1472
1590
1880
2049
2408
2495
2533
2552
2649
2979
3012
3199
3791
230
309
868
1023
1041
1389
1423
1441
1524
2184
2321
2409
2442
3045
3268
3549
3665
3837
3849
3947
4075
98
475
537
973
1100
1592
1830
2073
2139
2219
2414
2421
2543
2568
2735
2939
3238
3384
3612
3706
3846
83
411
427
504
660
984
1569
2121
2129
2222
2488
2508
2678
3022
3033
3122
3258
3454
3645
3757
180
1289
1340
1777
2297
2314
2342
2420
2657
2682
2831
2893
2919
3086
3154
3293
3296
3654
3721
3752
245
255
319
656
761
908
1242
1243
1842
2038
2150
2239
2307
2949
3020
3201
3429
3594
3885
3919
43
945
1159
1172
1569
1765
1814
1981
2196
2220
2309
2953
2959
3370
3449
3851
4022
4045
16
419
479
652
793
795
906
993
1574
1670
2071
2320
2570
2899
2975
3111
3136
3178
3921
3936
71
221
558
813
1238
1410
1458
1708
1980
2227
2283
2655
2727
2759
2792
3195
3342
3599
3720
3938
128
534
598
711
901
1363
1789
1944
1989
2225
2337
2619
2810
2829
2949
3050
3223
3370
3776
3988
4093
208
449
483
591
730
1246
1258
1305
1332
1360
1433
1894
2199
2386
2513
2514
2846
3589
3661
3865
51
97
383
558
837
891
1186
1351
1426
1703
2328
2343
2406
3240
3495
3833
3901
3947
4027
288
316
513
999
1361
1406
1617
1618
1632
1835
1864
2400
2477
2533
2978
3196
3377
3417
3456
3595
4000
75
271
819
860
925
943
957
1236
1799
1882
2332
2445
2495
2665
2875
3232
3387
3417
3436
3579
4049
501
564
921
1020
1652
1697
1809
2518
2589
2737
3278
3289
3379
3665
3703
3728
3834
3840
4043
349
1038
1092
1163
1184
1228
1581
1604
2222
2289
2331
2602
2617
2720
2932
2983
3018
3172
3476
4037
106
328
1072
1251
1469
1541
1553
1678
1699
1738
1745
2045
2091
2518
2594
2633
2684
3587
3680
89
464
570
891
1275
1524
1873
2030
2595
2702
2956
3013
3059
3407
3409
3418
3440
3580
3616
3840
4000
640
654
740
873
1089
1135
1169
1444
1952
2079
2432
2528
2742
2920
2983
3496
3636
3779
3941
4056
4068
407
465
755
830
1081
1311
1314
1685
1851
2167
2188
2267
2332
2420
2468
2651
2658
2778
3729
3964
4037
1
7
185
267
533
584
860
1017
1313
1384
1395
1493
2805
2873
3156
3434
3590
3703
3774
3937
137
295
359
587
703
1301
1379
1926
2574
2780
2928
3294
3421
3652
3690
3737
3864
4025
394
832
1102
1151
1689
1978
1989
2367
2451
2509
2606
2616
3237
3337
3354
3394
3416
3686
3785
3832
200
246
302
325
385
417
418
1060
1389
1438
1687
1927
2016
2173
2260
2367
2594
3034
3185
3670
3723
18
522
550
788
1595
1758
1790
1960
2532
2657
3080
3298
3345
3369
3400
3753
3755
4089
3
121
189
304
579
1036
1052
1116
1249
1545
1681
1810
2234
2241
2284
2708
2884
2944
2946
3032
3155
177
181
498
751
793
981
1234
1666
1684
1958
2105
2145
2206
3284
3315
3824
3826
3838
4064
760
941
980
1099
1848
2143
2540
2711
2906
3082
3131
3205
3442
3592
3680
3865
3877
3928
4013
4072
167
333
824
826
1028
1162
1481
1589
1778
1796
1833
1996
2326
2933
3235
3432
3441
3529
3539
3904
277
546
548
958
1285
1636
1897
1985
2519
2523
2560
2720
3354
3510
3518
3698
3820
3828
50
358
577
1227
1347
1369
1394
1783
2135
2184
2252
2304
2373
2812
3310
3329
3670
3692
3762
4016
355
485
754
836
878
1055
1159
1856
1871
2005
2015
2027
2740
2854
3235
3405
3549
3713
3737
3994
25
192
686
706
746
946
2202
2231
2321
2325
2745
2848
2886
3134
3388
3644
3662
3705
3775
84
210
593
664
790
950
953
1378
1394
1591
1697
1758
2148
2243
2495
2603
2641
2801
3366
3449
3511
3629
3871
4079
113
324
358
878
1149
1368
1547
1571
1685
1830
2212
2334
2622
2665
3304
3312
3498
4044
4061
40
303
528
637
676
938
1019
1228
1269
1471
1473
1643
1939
2068
2140
2511
2620
3207
3568
4078
134
263
368
625
658
682
1139
1480
1695
2035
2230
2271
2360
2736
2749
2819
3223
3457
3584
3794
3874
45
137
175
176
210
1274
1397
1582
1977
2175
2575
2799
2874
2891
3156
3534
3830
3844
4024
4094
184
192
426
818
910
939
1226
1357
1665
1989
2063
2351
2637
2638
2952
3029
3626
3721
3855
3959
4073
671
725
897
1191
1370
1553
2704
2713
2752
3001
3099
3164
3179
3359
3407
3578
3669
3794
3991
4035
368
477
679
801
831
1266
1504
1741
1835
1884
2218
2537
2810
3111
3271
3404
3700
3767
3888
4077
578
1103
1293
1330
1409
1420
1776
2290
2302
2363
2749
2767
3491
3528
3579
3623
3724
3751
3779
3919
20
282
330
506
907
1157
1398
1768
2198
2597
2828
2853
3008
3103
3386
3428
3465
3734
4017
52
206
214
543
994
1067
1175
1517
2076
2350
2456
2572
2698
3001
3541
3668
3692
3802
39
100
343
594
1209
1709
1784
2003
2103
2303
2487
2524
2635
2670
2671
2766
3105
3586
3601
3864
754
1000
1489
1550
1738
1826
2134
2472
2486
2595
2651
2932
3017
3293
3319
3499
3585
3593
3847
3979
95
123
433
526
1244
1421
1687
1796
2031
2107
2137
2168
2694
2825
3346
3422
3717
3809
3938
4077
19
437
443
797
891
1087
1424
1440
1460
1593
1819
1822
1981
2278
2333
2590
2612
2652
3401
3765
116
373
420
583
743
1574
1584
1780
1838
2137
2219
2562
2765
2784
2802
2910
3390
3806
4024
4062
274
391
394
1043
1129
1379
1763
2146
2394
2587
2618
2722
2856
3024
3063
3076
3173
3395
3692
3771
4084
61
308
897
1349
1358
1544
1575
2022
2446
2684
2749
2797
2815
3049
3317
3337
3451
3932
3976
4036
400
597
1036
1190
1405
1788
1998
2139
2154
2467
2476
2877
2968
3072
3276
3437
3495
3546
3847
74
375
503
605
995
1041
1273
1429
1475
2187
2292
2487
2739
3381
3414
3417
3423
3695
3918
8
213
352
525
1132
1195
1212
1261
2013
2131
2179
2593
3076
3095
3134
3211
3220
3377
3467
4004
4019
333
378
544
964
1573
1712
1943
2017
2356
2456
2605
2823
2962
2970
3188
3324
3438
3544
3625
4026
134
341
374
388
621
759
1075
1193
1239
1371
1805
1844
2051
2632
3023
3094
3165
3348
3534
3598
3940
193
204
566
663
732
809
857
950
1152
1175
1237
1552
1717
2060
2382
2459
2762
3047
3410
3585
3648
4081
182
194
577
870
894
1063
1235
1294
1324
1516
1549
2457
3036
3186
3259
3331
3604
3825
4058
230
465
889
916
923
929
974
1167
1238
1718
2129
2401
2523
2801
2950
3178
3271
3909
3957
4060
93
118
130
330
619
789
1144
1206
1387
1561
1655
1911
2023
2585
2596
2605
2952
2995
3490
3686
161
238
256
389
462
1109
1439
2101
2255
2396
2433
2610
2642
2650
2943
2982
3080
3610
3723
3858
143
308
541
563
595
681
1291
2295
2356
2402
2422
2544
2550
2757
3245
3748
3836
3862
3945
3946
4053
102
175
482
635
929
1024
1732
1782
1951
2171
2504
2513
2942
3244
3518
3545
3594
3999
488
664
694
777
1333
1338
1353
1665
1993
2332
2525
2725
2742
3100
3155
3169
3488
3836
3895
3992
426
846
1205
1294
1756
1841
1946
2166
2254
2281
2461
2979
3276
3429
3554
3606
3691
3902
3976
4078
159
523
717
934
1011
1211
1547
1566
1939
2008
2017
2169
2215
2488
2505
2520
2560
3012
3065
3195
3968
257
307
497
552
663
762
772
908
928
1067
1281
1330
1412
2012
2251
2432
2715
2761
3280
3419
74
496
731
821
841
958
1130
1364
1892
1935
2099
2334
2697
2774
3231
3256
3365
3552
3891
3953
24
90
188
252
550
576
660
1208
1688
1831
1949
2180
2493
2776
3102
3107
3142
3159
3787
3867
4040
44
369
452
630
1022
1095
1281
1321
1356
1409
2467
2576
2583
2705
2889
2907
3164
3228
3706
3797
109
203
321
657
678
896
1199
1325
1609
1696
1732
1925
1956
2245
2276
2441
2990
3653
3833
4003
96
169
379
829
844
1097
1111
1262
1303
1812
1866
1893
1964
2029
2311
2336
2366
2716
2829
4058
426
654
810
817
1202
1629
1728
1863
2023
2221
2392
2650
2708
3047
3299
3448
3493
3633
3827
3895
307
1085
1693
1713
1734
1908
2098
2112
2186
2312
2372
2523
2795
3403
3563
3777
3819
3967
3973
12
34
414
512
691
927
1198
1483
1526
1545
1546
1693
1901
2088
2119
2229
3608
3639
3661
3731
46
101
115
167
279
713
791
1333
1410
1587
1694
2013
2052
2641
3292
3411
3479
3566
3594
4081
112
295
800
842
1255
1388
1508
1988
2017
2408
2496
2536
2883
3040
3113
3147
3207
3537
3630
58
84
605
736
807
994
1004
1260
1634
1641
1772
1969
2276
2807
2817
2969
3553
3613
3641
503
547
573
589
601
1017
1117
1369
1469
1776
1863
2069
2144
2395
2901
3034
3146
3262
3569
3593
3666
91
330
424
675
799
936
1069
1403
1798
2205
2298
2436
2644
2651
2800
3170
3253
3313
3705
3893
21
565
667
686
874
938
1202
1267
1268
1276
1549
1610
1972
1977
2018
2152
2318
2669
3045
3155
3487
4048
82
226
278
634
771
982
997
1279
1505
1878
2110
2143
2161
2747
2807
3251
3868
3964
168
431
684
775
776
815
852
912
1168
1293
1328
1467
1492
1595
2075
2468
2555
2673
2728
3161
154
616
783
845
930
1590
1660
1937
1968
2658
2686
2698
2830
2852
2994
3831
3922
3990
94
203
258
294
312
504
639
844
1098
1428
1613
1706
1869
1913
2062
2949
3430
3464
3487
3961
4090
196
292
577
1110
1187
1694
1953
2203
2316
2509
2552
2832
3128
3525
3578
3635
3700
3966
4086
102
106
562
704
1181
1277
1532
1928
2067
2076
2204
2329
2434
3184
3542
3645
3949
3969
87
157
902
1108
1185
1299
1652
1660
1785
1935
2000
2121
2421
2469
2683
3562
3576
3647
3713
202
344
474
992
1181
1882
1918
2287
2358
2407
2433
2593
3046
3143
3332
3342
3343
3580
3682
3781
3866
112
142
339
421
442
568
929
972
1306
1334
1777
1916
2347
2385
2955
2969
3398
3521
4032
4057
104
257
698
1140
1161
1438
1539
1554
1628
1676
2009
2539
3056
3119
3137
3627
3695
3830
3926
418
473
895
922
977
1336
1965
2133
2304
2447
2876
2901
2911
3061
3318
3358
3664
4042
264
313
627
1010
1304
2248
2275
2359
2373
2719
2723
2726
3108
3320
3603
3619
3759
3981
4080
120
490
1251
1368
2168
2357
2654
2786
2908
2957
3040
3081
3106
3445
3644
3675
3745
3768
3893
4063
434
613
665
721
833
1160
1173
2165
2394
2508
2542
2845
2927
3215
3447
3522
3547
3739
3813
470
518
580
703
742
823
890
897
1319
1580
1730
2211
2269
2647
2849
3264
3356
3688
3747
3920
4079
57
406
466
509
839
906
977
1252
1350
1432
1450
1544
1602
1835
1993
2106
2183
2644
2835
2885
3212
3363
3495
3704
151
193
704
846
883
1117
1494
1839
1853
1940
1968
2274
2403
2410
3006
3589
3676
3732
3803
3833
3927
35
131
187
523
667
770
819
837
1073
1587
1785
1868
2399
2649
2820
2861
3014
3057
3441
3640
3750
208
287
374
418
468
629
1159
1282
1594
1828
1880
2110
2621
2674
2916
3200
3437
3476
3699
172
215
329
458
957
998
1358
1840
1930
1947
1966
2468
2484
2578
2584
2885
2916
2964
3144
357
641
684
687
911
1084
1204
1422
1534
1635
1735
2197
2232
2677
2731
3385
3658
3838
3984
3997
4012
118
500
995
1096
1123
1341
1862
2048
2604
2653
2756
2777
2985
3159
3917
3948
3973
3987
4067
108
152
305
385
693
716
1334
1596
1647
1736
1854
1901
2328
2340
2526
2690
2832
2837
3151
4024
563
879
1167
1461
1859
1975
1978
2164
2278
2375
2471
3008
3138
3147
3252
3459
3591
3764
3851
4050
61
368
387
502
531
626
985
1203
1462
1726
1842
2020
2335
2391
2413
2457
2627
3472
3709
876
887
898
923
1035
1129
1151
1187
1650
1685
2087
2803
3042
3110
3320
3543
3545
3652
3731
3889
280
322
379
853
1259
1360
1536
1677
1686
1770
1823
2492
2499
2663
2670
2864
3069
3222
3231
3259
51
241
317
349
661
1641
1855
1889
1905
2063
2127
2283
2530
2752
2898
3149
3192
3559
3780
3917
272
423
940
1416
1427
1471
1710
1803
1913
2001
2083
2475
2786
2844
3220
3408
3639
3666
3703
4029
110
250
546
781
784
884
1161
1547
1587
1650
1859
2163
2191
2261
2609
2946
3535
3809
3869
513
562
918
1031
1288
1354
1801
1832
2014
2884
3020
3323
3452
3601
3725
3854
4006
4023
59
319
440
495
681
1406
1868
2563
2600
2797
2927
3078
3391
3404
3632
3856
3910
3962
103
536
1007
1168
1515
1584
1721
1804
1896
2214
2428
2797
3442
3515
3550
3787
3799
3861
3921
265
363
829
874
913
926
971
1121
1605
1747
1771
2648
2784
3133
3590
3607
3798
3832
516
520
646
915
923
1354
1651
1923
2002
2393
2441
2680
2890
2929
3029
3086
3250
3491
3668
3876
272
569
1207
1248
1963
1981
1990
2232
2305
2537
2569
2999
3015
3272
3567
3665
3772
3856
3911
21
166
181
232
747
759
1028
1155
1548
1643
1698
2109
2197
2359
2701
2772
2809
2957
3274
3565
597
715
806
985
1073
1124
1195
1473
2299
2351
2361
2379
2705
2871
2898
3254
3295
3364
3368
3575
243
859
861
1222
1302
1400
1473
1478
1667
2001
2184
2218
2443
2489
2803
3860
3908
3961
4070
88
96
147
198
364
367
729
816
946
1082
1446
1678
1888
2008
2042
2194
2275
2429
2574
3145
3382
252
488
569
594
949
1177
1967
2371
2454
2465
2581
2631
2778
2889
3170
3218
3297
3637
3859
3868
7
65
324
585
615
917
1166
1424
1604
1733
1865
2589
2935
3120
3407
3683
3897
3936
4028
143
170
358
515
586
845
1097
1193
1299
1431
1469
1550
1761
1925
2175
2239
2246
2247
2807
3255
3286
124
402
453
937
960
1046
1216
1680
1780
1791
2056
2381
2443
2751
2904
2956
3093
3113
3499
3564
150
320
826
862
1182
1384
1617
1626
1730
2337
2338
2470
2517
2776
3479
3556
3591
3631
89
242
318
510
701
728
1270
1294
1970
2113
2473
2532
2786
2975
2986
2991
3018
3362
3640
3763
3801
139
202
404
567
678
836
1025
1367
2209
2241
2311
2343
2819
2909
2914
3035
3090
3627
3934
103
191
217
646
924
1084
1230
1271
1579
2033
2354
2459
2804
2931
3185
3219
3392
3401
3496
3789
38
100
171
402
633
947
1157
1302
1777
1903
2229
2460
2516
2814
3109
3200
3308
3556
3593
3749
4055
220
361
726
739
757
954
1377
1536
1754
1818
2118
2203
2288
2806
2886
2925
3133
3277
3551
3870
3955
15
30
406
1039
1080
1167
1578
1601
1606
1611
2396
2894
3000
3038
3112
3193
3373
3507
3820
3890
454
492
573
716
1015
1341
1658
1754
2049
2162
2744
3195
3253
3408
3501
3733
3835
3931
3974
65
199
285
500
797
1055
1138
1445
1671
1966
1991
2206
2846
2908
2941
3367
3406
3482
3694
3778
55
843
912
1258
1352
1384
1703
1990
2138
2180
2540
2553
2628
2772
2839
3078
3210
3792
3828
3841
363
719
1009
1597
1757
2324
2363
2392
2621
2890
3286
3321
3446
3500
3602
3620
3629
3847
3981
4051
351
636
704
766
772
1244
1415
1511
1840
1895
2193
2300
2516
2714
2903
2958
3481
3761
3778
4023
4
322
337
370
444
872
1858
1870
1951
1984
2248
2333
2428
2646
2728
2978
3358
3679
3711
54
314
354
405
484
1087
1104
1112
1254
1425
1457
1825
1845
2440
2490
2824
2918
3088
3291
3784
72
135
291
398
702
890
1122
1456
1483
1525
1781
2087
2207
2308
2461
2774
2955
3451
3816
3872
3954
272
342
343
468
539
700
988
1230
1231
1272
1454
1821
2456
2580
3016
3032
3215
3319
3559
3827
120
217
844
999
1126
1467
1839
1967
2126
2297
2362
2404
2425
2715
2942
3526
3530
3608
3742
3958
3998
581
842
942
1058
1385
2068
2181
2470
2515
2527
2577
2845
2963
3058
3148
3577
3605
3614
3846
27
220
258
616
924
990
1133
1295
1350
1434
1637
1834
2317
2691
2839
2930
2979
3095
3288
3907
4050
28
350
484
635
957
1010
1183
1546
1572
1662
1672
1767
2104
2207
2476
2858
2894
3348
3826
4076
251
707
881
1452
1797
1807
2040
2113
2176
2291
2483
2511
2559
2998
3050
3255
3439
3492
3576
3744
3746
4062
68
738
802
1044
1303
1485
1742
1752
1791
1979
2064
2108
2270
2403
2903
2951
3051
3687
3793
3822
4033
37
701
1233
1287
1631
1829
2399
2409
2522
2678
2755
2798
2916
3167
3182
3643
3740
3899
3946
3965
239
300
586
670
1056
1142
1274
1355
1649
1885
1904
1957
2026
2431
2802
2860
3192
3202
3357
3588
127
276
339
359
1005
1227
1251
1632
1869
1900
2020
2099
2265
2607
2754
2887
3419
3637
3774
4085
107
209
561
680
1484
1975
2060
2095
2136
2200
2271
2598
2779
2811
2814
3262
3444
3634
3655
3766
48
397
432
839
1049
1210
1860
1864
1889
2006
2519
2974
3228
3257
3308
3313
3468
3600
3795
4048
195
855
888
947
953
1100
1281
1621
1696
1799
2450
2832
2947
3157
3225
3530
3615
3772
3982
4033
35
218
317
537
602
638
727
918
1407
2445
2635
2767
2785
2994
3261
3317
3527
3563
3832
3962
251
555
594
622
850
1060
1260
1682
1713
1959
1995
2364
2656
2971
3100
3261
3336
3357
4039
60
182
362
598
812
1118
1237
1256
1824
1840
2208
2466
2603
2635
2842
2993
3074
3248
3377
3383
3526
3897
282
444
452
576
1081
1261
1578
2244
2492
2710
2796
2928
3061
3360
3471
3609
3900
3915
3950
3963
4021
280
387
612
654
677
1134
1194
1197
1272
1567
1707
1718
1813
1853
1912
2885
3011
3342
3597
3951
266
366
483
643
661
787
868
948
951
1026
1338
1673
1705
1870
1995
2116
2292
2482
3099
3473
46
113
179
297
1249
1449
1769
1946
2081
2133
2313
2553
2655
2835
2887
3066
3249
3250
3354
3470
3530
4006
662
1204
1241
1423
1744
1745
1889
1915
2141
2189
2388
2511
3013
3025
3163
3230
3653
3903
3924
4086
22
219
279
487
688
724
1130
1332
1396
1405
1490
1491
1538
1769
2500
2502
2643
2687
3175
3366
3716
346
453
571
809
830
1327
1381
1502
1675
1691
1751
1936
2139
2349
2549
2914
3531
3761
3801
4046
85
652
758
1023
1127
1669
1698
1845
1905
1971
2156
2158
2311
3331
3480
3500
3598
3693
3811
4022
89
101
787
1200
1305
1308
1662
1680
1784
1806
2585
2682
3301
3461
3817
3935
3951
4073
4096
57
332
449
494
503
1066
1113
1462
1471
1633
1719
1736
1795
1879
1934
2281
2669
2915
3774
3871
4038
120
253
354
462
570
765
885
1002
1226
1401
2193
2237
2604
2899
2910
3049
3425
3684
3734
246
380
457
480
584
1013
1021
1114
1507
1682
2090
2152
2268
2356
2418
2573
2747
3174
3176
3739
87
305
336
571
934
987
1077
1257
1417
1824
2086
2198
2439
2567
2850
2924
2962
3328
3504
3599
3984
14
867
1003
1064
1243
1300
1530
1548
1822
2185
2235
2365
2538
2693
2808
2853
3546
3716
3754
4027
66
740
764
1163
1364
1541
1904
2107
2213
2249
2416
2452
2474
2623
3849
3854
3877
3898
3944
4049
255
259
301
493
774
1100
1134
1247
1551
2146
2264
2331
2630
2647
2700
2840
2927
3650
3932
4001
22
226
498
527
650
1154
1264
1265
1509
1877
1888
1940
2071
2202
2750
2840
3064
3138
3168
3292
3326
3570
13
188
1050
1296
2076
2462
2721
2787
3048
3065
3176
3218
3234
3314
3316
3440
3741
3763
3902
4027
4072
76
148
236
473
489
562
617
688
795
935
955
1438
1504
1733
2676
2961
3042
3223
3546
4034
313
637
647
991
1042
1080
1124
1250
1430
1560
1872
1949
2081
3177
3273
3478
3567
3590
3992
4011
78
117
478
800
1055
1177
1342
1539
1691
1750
2389
2452
2490
2887
2900
2940
2995
3674
3930
3955
105
181
486
796
899
1858
1884
2188
2269
2839
2915
2917
2931
2981
3522
3618
3622
3760
4002
4011
158
319
496
786
945
1163
1339
1459
1463
1728
1752
2159
2290
2698
2991
3413
3468
3521
3568
3743
86
187
472
505
574
850
948
1255
1392
2472
2501
2528
2732
2912
3110
3117
3145
3266
3304
3416
3470
395
575
589
648
888
1419
1801
1941
1963
1985
2138
2506
2802
2966
3135
3362
3371
3591
3852
3989
4019
66
553
718
1069
1446
1668
1719
2065
2115
2134
2153
2155
2227
2247
2252
2344
3673
3792
3839
3880
35
137
277
481
711
1019
1756
2052
2248
2355
2441
2465
2845
2878
3326
3368
3410
3480
3502
3609
3823
114
122
262
306
714
966
1099
1205
2058
2229
2249
2644
2722
2733
2919
3096
3197
3437
3503
3523
3620
81
135
530
567
933
965
1154
1155
1707
1976
2080
2089
2268
2375
2491
2696
2926
2974
3025
3271
3431
3776
3874
3950
262
472
543
726
742
1005
1053
1277
1546
1782
1920
1952
2447
2638
2896
2980
3165
3339
3690
3697
4041
20
53
88
234
411
529
535
561
1477
1714
2679
2924
2995
3027
3212
3566
3859
3986
3993
4052
59
506
588
672
727
812
885
910
1423
1639
1891
2162
2268
2317
2327
2620
2703
2803
3005
3033
3118
3701
592
606
858
973
1198
1323
1350
1873
2661
2693
3247
3315
3459
3483
3560
3688
3740
3919
3968
4001
4028
73
199
211
612
853
1093
1380
1701
1952
2376
2821
3157
3292
3332
3412
3453
3516
3524
3762
3996
4064
128
132
367
1045
1105
1458
1548
1560
1653
2011
2054
2193
2762
2816
2917
3191
3421
3482
3500
3533
4057
49
112
590
895
1184
1355
1367
1602
1974
2016
2027
2152
2157
2274
2718
2862
3087
3336
3756
3775
208
611
834
986
1111
1218
1376
1682
1737
2168
2236
2293
2591
2744
3159
3281
3283
3419
3486
3727
3989
42
335
477
524
671
782
865
900
1955
2121
2346
2368
2766
2913
3214
3414
3912
4010
4092
68
163
178
250
315
351
439
515
702
706
1603
1744
1770
2286
2485
2490
2541
2859
2933
3402
71
541
628
753
1153
1366
1396
1585
1646
1786
2158
2582
2719
2721
2837
3125
3228
3351
3497
3923
6
36
299
409
621
835
1049
1054
1403
1495
1543
1910
1927
2231
2391
3086
3200
3315
3499
3914
3928
244
464
1043
1143
1324
1351
1795
1818
1965
2182
2208
2543
2841
3007
3106
3117
3653
3828
3852
3952
194
376
1007
1011
1049
1089
1447
1501
1627
1742
1858
2167
2501
2576
2687
2774
2796
2954
2965
3064
227
468
832
1046
1580
1649
1813
2066
2085
2326
2503
2658
2965
3017
3311
3365
3803
4060
242
514
870
914
926
1568
1746
2012
2032
2086
2109
2483
2646
2663
2732
2778
2935
2969
3361
3731
4043
125
459
689
791
797
1094
1104
1426
1449
1979
2419
3068
3121
3126
3302
3436
3507
3527
3655
3808
4051
27
67
353
429
469
637
887
932
1505
1887
2370
2770
2816
3193
3467
3635
3708
3878
3903
3991
141
153
201
665
1223
1269
1312
1588
2066
2414
2415
2524
2546
2593
3031
3055
3063
3525
3628
3714
422
500
780
782
794
1006
1359
1395
1792
1820
2149
2497
2517
2918
2940
2943
3552
3727
3750
3814
4018
162
371
737
865
1114
1481
1584
1660
1741
1873
2057
2077
2552
2728
3022
3116
3366
3513
3536
4056
39
93
293
587
685
905
955
963
1080
1406
1714
2117
2371
3039
3209
3307
3460
3469
3699
3982
124
557
599
766
1158
1402
1611
1715
2013
2128
2379
2477
3105
3168
3180
3206
3226
3555
3628
3870
45
115
130
270
424
708
734
744
816
821
1075
1279
1382
1412
1437
1442
1570
1625
1912
2385
2773
2857
69
190
264
409
529
670
1313
1577
1618
1702
2004
2291
2390
2912
3024
3130
3391
3863
3915
4092
216
290
689
1002
1428
1499
1565
1705
2037
2491
2496
2515
2773
2824
3102
3219
3284
3426
3906
3979
41
75
338
390
474
509
588
1638
1776
1892
2135
2298
2427
2435
2475
2963
3036
3139
3464
3504
361
1115
1178
1642
1645
1778
1852
1959
2092
2104
2228
2300
2420
2783
2841
2850
3349
3492
3675
3914
3923
77
1266
1282
1295
1485
1575
1749
1906
2112
2198
2203
2514
2746
2791
2805
3083
3205
3263
3457
3514
3524
99
425
639
748
789
1132
1213
1305
1442
1446
1746
1829
2087
2147
2183
2364
2700
2704
2764
2826
3682
3791
127
295
401
867
1086
1274
1307
1603
1734
2091
2341
2709
3125
3227
3381
3425
3435
3474
3768
4083
13
312
443
532
840
1101
1331
1493
1762
1766
2400
2481
2624
2918
3050
3290
3435
3659
3691
3704
4049
618
632
955
965
967
998
1141
1558
1679
2033
2342
2431
2921
2946
3132
3663
3861
3867
3881
238
346
449
687
792
966
1236
1284
1690
2125
2256
2351
2751
2780
2998
3104
3896
3930
3993
4003
134
191
416
774
919
1394
1405
1649
1720
1781
1826
2074
2114
3169
3227
3484
3513
3642
3861
3886
3957
114
695
762
975
1014
1229
1386
1636
2383
2664
2742
2854
2897
3261
3277
3288
3579
3648
3781
277
327
380
641
736
837
1029
1130
1425
1442
1672
1778
1821
1992
2053
2302
2579
3327
3550
3624
3632
11
105
144
219
234
607
631
722
761
868
873
932
1142
1287
1494
1539
2090
2587
3687
3960
600
655
728
805
853
925
1014
1076
1348
1445
2052
2546
2608
2895
3091
3461
3512
3544
3557
628
889
915
992
1127
1131
1518
1572
1631
1673
1787
2527
2528
2541
2718
3379
3382
3596
3842
3948
3953
99
100
121
126
296
757
1037
1054
1424
1881
1921
2220
2440
2677
3029
3052
3297
3748
3873
3891
3952
63
260
278
590
981
1322
1441
2066
2182
2273
2277
2436
2652
2787
2849
3171
3357
3543
3547
4047
4068
135
238
292
352
631
818
1348
1478
1537
1570
2464
2537
2609
2825
2945
3051
3388
3596
3671
3854
548
712
713
805
854
877
1206
1303
1329
1407
1472
2094
2185
2238
2471
2821
3554
3810
3892
4087
59
353
1257
1487
1503
1583
1607
1901
1908
1964
2146
2209
2454
2554
3057
3574
3617
3646
3707
3925
21
107
420
927
1079
1320
1388
1490
1898
1910
1936
2455
2557
2941
3101
3275
3596
3710
4015
4052
4070
2
442
456
877
943
1190
1247
1570
1843
1849
2493
2942
2980
3158
3161
3239
3248
3300
3351
3517
4085
109
478
582
790
883
990
1847
1861
1998
2002
2070
2242
2295
2381
2406
2503
2559
2966
3238
3957
4042
211
351
614
681
738
956
980
1006
1488
1519
2315
2464
2681
2715
2879
3059
3182
3639
3974
543
666
851
1496
1958
2170
2266
2360
2680
2834
2857
2997
3194
3251
3477
3817
3908
3933
3959
4088
501
581
820
1018
1307
1754
1955
2244
2312
2367
2425
3081
3083
3145
3477
3535
3720
3726
3923
4035
371
446
487
854
1219
1790
2115
2221
2261
2303
2398
2565
2793
3069
3316
3361
3420
3481
3782
4017
147
207
633
661
731
911
1201
1217
1322
1617
1810
1824
2061
2118
2125
2158
2852
3027
3177
3411
3674
3773
3862
231
248
254
310
445
456
677
1135
1245
1248
1554
1711
2242
2771
2781
2794
3037
3252
3940
3948
262
323
331
404
431
596
638
914
1034
1193
1204
1528
1556
1709
1995
2405
2706
2788
2794
3575
3710
157
298
609
656
921
983
1326
1395
1849
2236
2458
2553
2674
2730
2879
2911
3189
3372
3448
3866
3926
3994
82
936
994
1203
1459
1508
1513
1655
1703
2028
2153
2237
2265
2387
2625
2851
3400
3514
4074
310
329
488
542
585
697
879
1126
1271
1608
1894
2067
2352
2369
2743
3375
3533
3922
4010
4031
47
250
403
743
1216
1244
1495
1595
1675
1847
1884
1932
2081
2258
2482
2512
2964
3335
3883
3899
4061
98
347
427
821
1098
1137
1162
1466
1802
1948
2213
2287
2569
2599
2659
2937
3093
3226
3400
3468
3735
3769
3906
158
235
308
435
619
667
723
824
1034
1068
1147
1211
1321
1501
1516
1525
2300
2341
2892
2997
3311
3412
3628
3823
56
223
496
984
1048
1645
1655
1755
1808
2093
2438
2808
3302
3432
3588
3669
3729
3763
4004
4071
33
297
1253
1301
1374
1663
1731
2166
2323
2386
2484
2750
3123
3229
3233
3268
3333
3804
3997
96
201
396
770
820
1583
1592
2136
2282
2349
2500
2606
2617
2689
2714
2759
2959
2967
3307
3610
3643
223
467
699
880
954
1138
1234
1400
1426
1523
1622
1766
1787
1932
2073
2083
2250
2752
3235
3386
12
38
730
1162
1195
1210
2124
2353
2407
2880
2940
3272
3494
3558
3667
3738
3777
3831
3884
3900
4076
196
217
508
592
959
1445
1498
1676
1764
2179
2384
2583
2623
3166
3198
3208
3353
3380
3418
3718
249
533
678
698
784
970
1105
1296
1327
2071
2115
2160
2189
2610
2653
3497
3922
3925
4023
4095
8
23
183
398
447
549
617
946
1607
1708
2084
2127
2145
2438
2459
2512
2697
3071
3166
3222
3793
18
24
97
294
321
430
512
554
807
900
936
1346
1357
1482
1764
2145
2633
2799
2868
3397
4005
564
771
847
971
1064
1721
1748
2021
2043
2124
2182
2323
2675
2676
2920
3071
3077
3427
3560
3705
3915
172
276
510
540
710
977
1042
1083
1101
1231
1444
1803
1830
2841
2951
3190
3433
3806
3933
4091
162
172
362
579
767
777
1174
2043
2044
2199
2214
2619
2768
3355
3723
3789
3918
3990
4086
202
414
556
824
1053
1128
1150
1383
1475
1676
1733
1940
1961
2039
3511
3624
3848
3864
3903
3973
49
459
1450
1523
1561
1573
1657
1724
1850
2019
2149
2355
2364
2418
2423
2816
3011
3350
3584
3886
390
460
823
884
909
1577
1711
1759
1917
1958
2010
2754
2784
2813
2819
3616
3857
3916
4009
160
369
415
514
551
855
1036
1363
1523
2011
2437
2481
2493
2612
2630
2640
2757
2826
2836
3179
3629
3736
876
1092
1245
1247
1583
1610
1723
1793
2096
2173
2672
2883
3202
3376
3463
3583
3777
4015
4058
4079
64
136
146
461
655
658
854
983
1224
1899
2632
2798
3181
3251
3256
3273
3280
3301
3696
3728
3875
3889
499
610
653
790
1121
1318
1535
1876
1921
2073
2278
2505
2551
2649
2870
2900
3092
3985
4051
9
151
240
591
959
1065
1147
1256
1297
1633
1775
1893
1914
2273
2323
2600
2855
3020
3230
3287
723
1050
1060
1084
1188
1335
1674
2050
2239
2349
2540
2692
2938
3263
3290
3338
3431
3790
3800
3970
119
206
694
859
1093
1309
1344
1401
2154
2535
2655
2744
2753
2873
3004
3108
3217
3291
3742
3972
57
582
1179
1684
1819
2025
2144
2240
2262
2301
2476
3002
3066
3079
3229
3365
3385
3598
3676
3753
88
151
165
413
436
925
1053
1417
1463
1624
1659
1761
1863
2072
2132
2347
3428
3747
3913
3976
4070
11
161
179
745
881
1047
1165
1386
1680
2591
2716
2760
2931
3035
3196
3216
3380
3463
3660
4080
25
75
154
156
423
476
489
769
862
1296
1319
1455
1528
1615
1643
1686
1886
2758
3160
3312
3707
3712
44
645
1028
1132
1176
1440
1591
1619
1804
1845
1987
2053
2257
2447
2785
2902
2922
3141
3193
386
448
976
1437
2097
2340
2390
2475
2760
2967
2984
2992
3000
3154
3204
3697
3843
3865
325
1218
1287
1973
2177
2634
2758
2808
2851
2923
3019
3054
3239
3399
3553
3587
3878
3971
4068
14
136
276
307
836
884
1078
1144
1200
1432
1564
1615
2254
2646
2668
2717
3321
3322
3334
3687
3786
206
457
469
708
709
1494
1700
1929
2106
2267
2660
2717
3148
3238
3393
3449
3574
3611
3637
3969
2
435
567
848
880
1024
1030
1613
1771
2084
2096
2221
2265
2550
2723
3019
3174
3630
3650
3805
3987
4
124
153
214
1083
1139
2018
2101
2238
3073
3156
3416
3575
3578
3621
3671
3712
3729
3788
3998
626
720
796
808
972
1198
1207
1220
1505
1725
1794
2336
2724
2950
3080
3134
3394
3646
3683
3786
95
423
505
1460
1621
1789
1860
1883
2053
2233
2804
3120
3166
3211
3411
3626
3825
3869
3980
4091
212
296
327
442
767
1146
1175
1620
2051
2150
2442
2533
2608
2670
2760
2870
3183
3266
3434
3436
3689
164
241
365
385
632
772
827
848
962
1795
2216
2426
2565
2745
2948
3446
3580
3610
3674
3790
4095
70
162
199
981
1017
1191
1508
1909
2337
2516
2531
2680
2688
2701
3381
3458
3460
3892
3921
3945
34
86
136
283
726
1047
1185
1259
1710
1800
1837
1925
2155
2487
2634
3440
3450
3536
3856
4019
4067
85
347
410
642
860
1762
1807
2196
2463
2521
2781
2842
2905
2913
3172
3175
3702
3773
3818
3935
47
143
316
905
1209
1673
2030
2263
2322
2526
2614
2625
2758
2966
3167
3336
3583
3698
3904
56
174
190
430
471
817
941
1063
1125
1298
1447
1563
1622
2042
2046
2164
3146
3649
3754
3779
3784
130
258
297
327
345
512
749
915
1046
1056
1326
1356
1623
2148
2234
2263
2402
2463
3422
3516
3724
3914
62
184
458
527
734
843
1280
1402
1403
1410
1493
2137
2529
2779
2795
3132
3203
3709
3748
3998
572
1124
1235
1439
1468
1629
2140
2318
2489
2783
2958
3109
3165
3241
3329
3412
3698
3797
4021
4077
219
580
759
786
1059
1108
1216
1302
1812
1955
2069
2347
2755
2756
2773
3076
3170
3285
3349
3532
3796
239
379
428
535
668
760
1042
1182
1316
1353
1427
1526
1530
1585
1796
2241
2322
2446
3634
3669
3975
683
805
812
1369
1827
1936
2029
2192
2535
2664
3060
3075
3158
3160
3265
3422
3625
3841
3875
3980
148
447
647
655
1013
1106
1117
1352
1554
1885
2059
2132
2211
2297
2302
2369
2514
2858
3460
3971
56
105
116
165
501
832
1057
1221
1793
1878
2114
2170
2225
2287
2563
2596
2827
2944
3059
3505
6
71
83
334
367
404
540
1031
1416
1559
1564
1640
1648
1876
2106
2109
2237
2704
3569
3813
168
249
451
554
609
622
1388
1441
1465
1694
2243
2357
3010
3323
3347
3371
3905
3977
4018
4048
109
679
1051
1148
1158
1174
1383
1418
1432
1560
1875
2083
2167
2273
2740
2780
2860
3003
3256
3278
185
353
591
595
857
1404
1825
2141
2188
2250
2270
2641
2671
2973
3003
3240
3340
3844
3859
4025
159
682
1076
1275
1399
1661
1933
2233
2402
2558
2867
3007
3092
3093
3180
3274
3279
3618
3975
3989
145
443
492
522
604
672
781
835
841
931
1155
1452
2156
2249
2413
2582
3031
3067
3462
3986
4047
150
187
224
280
1156
1164
1238
1273
1479
1942
2028
2163
2370
2503
2595
2689
2984
3075
3150
3272
3718
274
450
539
663
741
964
1005
1156
1850
2048
2161
2640
3052
3117
3118
3229
3444
3638
3837
3874
4014
155
251
340
350
451
479
545
659
666
705
1241
1256
1552
1610
1657
1750
3483
3636
3656
3764
131
906
1026
1077
1487
1524
1656
1941
2003
2284
2404
2413
2424
2611
2691
2879
2888
3556
3715
3804
45
126
197
934
1292
1457
1499
1658
1739
1751
2131
2216
2682
3001
3260
3317
3595
3725
3781
3825
111
296
475
917
937
1276
1354
1408
1518
1782
2000
2372
2473
2909
3015
3185
3209
3376
3680
4030
139
571
643
672
918
1001
1651
1972
2679
2789
2813
2815
3042
3302
3347
3391
3540
3650
3818
3820
3917
16
158
360
719
779
1233
1362
1391
1628
2010
2055
2245
2313
2599
3014
3431
3457
3523
3635
3789
3979
90
348
412
612
862
1214
1254
1453
1705
1714
1749
1848
1938
1959
2025
2277
2976
3091
3761
3802
3955
233
369
893
902
944
1087
1098
1376
2108
2171
2274
2426
2712
3183
3611
3699
3773
3791
3943
4008
4065
93
534
555
741
744
931
1119
1370
1459
1924
2001
2234
2289
2395
2575
2590
2868
3243
3426
3993
205
210
267
633
695
997
1143
1164
1280
1344
1722
2014
2469
2483
2573
3274
3299
3313
3480
3539
4012
499
541
635
660
798
1325
1352
1440
1522
1717
1740
1851
2122
2522
2706
2818
3329
3529
3606
3657
4057
103
160
482
530
630
1006
1105
1123
1250
1507
1930
2086
2199
2415
2521
3085
3212
3295
3718
3827
3848
55
318
437
814
996
1408
1557
1615
1692
1789
2034
2673
2724
2801
2971
3089
3309
3488
3607
3677
81
125
614
751
849
971
1515
1532
1619
1668
1962
1974
2054
2406
2571
2876
3213
3355
3356
3548
3840
4093
76
265
290
485
719
802
1043
1381
1454
1633
1637
1953
1987
2486
2519
2661
2876
3210
3418
3953
4031
104
242
1054
1605
1636
1836
1854
1867
2200
2298
2919
3064
3112
3355
3526
3568
3658
3924
4032
4046
32
40
228
412
461
593
618
697
1589
1896
2058
2127
2157
3328
3347
3589
3595
3664
3743
3885
4054
37
273
410
413
419
470
968
1298
1411
1540
1770
1935
1988
2124
2306
2479
2731
2806
3024
3849
129
231
348
414
497
553
644
653
669
742
1485
1533
1551
1724
1918
2416
3344
3390
3677
3788
3812
3885
3926
52
347
421
945
1411
1497
1644
1910
1960
2057
2280
2418
2606
2738
3063
3190
3423
3471
3978
4074
218
324
342
970
1576
1927
2118
2142
2179
2353
2524
2582
2905
2910
3458
3520
3564
3755
4007
4040
304
341
524
666
700
773
1026
1382
1474
1700
1758
2048
2090
2123
2202
2306
2335
3221
3759
4059
575
684
850
864
1095
1101
1202
1254
1264
1518
1580
2024
2717
2851
2978
3483
3503
3647
3776
3995
95
163
619
764
1348
1380
1757
1846
1903
2092
2187
2315
2404
2534
2564
2782
2991
3406
3476
4094
108
149
425
491
775
931
1222
1262
1383
1663
2219
2549
2792
2872
3126
3184
3493
3732
4004
394
623
658
727
892
940
1066
1582
1923
1953
1999
2171
2827
3052
3259
3312
3413
3571
3855
189
421
598
646
949
1112
1390
1616
2039
2155
2547
2770
2771
2975
3081
3287
3456
3785
3956
3987
241
487
702
886
1148
1189
1322
1421
1803
1833
1907
1919
2305
2458
2669
2779
3384
3600
3757
3857
3963
281
792
1085
1219
1329
1513
1725
1938
2020
2082
2526
2585
2650
2741
2993
3216
3527
3676
3787
3937
268
381
422
595
885
1351
1947
1994
2453
2536
2701
2737
2847
2859
3225
3320
3323
3679
3689
3966
490
613
680
767
983
1052
1091
1704
1727
2262
2482
2952
3133
3344
3350
3362
3478
3574
3876
3995
113
479
481
526
622
778
848
874
942
1107
1278
1304
1311
1798
2074
3242
3293
3318
3509
3547
3747
236
695
1109
1154
1335
1433
1489
1532
1675
1945
2079
2335
2417
2849
2865
3260
3330
3679
3942
3999
225
268
716
717
863
939
1300
1454
1573
1775
1779
2206
2361
2566
2982
3330
3389
3510
3725
4062
78
311
603
856
892
1096
1317
1402
1929
1930
2055
2464
2639
2817
3140
3162
3841
3851
3991
4013
665
731
916
986
1145
1293
1771
1897
2044
2104
2324
2556
2833
2921
3033
3184
3409
3420
3487
3649
36
64
173
438
521
734
930
1016
1620
1664
1720
1747
1880
1922
2339
2599
2666
2791
2923
3142
3477
4020
63
213
445
530
724
1411
1450
1625
2007
2077
2710
2922
2961
3004
3123
3154
3232
3257
3707
3894
273
285
674
904
1107
1271
1551
1566
1922
1937
2235
2602
2896
2973
3119
3586
3711
3977
4033
4080
149
399
546
827
1037
1295
1365
1648
1823
2069
2130
2716
2836
3115
3150
3371
3520
3656
4047
4089
23
224
625
713
768
787
1358
1614
1716
1723
1794
2015
2285
2990
3306
3314
3553
3654
3901
3938
43
264
314
429
463
547
710
783
1050
1428
1564
1961
2176
2257
2283
2425
2891
3216
3232
3296
3730
466
580
644
956
1151
1292
1365
1375
1567
1895
2224
2303
2318
2800
3203
3447
3625
3684
3927
4052
60
393
455
599
600
1180
1349
1593
1931
2006
2377
2621
2656
2771
2859
3264
3582
3990
3996
3997
4053
111
156
173
268
269
293
648
778
921
962
1416
1530
1653
1811
1871
2612
2741
3586
3631
3760
61
288
779
817
896
1081
1137
1263
1390
1418
1429
1827
1943
2019
2579
2636
3194
3333
3605
3821
3936
32
51
126
485
875
995
1097
1253
1327
1815
1861
1872
2186
2578
2736
2866
2893
3051
3083
3616
207
240
551
1164
1166
1211
1946
1976
2088
2427
2688
2864
3104
3214
3263
3269
3363
3456
3638
3722
3808
79
417
455
606
752
763
1337
1464
1915
2215
2509
2689
2938
3037
3041
3122
3130
3186
3633
3667
55
720
879
982
987
999
1312
1437
1468
1520
1973
2037
2075
2314
2411
2626
2690
2892
3096
3209
141
183
412
775
1265
1407
2015
2247
2359
2611
2654
3130
3187
3426
3662
3750
3835
3970
4028
4069
49
160
169
214
254
465
495
948
996
1009
1031
1034
1370
1401
1779
2591
2888
3140
3430
3453
3465
3659
521
620
692
849
963
1376
1476
1534
1642
1666
1990
2099
2151
2186
2226
3175
3415
3450
3641
3956
3
157
359
419
506
520
1201
1336
1878
1997
2217
2994
3194
3277
3290
3845
3890
3905
4069
4090
178
248
605
1268
1921
2027
2039
2056
2392
2455
2750
2872
2902
3129
3153
3246
3559
3646
3719
3937
6
363
408
517
526
623
823
951
1113
1196
1325
1637
1897
1913
2096
2259
2348
2531
2643
3013
3784
3880
544
740
776
882
1024
1208
1346
1386
1511
1759
1954
2191
2380
2388
2436
2989
3096
3722
3769
3980
345
441
589
800
1007
1263
1268
1486
1590
1669
1760
1762
1886
2676
2989
3043
3592
3765
3766
4003
30
121
831
1106
1448
1453
1491
1651
2228
2230
2507
2592
2915
3103
3364
3463
3486
3664
3693
3702
3939
3972
97
132
253
560
576
656
927
944
1019
1022
1122
1181
1499
1712
1971
2393
2713
2788
3447
3540
3675
3741
4030
439
519
573
610
869
898
1150
1289
1805
1814
1817
2003
2266
2647
2787
2913
3009
3471
3842
3890
119
154
198
221
306
651
653
1267
1361
1519
1652
1831
1875
2098
2122
2521
3010
3311
3402
3634
408
437
538
564
1011
1012
1456
1468
1844
1911
2091
2117
2284
2494
2530
2616
2618
2622
2707
3561
3836
3901
4082
28
150
168
292
402
549
991
1021
2130
2279
2290
2382
2454
2525
2596
3026
3097
3570
3829
3838
72
174
438
538
638
828
1329
1377
1504
1520
1998
2089
2177
2181
2480
2768
2999
3021
3107
3217
3600
778
820
1213
1273
1400
1448
1591
2101
2215
2251
2449
2548
2695
2864
3077
3139
3191
3614
3622
3986
483
628
636
1229
1316
1592
1621
1977
2022
2178
2496
2518
2532
2685
2699
2743
2977
3046
3167
3667
3880
3962
3964
293
466
670
1219
1396
1475
1759
1760
2019
2097
2285
2497
2818
3088
3132
3608
3619
3645
3719
3816
53
255
341
383
486
1129
1192
1540
1579
1600
1719
1911
2195
2373
2642
2696
2854
2955
3565
269
310
502
556
978
1041
1190
1879
2330
2448
2477
2609
2826
2890
2895
3114
3148
3267
3306
4041
10
123
138
338
639
828
1079
1340
1470
1630
1767
2223
2354
2637
3215
3685
3824
3839
3983
247
517
693
737
933
1136
1436
1443
1489
1907
2140
2218
2236
2662
2685
2753
3305
3887
4084
163
715
1239
1310
1357
1527
1701
2117
2217
2240
2660
2727
2746
3106
3197
3360
3475
3539
3769
3899
111
146
312
525
714
851
1270
1980
2093
2107
2316
2856
2878
3031
3182
3335
3350
3392
3749
104
458
919
930
1217
1250
1343
1373
1374
1501
1559
2026
2547
2939
3260
3283
3403
3485
3619
4039
19
140
197
519
596
733
984
993
1103
1120
1692
1965
2165
2421
2945
3129
3445
3504
3581
335
403
917
1226
1397
1444
1627
1745
1931
2309
2387
2580
2631
2751
3548
3577
3620
3689
4071
320
383
722
756
866
956
1239
1478
1543
1556
1563
1695
1767
1817
1854
1944
2446
2592
3857
142
384
450
534
683
747
875
940
1252
1264
1810
1819
1994
2227
2729
2777
2823
2888
3187
3562
4039
91
415
550
780
901
1371
1537
1565
1962
2151
2374
2432
2560
2843
2865
3021
3442
3498
4066
1
21
41
59
79
99
120
138
158
175
193
213
233
251
271
291
309
327
346
367
387
409
428
449
471
492
511
531
550
570
588
607
624
644
663
682
702
722
741
761
780
800
819
839
860
880
901
922
941
961
982
1001
1020
1040
1059
1079
1098
1116
1135
1154
1176
1197
1216
1236
1256
1275
1294
1313
1332
1351
1371
1391
1411
1430
1449
1468
1488
1507
1527
1548
1567
1588
1608
1628
1644
1663
1683
1704
1723
1743
1763
1782
1799
1819
1838
1857
1876
1894
1912
1933
1954
1976
1995
2017
2035
2055
2076
2095
2115
2132
2153
2172
2192
2210
2229
2248
2267
2287
2307
2329
2347
2366
2383
2403
2425
2445
2462
2482
2499
2518
2538
2557
2577
2596
2615
2636
2655
2673
2691
2712
2733
2751
2769
2787
2807
2826
2846
2867
2887
2908
2931
2950
2970
2990
3009
3030
3050
3071
3090
3111
3129
3149
3168
3189
3208
3227
3248
3267
3285
3303
3321
3342
3362
3381
3401
3422
3442
3462
3483
3503
3522
3541
3561
3581
3600
3620
3640
3660
3679
3699
3720
3740
3760
3777
3796
3815
3833
3853
3875
3894
3915
3935
3954
3974
3995
4016
4034
4053
4074
4093
4112
4132
4152
4173
4193
4211
4230
4250
4270
4289
4309
4330
4348
4369
4389
4409
4430
4450
4469
4489
4509
4529
4547
4568
4589
4609
4629
4649
4667
4687
4707
4728
4748
4767
4788
4809
4828
4848
4867
4888
4909
4930
4950
4968
4988
5009
5027
5048
5067
5087
5107
5125
5145
5165
5184
5208
5227
5247
5268
5288
5309
5329
5349
5369
5388
5406
5426
5446
5466
5486
5506
5527
5547
5566
5585
5606
5626
5647
5669
5688
5708
5728
5748
5769
5787
5807
5827
5848
5868
5888
5909
5929
5949
5969
5989
6008
6028
6048
6067
6086
6107
6127
6149
6167
6187
6205
6226
6245
6263
6282
6303
6323
6342
6360
6379
6399
6418
6439
6463
6484
6505
6524
6543
6564
6583
6603
6623
6642
6662
6682
6702
6722
6741
6759
6777
6796
6814
6834
6853
6873
6893
6912
6933
6953
6972
6993
7013
7031
7052
7071
7091
7112
7133
7153
7172
7192
7212
7232
7252
7271
7291
7312
7332
7353
7372
7393
7413
7435
7456
7476
7496
7516
7536
7556
7576
7596
7615
7637
7658
7678
7698
7720
7740
7761
7781
7801
7820
7841
7860
7880
7901
7921
7941
7961
7983
8004
8024
8044
8064
8084
8104
8125
8146
8166
8187
8208
8232
8253
8273
8295
8316
8337
8358
8378
8399
8418
8438
8458
8479
8499
8519
8537
8558
8579
8599
8619
8640
8660
8680
8700
8722
8742
8762
8782
8803
8824
8846
8866
8887
8906
8926
8947
8966
8987
9007
9026
9047
9068
9089
9109
9129
9149
9170
9191
9212
9231
9251
9271
9291
9314
9334
9355
9377
9396
9416
9437
9460
9484
9504
9523
9544
9564
9585
9605
9625
9646
9667
9688
9708
9727
9747
9767
9786
9808
9828
9850
9869
9889
9909
9929
9949
9970
9990
10012
10031
10049
10068
10089
10109
10130
10150
10170
10190
10211
10232
10252
10273
10293
10312
10333
10355
10375
10395
10416
10437
10457
10477
10497
10517
10537
10557
10577
10597
10618
10639
10660
10680
10700
10720
10740
10761
10782
10803
10824
10844
10865
10886
10907
10927
10949
10970
10990
11011
11031
11054
11074
11094
11114
11134
11154
11173
11192
11212
11233
11253
11273
11293
11314
11334
11354
11374
11394
11416
11436
11456
11476
11496
11517
11537
11558
11578
11599
11619
11640
11660
11680
11700
11722
11742
11762
11782
11804
11824
11844
11866
11889
11909
11929
11952
11972
11993
12013
12036
12056
12075
12095
12114
12133
12153
12172
12192
12211
12230
12249
12270
