32
64
163
3
16
34
48
26
33
55
11
21
52
57
8
39
42
15
18
57
61
35
39
43
62
9
14
17
29
40
55
6
13
22
51
62
11
18
22
24
32
54
15
17
31
36
4
9
15
45
48
54
56
64
6
42
44
53
47
49
59
60
62
6
19
20
23
29
43
5
39
45
50
1
12
34
24
25
26
37
46
50
3
14
41
42
4
20
36
47
58
63
2
10
32
34
40
47
13
16
27
30
37
17
24
28
35
63
64
1
2
36
50
52
8
10
12
16
21
26
43
8
29
30
46
60
12
27
33
49
51
53
64
1
4
7
22
37
38
41
19
28
33
52
60
18
23
38
49
58
5
7
31
44
54
3
5
51
56
59
63
21
25
31
53
61
1
5
8
12
15
19
23
29
34
40
44
52
56
61
67
71
74
80
84
90
96
101
107
112
119
124
131
138
143
148
153
159
32
64
30
53
40
30
54
57
19
23
22
56
1
13
33
51
11
36
38
9
24
64
6
31
50
63
18
35
34
20
62
44
59
1
2
3
4
5
5
6
6
8
9
10
10
12
14
14
14
17
18
19
19
19
19
19
20
21
23
23
24
26
27
29
29
32
64
29
13
61
59
48
56
35
38
11
57
19
28
27
9
46
45
32
58
10
30
14
44
20
55
2
23
7
25
40
41
1
2
3
3
4
5
5
6
7
8
9
9
9
10
11
11
11
12
13
15
16
18
18
18
20
22
23
23
24
24
26
29
32
64
162
6
34
42
43
52
2
9
46
52
63
5
14
18
20
45
54
7
10
42
45
53
64
17
36
43
56
3
32
43
63
4
11
27
52
29
41
46
49
12
25
26
32
60
10
16
27
37
48
1
9
19
22
41
45
13
22
38
51
61
11
35
47
51
54
7
16
17
20
39
14
16
25
30
58
61
50
55
59
61
2
19
32
37
40
59
4
6
21
26
49
5
25
29
34
12
30
48
55
18
23
39
48
15
28
29
42
44
55
24
27
31
40
44
49
26
28
33
36
41
8
46
47
58
4
8
10
17
24
28
50
1
8
14
23
62
5
21
56
57
15
21
33
47
60
62
64
3
13
15
35
37
3
12
31
39
53
58
2
7
38
57
60
1
6
11
17
23
27
31
35
39
44
49
55
60
65
70
76
80
86
91
95
99
103
109
115
120
124
131
136
140
147
152
158
