64
128
326
9
15
48
78
107
113
29
106
108
126
4
14
27
39
25
114
123
92
100
110
111
120
36
37
102
118
45
72
86
118
30
36
49
99
13
44
55
115
124
18
63
78
96
100
104
14
40
45
71
85
17
25
69
89
37
46
80
81
90
97
8
21
32
39
68
106
109
16
56
72
124
7
56
58
70
81
24
57
109
120
124
10
66
87
112
120
85
87
103
118
10
45
51
73
123
8
12
91
126
2
13
24
37
49
103
27
46
59
66
26
31
51
61
76
77
113
2
38
75
91
30
32
40
53
11
13
25
80
106
12
60
63
105
116
123
11
56
59
95
16
18
40
61
74
82
42
53
54
57
119
42
60
62
76
102
1
3
23
31
82
115
1
5
18
72
97
98
119
19
22
46
63
65
79
27
33
35
47
50
64
65
84
95
108
111
114
7
16
78
90
117
22
29
30
73
125
5
34
91
94
102
107
9
17
50
112
114
26
43
47
83
85
11
21
96
101
121
42
44
66
88
101
104
21
34
41
74
8
61
75
111
6
58
68
69
115
121
1
4
41
87
93
122
29
38
55
77
79
35
54
68
83
95
112
71
99
116
119
15
39
51
67
94
6
48
57
67
117
2
3
54
55
93
20
28
83
86
94
105
32
33
43
52
96
110
49
59
74
84
107
14
69
70
100
126
22
34
52
64
88
89
19
98
99
113
122
127
28
58
62
64
98
116
125
20
23
24
48
90
7
105
121
35
38
52
92
1
7
11
15
18
23
27
31
35
40
46
51
55
61
68
72
77
82
87
91
96
100
106
110
117
121
125
130
136
140
146
151
156
162
169
175
181
187
192
197
203
208
213
218
224
228
232
238
244
249
255
259
264
269
274
280
286
291
296
302
308
315
320
323
64
128
61
16
71
108
32
40
42
23
87
110
26
101
14
65
1
107
72
77
84
90
5
19
120
59
48
55
119
15
24
49
123
118
12
114
70
97
44
127
124
63
54
29
20
37
11
66
82
100
83
128
75
58
18
85
52
13
38
61
68
96
25
64
1
1
2
4
7
8
10
12
14
14
14
15
16
16
16
18
19
20
21
22
23
24
24
26
26
27
29
30
30
31
32
33
34
35
35
36
36
36
38
39
39
40
41
42
42
44
45
45
46
48
48
50
51
52
53
53
53
54
55
56
56
56
57
60
64
128
58
89
80
82
47
70
4
104
17
28
76
62
26
93
53
110
60
88
43
77
108
103
92
65
128
6
101
125
128
84
36
73
127
79
117
12
109
122
19
15
86
3
5
50
23
75
44
81
33
9
10
20
67
97
127
71
31
128
41
1
1
2
2
4
4
5
5
6
6
7
8
10
11
12
13
14
14
16
17
18
19
20
21
22
22
23
23
25
25
26
29
30
33
34
35
36
37
37
37
38
39
41
42
44
45
45
45
46
46
46
46
48
49
51
53
53
55
56
56
56
56
57
58
64
128
323
70
76
83
101
103
123
52
54
73
103
111
26
43
84
86
100
123
36
79
110
117
6
80
82
89
91
96
102
2
29
50
63
124
13
36
63
91
116
23
39
64
116
30
41
90
118
4
8
51
79
115
3
30
58
106
121
22
40
74
113
41
67
102
108
8
9
48
59
110
4
10
50
92
113
6
28
30
34
20
45
50
89
127
26
47
53
81
35
38
42
52
126
4
41
62
85
114
21
32
97
115
122
27
53
75
103
119
65
77
112
116
126
6
16
44
124
125
15
31
32
94
109
111
5
22
24
42
61
8
16
24
66
80
100
3
28
37
80
1
39
57
74
76
84
125
20
73
95
99
106
14
21
95
7
23
33
66
71
111
91
92
104
22
57
87
112
115
27
68
73
82
97
2
18
31
53
85
113
38
47
49
78
94
68
69
72
74
81
121
37
93
101
112
117
11
65
67
86
17
48
60
93
54
56
76
128
10
89
90
104
119
17
19
35
95
17
18
25
45
59
109
122
56
69
98
102
107
114
1
10
25
33
34
77
120
13
33
62
83
105
51
61
62
72
88
109
49
55
75
96
104
14
28
39
43
93
99
47
56
99
126
7
11
57
58
60
78
7
86
88
92
2
9
43
120
40
46
55
81
117
3
9
12
105
5
69
71
78
125
35
36
46
94
121
122
15
19
29
45
60
107
12
21
31
106
127
128
88
98
105
108
118
34
51
64
70
87
27
44
46
67
79
98
1
7
12
18
22
29
34
39
43
47
52
57
61
65
70
75
79
84
88
93
98
103
108
113
118
124
129
135
139
146
151
154
160
163
168
173
179
184
190
195
199
203
207
212
216
223
229
236
241
247
252
258
262
268
272
276
281
285
290
296
302
308
313
318
