128
256
655
15
39
68
69
77
85
117
26
57
68
83
87
130
40
45
175
225
9
17
71
139
148
170
76
122
184
231
28
52
102
135
166
250
12
23
31
33
255
26
117
161
189
201
204
38
46
55
93
169
64
70
110
135
164
213
4
56
126
199
70
78
108
34
41
94
153
209
231
56
79
105
118
233
48
101
103
181
218
251
16
62
75
141
181
121
154
168
170
230
26
138
238
246
6
50
128
175
233
12
29
35
103
166
3
83
116
194
212
226
243
76
151
190
195
197
79
128
140
144
198
98
102
109
122
224
254
25
27
122
131
17
20
54
89
142
243
90
93
149
228
256
106
227
229
253
5
130
209
245
52
68
100
185
211
42
80
120
194
220
14
87
148
159
161
207
13
36
92
130
206
232
96
123
134
144
22
70
154
240
249
15
58
145
164
186
195
204
93
159
183
212
36
73
91
228
6
18
45
150
236
60
78
139
157
234
21
84
156
178
190
97
176
186
211
145
219
231
233
248
49
51
89
177
197
24
79
88
250
30
47
136
158
165
11
20
41
143
146
132
210
214
216
250
3
24
43
150
229
238
64
65
67
120
171
36
85
216
235
32
50
104
199
27
88
147
151
169
238
32
146
156
181
224
4
22
43
49
244
251
61
157
173
188
192
209
63
125
167
180
220
11
72
155
20
59
104
148
2
19
137
207
253
60
119
170
172
202
35
90
98
107
202
237
127
159
162
214
227
249
8
37
40
96
103
74
108
155
237
240
34
82
87
95
120
60
104
126
167
187
230
96
152
161
245
253
38
82
140
221
241
41
44
138
239
240
23
48
59
177
91
113
144
236
241
28
44
80
91
213
33
193
227
245
252
5
19
65
174
222
81
92
134
180
219
14
39
128
191
255
58
67
197
203
242
37
69
151
165
206
241
5
80
123
163
192
226
199
208
211
252
124
129
183
184
192
256
7
10
118
121
133
235
133
149
169
190
244
94
109
149
222
247
2
11
43
136
216
62
127
182
223
47
58
106
173
201
254
45
84
114
129
185
208
54
61
242
248
7
76
78
106
107
125
82
99
131
160
247
3
46
210
251
27
66
105
152
162
178
38
42
74
124
132
35
95
111
115
246
88
109
191
220
229
147
178
179
194
200
230
19
73
101
156
200
40
97
141
158
218
232
59
74
113
114
166
187
30
37
54
99
139
21
97
187
198
213
9
100
110
155
232
10
31
71
119
163
189
2
16
135
239
10
51
112
180
243
85
98
116
142
143
160
8
25
46
86
168
223
72
111
134
195
205
221
53
77
188
189
6
63
86
158
179
17
29
69
73
81
1
13
131
138
205
210
29
90
136
153
217
4
23
65
113
133
252
75
176
193
196
203
1
25
62
72
115
129
64
125
175
196
218
18
49
53
154
208
15
31
61
121
55
114
145
215
32
77
172
215
225
57
94
163
174
205
234
13
47
48
66
137
172
217
52
108
127
179
14
66
112
222
16
22
117
171
182
1
8
14
18
24
28
34
39
45
50
56
60
63
69
74
80
85
90
94
99
104
111
116
121
127
131
137
142
146
150
155
160
166
172
176
181
188
192
196
201
206
211
215
220
225
229
234
239
244
250
255
259
263
269
274
280
286
291
294
298
303
308
314
320
325
330
335
341
346
351
356
360
365
370
375
380
385
390
395
401
407
411
417
423
428
433
438
442
448
454
458
464
469
473
479
484
489
494
500
505
511
517
522
527
532
538
542
547
553
559
565
569
574
579
585
590
596
601
607
612
617
621
625
630
636
643
647
651
128
256
112
127
4
183
41
155
44
126
171
10
101
134
1
119
113
238
188
75
235
20
191
103
3
178
12
154
203
182
47
207
147
162
189
7
246
241
161
167
5
232
249
177
93
117
179
196
1
2
200
201
251
2
143
3
92
192
242
22
96
4
219
23
94
9
239
51
42
111
132
160
233
256
115
164
99
5
157
190
159
107
35
138
156
145
73
81
31
5
72
21
105
255
149
30
205
245
109
230
170
173
187
1
91
70
142
252
108
141
100
140
64
84
202
1
2
2
4
4
6
6
7
7
8
8
9
12
12
13
13
14
14
16
17
18
18
19
19
19
21
21
22
24
26
27
28
28
28
30
31
31
33
35
36
37
38
40
41
42
44
45
46
47
47
49
51
53
53
54
54
54
54
57
59
60
61
61
61
62
63
64
64
65
66
67
69
70
71
72
73
74
75
76
76
76
78
78
78
79
80
81
82
82
82
83
83
84
86
86
87
88
89
89
90
90
90
91
92
93
93
95
96
96
96
96
98
99
100
100
101
101
102
102
103
104
106
107
108
108
108
110
112
128
256
113
214
237
53
223
226
67
217
124
160
132
212
81
42
71
176
235
51
239
236
249
202
8
119
173
89
203
55
116
18
21
12
177
99
75
164
102
242
7
115
221
150
183
198
247
118
157
123
184
207
9
50
110
126
215
256
1
142
141
44
152
228
95
30
28
204
246
193
107
171
219
147
24
234
92
200
57
146
167
153
174
101
165
84
140
162
255
83
186
196
105
248
86
201
185
244
33
182
137
225
56
206
188
168
224
112
111
143
63
191
34
254
100
39
1
2
3
3
3
5
6
7
7
7
8
10
12
13
13
13
15
16
17
19
21
22
22
22
22
24
25
25
25
25
27
29
30
30
31
32
33
33
33
34
35
35
36
36
37
38
38
41
41
43
43
44
45
46
46
47
48
50
51
52
52
52
53
53
54
56
58
58
59
61
61
62
63
63
64
64
65
67
68
69
69
70
71
72
73
74
76
78
78
78
79
81
83
85
85
85
85
87
89
90
92
92
93
94
95
96
97
97
97
98
100
102
102
103
103
103
105
106
106
108
108
110
111
111
112
113
113
114
128
256
656
12
59
119
217
29
116
213
251
87
102
153
171
187
205
16
34
62
154
210
224
90
92
169
200
52
56
57
182
222
51
52
77
122
191
18
65
78
123
173
253
59
73
101
170
178
187
14
36
191
215
248
14
74
182
67
85
87
249
72
78
97
148
157
94
107
150
199
249
26
147
184
204
231
251
37
68
70
93
180
11
13
72
212
243
62
91
105
165
194
19
36
66
133
189
14
27
58
78
121
138
152
225
21
40
84
146
196
207
13
16
160
223
229
256
37
88
148
172
196
232
40
54
134
235
133
160
217
244
253
11
15
113
161
163
199
50
76
134
135
140
186
17
43
48
108
179
219
139
141
240
49
91
174
220
57
73
89
144
221
12
28
38
146
158
199
232
34
149
168
181
209
60
61
145
177
180
41
81
120
192
206
31
35
154
201
209
222
23
110
133
155
156
163
43
90
147
156
208
11
29
67
125
216
40
46
48
98
205
242
114
148
179
211
233
19
27
29
84
113
244
7
87
141
213
223
25
47
60
81
110
24
32
37
184
203
219
52
74
79
204
46
75
88
171
207
214
25
92
145
165
201
17
136
166
240
247
253
2
32
49
82
86
180
82
83
114
185
221
33
45
227
240
246
51
68
107
129
142
184
97
99
167
227
236
35
123
195
218
230
8
50
54
152
70
89
126
170
228
17
79
202
209
214
246
19
64
93
101
130
161
26
58
75
132
222
243
50
96
162
195
215
10
18
53
139
193
239
8
25
131
132
192
46
131
185
244
6
31
66
117
18
55
97
190
195
197
24
62
197
235
254
44
140
210
236
66
122
173
211
216
225
45
120
129
159
214
151
189
218
220
237
98
128
151
176
217
223
226
122
167
168
198
242
33
38
80
83
112
150
95
153
166
204
255
24
116
250
44
68
115
158
239
34
39
69
77
85
89
26
79
100
124
211
213
6
125
175
234
241
15
61
90
96
125
13
22
103
230
231
39
176
208
212
215
42
103
185
194
226
56
61
64
226
53
99
157
168
55
135
136
164
169
252
10
56
83
128
136
208
149
152
163
176
183
238
45
59
237
33
104
120
166
111
124
129
139
69
118
119
178
228
247
6
16
22
55
100
118
38
98
111
123
169
198
30
110
127
130
71
138
194
236
48
63
220
229
28
128
175
250
27
63
181
193
216
245
15
71
74
248
250
9
80
142
153
172
85
117
121
175
193
80
109
130
177
229
7
20
63
104
162
20
106
115
144
218
243
4
77
234
238
247
248
39
54
58
174
237
49
106
206
210
67
118
137
221
106
109
165
190
212
254
23
137
203
255
256
3
65
181
197
200
252
36
104
108
124
143
151
53
86
186
224
245
21
28
86
95
227
71
102
112
186
241
60
76
88
127
32
41
95
112
144
164
30
131
206
224
76
82
155
159
202
43
65
102
126
198
225
8
105
114
150
183
143
172
188
233
234
42
47
121
158
174
228
9
135
137
146
188
57
69
94
116
231
254
1
5
9
15
21
25
30
35
41
47
52
55
59
64
69
75
80
85
90
95
99
103
109
115
121
125
130
136
142
148
151
155
160
167
172
177
182
188
194
199
204
210
215
221
226
231
237
241
247
252
258
264
269
274
280
285
290
294
299
305
311
317
322
328
333
337
341
347
352
356
362
367
372
379
384
390
395
398
403
409
415
420
425
430
435
440
444
448
454
460
466
469
473
477
483
489
495
499
503
507
511
517
522
527
532
537
542
548
554
559
563
567
573
578
584
590
595
600
605
609
615
619
624
630
635
640
646
651
