631
4220
12620
92
219
425
829
1031
1186
1277
1590
1818
1907
2257
2383
2607
2829
2983
3326
3568
3685
3914
4098
93
220
426
830
1032
1187
1278
1591
1819
1908
2258
2384
2608
2830
2984
3327
3569
3686
3915
4099
94
221
427
831
1033
1188
1279
1592
1820
1909
2259
2385
2609
2831
2985
3328
3570
3687
3916
4100
95
222
428
832
1034
1189
1280
1593
1821
1910
2260
2386
2610
2832
2986
3329
3571
3688
3917
4101
96
223
429
833
1035
1190
1281
1594
1822
1911
2261
2387
2611
2833
2987
3330
3572
3689
3918
4102
97
224
430
834
1036
1191
1282
1595
1823
1912
2262
2388
2612
2834
2988
3331
3573
3690
3919
4103
98
225
431
835
1037
1192
1283
1596
1824
1913
2263
2389
2613
2835
2989
3332
3574
3691
3920
4104
99
226
432
836
1038
1193
1284
1597
1825
1914
2264
2390
2614
2836
2990
3333
3575
3692
3921
4105
100
227
433
837
1039
1194
1285
1598
1826
1915
2265
2391
2615
2837
2991
3334
3576
3693
3922
4106
101
228
434
838
1040
1195
1286
1599
1827
1916
2266
2392
2616
2838
2992
3335
3577
3694
3923
4107
102
229
435
839
1041
1196
1287
1600
1828
1917
2267
2393
2617
2839
2993
3336
3578
3695
3924
4108
103
230
436
840
1042
1197
1288
1601
1829
1918
2268
2394
2618
2840
2994
3337
3579
3696
3925
4109
104
231
437
841
1043
1198
1289
1602
1830
1919
2269
2395
2619
2841
2995
3338
3580
3697
3926
4110
105
232
438
842
1044
1199
1290
1603
1831
1920
2270
2396
2620
2842
2996
3339
3581
3698
3927
4111
106
233
439
843
1045
1200
1291
1604
1832
1921
2271
2397
2621
2843
2997
3340
3582
3699
3928
4112
107
234
440
844
1046
1201
1292
1605
1833
1922
2272
2398
2622
2844
2998
3341
3583
3700
3929
4113
108
235
441
634
1047
1202
1293
1606
1834
1923
2273
2399
2623
2845
2999
3342
3584
3701
3930
4114
109
236
442
635
1048
1203
1294
1607
1835
1924
2274
2400
2624
2846
3000
3343
3585
3702
3931
4115
110
237
443
636
1049
1204
1295
1608
1836
1925
2275
2401
2625
2847
3001
3344
3586
3703
3932
4116
111
238
444
637
1050
1205
1296
1609
1837
1926
2276
2402
2626
2848
3002
3345
3587
3704
3933
4117
112
239
445
638
1051
1206
1297
1610
1838
1927
2277
2403
2627
2849
3003
3346
3377
3705
3934
4118
113
240
446
639
1052
1207
1298
1611
1839
1928
2278
2404
2628
2850
3004
3347
3378
3706
3935
4119
114
241
447
640
1053
1208
1299
1612
1840
1929
2279
2405
2629
2851
3005
3348
3379
3707
3936
4120
115
242
448
641
1054
1209
1300
1613
1841
1930
2280
2406
2630
2852
3006
3349
3380
3708
3937
4121
116
243
449
642
1055
1210
1301
1614
1842
1931
2281
2407
2631
2853
3007
3350
3381
3709
3938
4122
117
244
450
643
845
1211
1302
1615
1843
1932
2282
2408
2632
2854
3008
3351
3382
3710
3939
4123
118
245
451
644
846
1212
1303
1616
1844
1933
2283
2409
2633
2855
3009
3352
3383
3711
3940
4124
119
246
452
645
847
1213
1304
1617
1845
1934
2284
2410
2634
2856
3010
3353
3384
3712
3941
4125
120
247
453
646
848
1214
1305
1618
1846
1935
2285
2411
2635
2857
3011
3354
3385
3713
3942
4126
121
248
454
647
849
1215
1306
1619
1847
1936
2286
2412
2636
2858
3012
3355
3386
3714
3943
4127
122
249
455
648
850
1216
1307
1620
1848
1937
2287
2413
2637
2859
3013
3356
3387
3715
3944
4128
123
250
456
649
851
1217
1308
1621
1849
1938
2288
2414
2638
2860
3014
3357
3388
3716
3945
4129
124
251
457
650
852
1218
1309
1622
1850
1939
2289
2415
2639
2861
3015
3358
3389
3717
3946
4130
125
252
458
651
853
1219
1310
1623
1851
1940
2290
2416
2640
2862
3016
3359
3390
3718
3947
4131
126
253
459
652
854
1220
1311
1624
1852
1941
2291
2417
2641
2863
3017
3360
3391
3719
3948
4132
127
254
460
653
855
1221
1312
1625
1853
1942
2292
2418
2642
2864
3018
3361
3392
3720
3949
4133
128
255
461
654
856
1222
1313
1626
1854
1943
2293
2419
2643
2865
3019
3362
3393
3721
3950
4134
129
256
462
655
857
1223
1314
1627
1855
1944
2294
2420
2644
2866
3020
3363
3394
3722
3951
4135
130
257
463
656
858
1224
1315
1628
1856
1945
2295
2421
2645
2867
3021
3364
3395
3723
3952
4136
131
258
464
657
859
1225
1316
1629
1857
1946
2296
2422
2646
2868
3022
3365
3396
3724
3953
4137
132
259
465
658
860
1226
1317
1630
1858
1947
2297
2423
2647
2869
3023
3366
3397
3725
3954
4138
133
260
466
659
861
1227
1318
1631
1859
1948
2298
2424
2648
2870
3024
3367
3398
3726
3955
4139
134
261
467
660
862
1228
1319
1632
1860
1949
2299
2425
2649
2871
3025
3368
3399
3727
3956
4140
135
262
468
661
863
1229
1320
1633
1861
1950
2300
2426
2650
2872
3026
3369
3400
3728
3957
4141
136
263
469
662
864
1230
1321
1634
1862
1951
2301
2427
2651
2873
3027
3370
3401
3729
3958
4142
137
264
470
663
865
1231
1322
1635
1863
1952
2302
2428
2652
2874
3028
3371
3402
3730
3959
4143
138
265
471
664
866
1232
1323
1636
1864
1953
2303
2429
2653
2875
3029
3372
3403
3731
3960
4144
139
266
472
665
867
1233
1324
1637
1865
1954
2304
2430
2654
2876
3030
3373
3404
3732
3961
4145
140
267
473
666
868
1234
1325
1638
1866
1955
2305
2431
2655
2877
3031
3374
3405
3733
3962
4146
141
268
474
667
869
1235
1326
1639
1867
1956
2306
2432
2656
2878
3032
3375
3406
3734
3963
4147
142
269
475
668
870
1236
1327
1640
1868
1957
2307
2433
2657
2879
3033
3376
3407
3735
3964
4148
143
270
476
669
871
1237
1328
1641
1869
1958
2308
2434
2658
2880
3034
3166
3408
3736
3965
4149
144
271
477
670
872
1238
1329
1642
1870
1959
2309
2435
2659
2881
3035
3167
3409
3737
3966
4150
145
272
478
671
873
1239
1330
1643
1871
1960
2310
2436
2660
2882
3036
3168
3410
3738
3967
4151
146
273
479
672
874
1240
1331
1644
1872
1961
2311
2437
2661
2883
3037
3169
3411
3739
3968
4152
147
274
480
673
875
1241
1332
1645
1873
1962
2312
2438
2662
2884
3038
3170
3412
3740
3969
4153
148
275
481
674
876
1242
1333
1646
1874
1963
2313
2439
2663
2885
3039
3171
3413
3741
3970
4154
149
276
482
675
877
1243
1334
1647
1875
1964
2314
2440
2664
2886
3040
3172
3414
3742
3971
4155
150
277
483
676
878
1244
1335
1648
1876
1965
2315
2441
2665
2887
3041
3173
3415
3743
3972
4156
151
278
484
677
879
1245
1336
1649
1877
1966
2316
2442
2666
2888
3042
3174
3416
3744
3973
4157
152
279
485
678
880
1246
1337
1650
1878
1967
2317
2443
2667
2889
3043
3175
3417
3745
3974
4158
153
280
486
679
881
1247
1338
1651
1879
1968
2318
2444
2668
2890
3044
3176
3418
3746
3975
4159
154
281
487
680
882
1248
1339
1652
1880
1969
2319
2445
2669
2891
3045
3177
3419
3747
3976
4160
155
282
488
681
883
1249
1340
1653
1881
1970
2320
2446
2670
2892
3046
3178
3420
3748
3977
4161
156
283
489
682
884
1250
1341
1654
1882
1971
2321
2447
2671
2893
3047
3179
3421
3749
3978
4162
157
284
490
683
885
1251
1342
1655
1883
1972
2111
2448
2672
2894
3048
3180
3422
3750
3979
4163
158
285
491
684
886
1252
1343
1656
1884
1973
2112
2449
2673
2895
3049
3181
3423
3751
3980
4164
159
286
492
685
887
1253
1344
1657
1885
1974
2113
2450
2674
2896
3050
3182
3424
3752
3981
4165
160
287
493
686
888
1254
1345
1658
1886
1975
2114
2451
2675
2897
3051
3183
3425
3753
3982
4166
161
288
494
687
889
1255
1346
1659
1887
1976
2115
2452
2676
2898
3052
3184
3426
3754
3983
4167
162
289
495
688
890
1256
1347
1660
1888
1977
2116
2453
2677
2899
3053
3185
3427
3755
3984
4168
163
290
496
689
891
1257
1348
1661
1889
1978
2117
2454
2678
2900
3054
3186
3428
3756
3985
4169
164
291
497
690
892
1258
1349
1662
1890
1979
2118
2455
2679
2901
3055
3187
3429
3757
3986
4170
165
292
498
691
893
1259
1350
1663
1891
1980
2119
2456
2680
2902
3056
3188
3430
3758
3987
4171
166
293
499
692
894
1260
1351
1664
1892
1981
2120
2457
2681
2903
3057
3189
3431
3759
3988
4172
167
294
500
693
895
1261
1352
1665
1893
1982
2121
2458
2682
2904
3058
3190
3432
3760
3989
4173
168
295
501
694
896
1262
1353
1666
1894
1983
2122
2459
2683
2905
3059
3191
3433
3761
3990
4174
169
296
502
695
897
1263
1354
1667
1895
1984
2123
2460
2684
2906
3060
3192
3434
3762
3991
4175
170
297
503
696
898
1264
1355
1668
1896
1985
2124
2461
2685
2907
3061
3193
3435
3763
3992
4176
171
298
504
697
899
1265
1356
1669
1897
1986
2125
2462
2686
2908
3062
3194
3436
3764
3993
4177
172
299
505
698
900
1266
1357
1670
1898
1987
2126
2463
2687
2909
3063
3195
3437
3765
3994
4178
173
300
506
699
901
1056
1358
1671
1899
1988
2127
2464
2688
2910
3064
3196
3438
3766
3995
4179
174
301
507
700
902
1057
1359
1672
1689
1989
2128
2465
2689
2911
3065
3197
3439
3767
3996
4180
175
302
508
701
903
1058
1360
1673
1690
1990
2129
2466
2690
2912
3066
3198
3440
3768
3997
4181
176
303
509
702
904
1059
1361
1674
1691
1991
2130
2467
2691
2913
3067
3199
3441
3769
3998
4182
177
304
510
703
905
1060
1362
1675
1692
1992
2131
2468
2692
2914
3068
3200
3442
3770
3999
4183
178
305
511
704
906
1061
1363
1676
1693
1993
2132
2469
2693
2915
3069
3201
3443
3771
4000
4184
179
306
512
705
907
1062
1364
1677
1694
1994
2133
2470
2694
2916
3070
3202
3444
3772
4001
4185
180
307
513
706
908
1063
1365
1678
1695
1995
2134
2471
2695
2917
3071
3203
3445
3773
4002
4186
181
308
514
707
909
1064
1366
1679
1696
1996
2135
2472
2696
2918
3072
3204
3446
3774
4003
4187
182
309
515
708
910
1065
1367
1680
1697
1997
2136
2473
2697
2919
3073
3205
3447
3775
4004
4188
183
310
516
709
911
1066
1368
1681
1698
1998
2137
2474
2698
2920
3074
3206
3448
3776
4005
4189
184
311
517
710
912
1067
1369
1682
1699
1999
2138
2475
2699
2921
3075
3207
3449
3777
4006
4190
185
312
518
711
913
1068
1370
1683
1700
2000
2139
2476
2700
2922
3076
3208
3450
3778
4007
4191
186
313
519
712
914
1069
1371
1684
1701
2001
2140
2477
2701
2923
3077
3209
3451
3779
4008
4192
187
314
520
713
915
1070
1372
1685
1702
2002
2141
2478
2702
2924
3078
3210
3452
3780
4009
4193
188
315
521
714
916
1071
1373
1686
1703
2003
2142
2479
2703
2925
3079
3211
3453
3781
3799
4194
189
316
522
715
917
1072
1374
1687
1704
2004
2143
2480
2704
2926
3080
3212
3454
3782
3800
4195
190
317
523
716
918
1073
1375
1688
1705
2005
2144
2481
2705
2927
3081
3213
3455
3783
3801
4196
191
318
524
717
919
1074
1376
1478
1706
2006
2145
2482
2706
2928
3082
3214
3456
3784
3802
4197
192
319
525
718
920
1075
1377
1479
1707
2007
2146
2483
2707
2929
3083
3215
3457
3785
3803
4198
193
320
526
719
921
1076
1378
1480
1708
2008
2147
2484
2708
2930
3084
3216
3458
3786
3804
4199
194
321
527
720
922
1077
1379
1481
1709
2009
2148
2485
2709
2931
3085
3217
3459
3787
3805
4200
195
322
528
721
923
1078
1380
1482
1710
2010
2149
2486
2710
2932
3086
3218
3460
3788
3806
4201
196
323
529
722
924
1079
1381
1483
1711
2011
2150
2487
2711
2933
3087
3219
3461
3789
3807
4202
197
324
530
723
925
1080
1382
1484
1712
2012
2151
2488
2712
2934
3088
3220
3462
3790
3808
4203
198
325
531
724
926
1081
1383
1485
1713
2013
2152
2489
2713
2935
3089
3221
3463
3791
3809
4204
199
326
532
725
927
1082
1384
1486
1714
2014
2153
2490
2714
2936
3090
3222
3464
3792
3810
4205
200
327
533
726
928
1083
1385
1487
1715
2015
2154
2491
2715
2937
3091
3223
3465
3793
3811
4206
201
328
534
727
929
1084
1386
1488
1716
2016
2155
2492
2716
2938
3092
3224
3466
3794
3812
4207
202
329
535
728
930
1085
1387
1489
1717
2017
2156
2493
2717
2939
3093
3225
3467
3795
3813
4208
203
330
536
729
931
1086
1388
1490
1718
2018
2157
2494
2718
2940
3094
3226
3468
3796
3814
4209
204
331
537
730
932
1087
1389
1491
1719
2019
2158
2495
2719
2941
3095
3227
3469
3797
3815
4210
205
332
538
731
933
1088
1390
1492
1720
2020
2159
2496
2720
2942
3096
3228
3470
3798
3816
4211
206
333
539
732
934
1089
1391
1493
1721
2021
2160
2497
2721
2943
3097
3229
3471
3588
3817
4212
207
334
540
733
935
1090
1392
1494
1722
2022
2161
2498
2722
2944
3098
3230
3472
3589
3818
4213
208
335
541
734
936
1091
1393
1495
1723
2023
2162
2499
2723
2945
3099
3231
3473
3590
3819
4214
209
336
542
735
937
1092
1394
1496
1724
2024
2163
2500
2724
2946
3100
3232
3474
3591
3820
4215
210
337
543
736
938
1093
1395
1497
1725
2025
2164
2501
2725
2947
3101
3233
3475
3592
3821
4216
211
338
544
737
939
1094
1396
1498
1726
2026
2165
2502
2726
2948
3102
3234
3476
3593
3822
4217
1
339
545
738
940
1095
1397
1499
1727
2027
2166
2503
2727
2949
3103
3235
3477
3594
3823
4218
2
340
546
739
941
1096
1398
1500
1728
2028
2167
2504
2728
2950
3104
3236
3478
3595
3824
4219
3
341
547
740
942
1097
1399
1501
1729
2029
2168
2505
2729
2951
3105
3237
3479
3596
3825
4220
4
342
548
741
943
1098
1400
1502
1730
2030
2169
2506
2730
2952
3106
3238
3480
3597
3826
4010
5
343
549
742
944
1099
1401
1503
1731
2031
2170
2507
2731
2953
3107
3239
3481
3598
3827
4011
6
344
550
743
945
1100
1402
1504
1732
2032
2171
2508
2732
2954
3108
3240
3482
3599
3828
4012
7
345
551
744
946
1101
1403
1505
1733
2033
2172
2509
2733
2744
3109
3241
3483
3600
3829
4013
8
346
552
745
947
1102
1404
1506
1734
2034
2173
2510
2734
2745
3110
3242
3484
3601
3830
4014
9
347
553
746
948
1103
1405
1507
1735
2035
2174
2511
2735
2746
3111
3243
3485
3602
3831
4015
10
348
554
747
949
1104
1406
1508
1736
2036
2175
2512
2736
2747
3112
3244
3486
3603
3832
4016
11
349
555
748
950
1105
1407
1509
1737
2037
2176
2513
2737
2748
3113
3245
3487
3604
3833
4017
12
350
556
749
951
1106
1408
1510
1738
2038
2177
2514
2738
2749
3114
3246
3488
3605
3834
4018
13
351
557
750
952
1107
1409
1511
1739
2039
2178
2515
2739
2750
3115
3247
3489
3606
3835
4019
14
352
558
751
953
1108
1410
1512
1740
2040
2179
2516
2740
2751
3116
3248
3490
3607
3836
4020
15
353
559
752
954
1109
1411
1513
1741
2041
2180
2517
2741
2752
3117
3249
3491
3608
3837
4021
16
354
560
753
955
1110
1412
1514
1742
2042
2181
2518
2742
2753
3118
3250
3492
3609
3838
4022
17
355
561
754
956
1111
1413
1515
1743
2043
2182
2519
2743
2754
3119
3251
3493
3610
3839
4023
18
356
562
755
957
1112
1414
1516
1744
2044
2183
2520
2533
2755
3120
3252
3494
3611
3840
4024
19
357
563
756
958
1113
1415
1517
1745
2045
2184
2521
2534
2756
3121
3253
3495
3612
3841
4025
20
358
564
757
959
1114
1416
1518
1746
2046
2185
2522
2535
2757
3122
3254
3496
3613
3842
4026
21
359
565
758
960
1115
1417
1519
1747
2047
2186
2523
2536
2758
3123
3255
3497
3614
3843
4027
22
360
566
759
961
1116
1418
1520
1748
2048
2187
2524
2537
2759
3124
3256
3498
3615
3844
4028
23
361
567
760
962
1117
1419
1521
1749
2049
2188
2525
2538
2760
3125
3257
3499
3616
3845
4029
24
362
568
761
963
1118
1420
1522
1750
2050
2189
2526
2539
2761
3126
3258
3500
3617
3846
4030
25
363
569
762
964
1119
1421
1523
1751
2051
2190
2527
2540
2762
3127
3259
3501
3618
3847
4031
26
364
570
763
965
1120
1422
1524
1752
2052
2191
2528
2541
2763
3128
3260
3502
3619
3848
4032
27
365
571
764
966
1121
1423
1525
1753
2053
2192
2529
2542
2764
3129
3261
3503
3620
3849
4033
28
366
572
765
967
1122
1424
1526
1754
2054
2193
2530
2543
2765
3130
3262
3504
3621
3850
4034
29
367
573
766
968
1123
1425
1527
1755
2055
2194
2531
2544
2766
3131
3263
3505
3622
3851
4035
30
368
574
767
969
1124
1426
1528
1756
2056
2195
2532
2545
2767
3132
3264
3506
3623
3852
4036
31
369
575
768
970
1125
1427
1529
1757
2057
2196
2322
2546
2768
3133
3265
3507
3624
3853
4037
32
370
576
769
971
1126
1428
1530
1758
2058
2197
2323
2547
2769
3134
3266
3508
3625
3854
4038
33
371
577
770
972
1127
1429
1531
1759
2059
2198
2324
2548
2770
3135
3267
3509
3626
3855
4039
34
372
578
771
973
1128
1430
1532
1760
2060
2199
2325
2549
2771
3136
3268
3510
3627
3856
4040
35
373
579
772
974
1129
1431
1533
1761
2061
2200
2326
2550
2772
3137
3269
3511
3628
3857
4041
36
374
580
773
975
1130
1432
1534
1762
2062
2201
2327
2551
2773
3138
3270
3512
3629
3858
4042
37
375
581
774
976
1131
1433
1535
1763
2063
2202
2328
2552
2774
3139
3271
3513
3630
3859
4043
38
376
582
775
977
1132
1434
1536
1764
2064
2203
2329
2553
2775
3140
3272
3514
3631
3860
4044
39
377
583
776
978
1133
1435
1537
1765
2065
2204
2330
2554
2776
3141
3273
3515
3632
3861
4045
40
378
584
777
979
1134
1436
1538
1766
2066
2205
2331
2555
2777
3142
3274
3516
3633
3862
4046
41
379
585
778
980
1135
1437
1539
1767
2067
2206
2332
2556
2778
3143
3275
3517
3634
3863
4047
42
380
586
779
981
1136
1438
1540
1768
2068
2207
2333
2557
2779
3144
3276
3518
3635
3864
4048
43
381
587
780
982
1137
1439
1541
1769
2069
2208
2334
2558
2780
3145
3277
3519
3636
3865
4049
44
382
588
781
983
1138
1440
1542
1770
2070
2209
2335
2559
2781
3146
3278
3520
3637
3866
4050
45
383
589
782
984
1139
1441
1543
1771
2071
2210
2336
2560
2782
3147
3279
3521
3638
3867
4051
46
384
590
783
985
1140
1442
1544
1772
2072
2211
2337
2561
2783
3148
3280
3522
3639
3868
4052
47
385
591
784
986
1141
1443
1545
1773
2073
2212
2338
2562
2784
3149
3281
3523
3640
3869
4053
48
386
592
785
987
1142
1444
1546
1774
2074
2213
2339
2563
2785
3150
3282
3524
3641
3870
4054
49
387
593
786
988
1143
1445
1547
1775
2075
2214
2340
2564
2786
3151
3283
3525
3642
3871
4055
50
388
594
787
989
1144
1446
1548
1776
2076
2215
2341
2565
2787
3152
3284
3526
3643
3872
4056
51
389
595
788
990
1145
1447
1549
1777
2077
2216
2342
2566
2788
3153
3285
3527
3644
3873
4057
52
390
596
789
991
1146
1448
1550
1778
2078
2217
2343
2567
2789
3154
3286
3528
3645
3874
4058
53
391
597
790
992
1147
1449
1551
1779
2079
2218
2344
2568
2790
3155
3287
3529
3646
3875
4059
54
392
598
791
993
1148
1450
1552
1780
2080
2219
2345
2569
2791
3156
3288
3530
3647
3876
4060
55
393
599
792
994
1149
1451
1553
1781
2081
2220
2346
2570
2792
3157
3289
3531
3648
3877
4061
56
394
600
793
995
1150
1452
1554
1782
2082
2221
2347
2571
2793
3158
3290
3532
3649
3878
4062
57
395
601
794
996
1151
1453
1555
1783
2083
2222
2348
2572
2794
3159
3291
3533
3650
3879
4063
58
396
602
795
997
1152
1454
1556
1784
2084
2223
2349
2573
2795
3160
3292
3534
3651
3880
4064
59
397
603
796
998
1153
1455
1557
1785
2085
2224
2350
2574
2796
3161
3293
3535
3652
3881
4065
60
398
604
797
999
1154
1456
1558
1786
2086
2225
2351
2575
2797
3162
3294
3536
3653
3882
4066
61
399
605
798
1000
1155
1457
1559
1787
2087
2226
2352
2576
2798
3163
3295
3537
3654
3883
4067
62
400
606
799
1001
1156
1458
1560
1788
2088
2227
2353
2577
2799
3164
3296
3538
3655
3884
4068
63
401
607
800
1002
1157
1459
1561
1789
2089
2228
2354
2578
2800
3165
3297
3539
3656
3885
4069
64
402
608
801
1003
1158
1460
1562
1790
2090
2229
2355
2579
2801
2955
3298
3540
3657
3886
4070
65
403
609
802
1004
1159
1461
1563
1791
2091
2230
2356
2580
2802
2956
3299
3541
3658
3887
4071
66
404
610
803
1005
1160
1462
1564
1792
2092
2231
2357
2581
2803
2957
3300
3542
3659
3888
4072
67
405
611
804
1006
1161
1463
1565
1793
2093
2232
2358
2582
2804
2958
3301
3543
3660
3889
4073
68
406
612
805
1007
1162
1464
1566
1794
2094
2233
2359
2583
2805
2959
3302
3544
3661
3890
4074
69
407
613
806
1008
1163
1465
1567
1795
2095
2234
2360
2584
2806
2960
3303
3545
3662
3891
4075
70
408
614
807
1009
1164
1466
1568
1796
2096
2235
2361
2585
2807
2961
3304
3546
3663
3892
4076
71
409
615
808
1010
1165
1467
1569
1797
2097
2236
2362
2586
2808
2962
3305
3547
3664
3893
4077
72
410
616
809
1011
1166
1468
1570
1798
2098
2237
2363
2587
2809
2963
3306
3548
3665
3894
4078
73
411
617
810
1012
1167
1469
1571
1799
2099
2238
2364
2588
2810
2964
3307
3549
3666
3895
4079
74
412
618
811
1013
1168
1470
1572
1800
2100
2239
2365
2589
2811
2965
3308
3550
3667
3896
4080
75
413
619
812
1014
1169
1471
1573
1801
2101
2240
2366
2590
2812
2966
3309
3551
3668
3897
4081
76
414
620
813
1015
1170
1472
1574
1802
2102
2241
2367
2591
2813
2967
3310
3552
3669
3898
4082
77
415
621
814
1016
1171
1473
1575
1803
2103
2242
2368
2592
2814
2968
3311
3553
3670
3899
4083
78
416
622
815
1017
1172
1474
1576
1804
2104
2243
2369
2593
2815
2969
3312
3554
3671
3900
4084
79
417
623
816
1018
1173
1475
1577
1805
2105
2244
2370
2594
2816
2970
3313
3555
3672
3901
4085
80
418
624
817
1019
1174
1476
1578
1806
2106
2245
2371
2595
2817
2971
3314
3556
3673
3902
4086
81
419
625
818
1020
1175
1477
1579
1807
2107
2246
2372
2596
2818
2972
3315
3557
3674
3903
4087
82
420
626
819
1021
1176
1267
1580
1808
2108
2247
2373
2597
2819
2973
3316
3558
3675
3904
4088
83
421
627
820
1022
1177
1268
1581
1809
2109
2248
2374
2598
2820
2974
3317
3559
3676
3905
4089
84
422
628
821
1023
1178
1269
1582
1810
2110
2249
2375
2599
2821
2975
3318
3560
3677
3906
4090
85
212
629
822
1024
1179
1270
1583
1811
1900
2250
2376
2600
2822
2976
3319
3561
3678
3907
4091
86
213
630
823
1025
1180
1271
1584
1812
1901
2251
2377
2601
2823
2977
3320
3562
3679
3908
4092
87
214
631
824
1026
1181
1272
1585
1813
1902
2252
2378
2602
2824
2978
3321
3563
3680
3909
4093
88
215
632
825
1027
1182
1273
1586
1814
1903
2253
2379
2603
2825
2979
3322
3564
3681
3910
4094
89
216
633
826
1028
1183
1274
1587
1815
1904
2254
2380
2604
2826
2980
3323
3565
3682
3911
4095
90
217
423
827
1029
1184
1275
1588
1816
1905
2255
2381
2605
2827
2981
3324
3566
3683
3912
4096
91
218
424
828
1030
1185
1276
1589
1817
1906
2256
2382
2606
2828
2982
3325
3567
3684
3913
4097
163
269
483
711
1009
1085
1397
1576
1718
2058
2219
2440
2631
2766
3088
3243
3543
3645
3986
4018
164
270
484
712
1010
1086
1398
1577
1719
2059
2220
2441
2632
2767
3089
3244
3544
3646
3987
4019
165
271
485
713
1011
1087
1399
1578
1720
2060
2221
2442
2633
2768
3090
3245
3545
3647
3988
4020
166
272
486
714
1012
1088
1400
1579
1721
2061
2222
2443
2634
2769
3091
3246
3546
3648
3989
4021
167
273
487
715
1013
1089
1401
1580
1722
2062
2223
2444
2635
2770
3092
3247
3547
3649
3990
4022
168
274
488
716
1014
1090
1402
1581
1723
2063
2224
2445
2636
2771
3093
3248
3548
3650
3991
4023
169
275
489
717
1015
1091
1403
1582
1724
2064
2225
2446
2637
2772
3094
3249
3549
3651
3992
4024
170
276
490
718
1016
1092
1404
1583
1725
2065
2226
2447
2638
2773
3095
3250
3550
3652
3993
4025
171
277
491
719
1017
1093
1405
1584
1726
2066
2227
2448
2639
2774
3096
3251
3551
3653
3994
4026
172
278
492
720
1018
1094
1406
1585
1727
2067
2228
2449
2640
2775
3097
3252
3552
3654
3995
4027
173
279
493
721
1019
1095
1407
1586
1728
2068
2229
2450
2641
2776
3098
3253
3553
3655
3996
4028
174
280
494
722
1020
1096
1408
1587
1729
2069
2230
2451
2642
2777
3099
3254
3554
3656
3997
4029
175
281
495
723
1021
1097
1409
1588
1730
2070
2231
2452
2643
2778
3100
3255
3555
3657
3998
4030
176
282
496
724
1022
1098
1410
1589
1731
2071
2232
2453
2644
2779
3101
3256
3556
3658
3999
4031
177
283
497
725
1023
1099
1411
1590
1732
2072
2233
2454
2645
2780
3102
3257
3557
3659
4000
4032
178
284
498
726
1024
1100
1412
1591
1733
2073
2234
2455
2646
2781
3103
3258
3558
3660
4001
4033
179
285
499
727
1025
1101
1413
1592
1734
2074
2235
2456
2647
2782
3104
3259
3559
3661
4002
4034
180
286
500
728
1026
1102
1414
1593
1735
2075
2236
2457
2648
2783
3105
3260
3560
3662
4003
4035
181
287
501
729
1027
1103
1415
1594
1736
2076
2237
2458
2649
2784
3106
3261
3561
3663
4004
4036
182
288
502
730
1028
1104
1416
1595
1737
2077
2238
2459
2650
2785
3107
3262
3562
3664
4005
4037
183
289
503
731
1029
1105
1417
1596
1738
2078
2239
2460
2651
2786
3108
3263
3563
3665
4006
4038
184
290
504
732
1030
1106
1418
1597
1739
2079
2240
2461
2652
2787
3109
3264
3564
3666
4007
4039
185
291
505
733
1031
1107
1419
1598
1740
2080
2241
2462
2653
2788
3110
3265
3565
3667
4008
4040
186
292
506
734
1032
1108
1420
1599
1741
2081
2242
2463
2654
2789
3111
3266
3566
3668
4009
4041
187
293
507
735
1033
1109
1421
1600
1742
2082
2243
2464
2655
2790
3112
3267
3567
3669
3799
4042
188
294
508
736
1034
1110
1422
1601
1743
2083
2244
2465
2656
2791
3113
3268
3568
3670
3800
4043
189
295
509
737
1035
1111
1423
1602
1744
2084
2245
2466
2657
2792
3114
3269
3569
3671
3801
4044
190
296
510
738
1036
1112
1424
1603
1745
2085
2246
2467
2658
2793
3115
3270
3570
3672
3802
4045
191
297
511
739
1037
1113
1425
1604
1746
2086
2247
2468
2659
2794
3116
3271
3571
3673
3803
4046
192
298
512
740
1038
1114
1426
1605
1747
2087
2248
2469
2660
2795
3117
3272
3572
3674
3804
4047
193
299
513
741
1039
1115
1427
1606
1748
2088
2249
2470
2661
2796
3118
3273
3573
3675
3805
4048
194
300
514
742
1040
1116
1428
1607
1749
2089
2250
2471
2662
2797
3119
3274
3574
3676
3806
4049
195
301
515
743
1041
1117
1429
1608
1750
2090
2251
2472
2663
2798
3120
3275
3575
3677
3807
4050
196
302
516
744
1042
1118
1430
1609
1751
2091
2252
2473
2664
2799
3121
3276
3576
3678
3808
4051
197
303
517
745
1043
1119
1431
1610
1752
2092
2253
2474
2665
2800
3122
3277
3577
3679
3809
4052
198
304
518
746
1044
1120
1432
1611
1753
2093
2254
2475
2666
2801
3123
3278
3578
3680
3810
4053
199
305
519
747
1045
1121
1433
1612
1754
2094
2255
2476
2667
2802
3124
3279
3579
3681
3811
4054
200
306
520
748
1046
1122
1434
1613
1755
2095
2256
2477
2668
2803
3125
3280
3580
3682
3812
4055
201
307
521
749
1047
1123
1435
1614
1756
2096
2257
2478
2669
2804
3126
3281
3581
3683
3813
4056
202
308
522
750
1048
1124
1436
1615
1757
2097
2258
2479
2670
2805
3127
3282
3582
3684
3814
4057
203
309
523
751
1049
1125
1437
1616
1758
2098
2259
2480
2671
2806
3128
3283
3583
3685
3815
4058
204
310
524
752
1050
1126
1438
1617
1759
2099
2260
2481
2672
2807
3129
3284
3584
3686
3816
4059
205
311
525
753
1051
1127
1439
1618
1760
2100
2261
2482
2673
2808
3130
3285
3585
3687
3817
4060
206
312
526
754
1052
1128
1440
1619
1761
2101
2262
2483
2674
2809
3131
3286
3586
3688
3818
4061
207
313
527
755
1053
1129
1441
1620
1762
2102
2263
2484
2675
2810
3132
3287
3587
3689
3819
4062
208
314
528
756
1054
1130
1442
1621
1763
2103
2264
2485
2676
2811
3133
3288
3377
3690
3820
4063
209
315
529
757
1055
1131
1443
1622
1764
2104
2265
2486
2677
2812
3134
3289
3378
3691
3821
4064
210
316
530
758
845
1132
1444
1623
1765
2105
2266
2487
2678
2813
3135
3290
3379
3692
3822
4065
211
317
531
759
846
1133
1445
1624
1766
2106
2267
2488
2679
2814
3136
3291
3380
3693
3823
4066
1
318
532
760
847
1134
1446
1625
1767
2107
2268
2489
2680
2815
3137
3292
3381
3694
3824
4067
2
319
533
761
848
1135
1447
1626
1768
2108
2269
2490
2681
2816
3138
3293
3382
3695
3825
4068
3
320
534
762
849
1136
1448
1627
1769
2109
2270
2491
2682
2817
3139
3294
3383
3696
3826
4069
4
321
535
763
850
1137
1449
1628
1770
2110
2271
2492
2683
2818
3140
3295
3384
3697
3827
4070
5
322
536
764
851
1138
1450
1629
1771
1900
2272
2493
2684
2819
3141
3296
3385
3698
3828
4071
6
323
537
765
852
1139
1451
1630
1772
1901
2273
2494
2685
2820
3142
3297
3386
3699
3829
4072
7
324
538
766
853
1140
1452
1631
1773
1902
2274
2495
2686
2821
3143
3298
3387
3700
3830
4073
8
325
539
767
854
1141
1453
1632
1774
1903
2275
2496
2687
2822
3144
3299
3388
3701
3831
4074
9
326
540
768
855
1142
1454
1633
1775
1904
2276
2497
2688
2823
3145
3300
3389
3702
3832
4075
10
327
541
769
856
1143
1455
1634
1776
1905
2277
2498
2689
2824
3146
3301
3390
3703
3833
4076
11
328
542
770
857
1144
1456
1635
1777
1906
2278
2499
2690
2825
3147
3302
3391
3704
3834
4077
12
329
543
771
858
1145
1457
1636
1778
1907
2279
2500
2691
2826
3148
3303
3392
3705
3835
4078
13
330
544
772
859
1146
1458
1637
1779
1908
2280
2501
2692
2827
3149
3304
3393
3706
3836
4079
14
331
545
773
860
1147
1459
1638
1780
1909
2281
2502
2693
2828
3150
3305
3394
3707
3837
4080
15
332
546
774
861
1148
1460
1639
1781
1910
2282
2503
2694
2829
3151
3306
3395
3708
3838
4081
16
333
547
775
862
1149
1461
1640
1782
1911
2283
2504
2695
2830
3152
3307
3396
3709
3839
4082
17
334
548
776
863
1150
1462
1641
1783
1912
2284
2505
2696
2831
3153
3308
3397
3710
3840
4083
18
335
549
777
864
1151
1463
1642
1784
1913
2285
2506
2697
2832
3154
3309
3398
3711
3841
4084
19
336
550
778
865
1152
1464
1643
1785
1914
2286
2507
2698
2833
3155
3310
3399
3712
3842
4085
20
337
551
779
866
1153
1465
1644
1786
1915
2287
2508
2699
2834
3156
3311
3400
3713
3843
4086
21
338
552
780
867
1154
1466
1645
1787
1916
2288
2509
2700
2835
3157
3312
3401
3714
3844
4087
22
339
553
781
868
1155
1467
1646
1788
1917
2289
2510
2701
2836
3158
3313
3402
3715
3845
4088
23
340
554
782
869
1156
1468
1647
1789
1918
2290
2511
2702
2837
3159
3314
3403
3716
3846
4089
24
341
555
783
870
1157
1469
1648
1790
1919
2291
2512
2703
2838
3160
3315
3404
3717
3847
4090
25
342
556
784
871
1158
1470
1649
1791
1920
2292
2513
2704
2839
3161
3316
3405
3718
3848
4091
26
343
557
785
872
1159
1471
1650
1792
1921
2293
2514
2705
2840
3162
3317
3406
3719
3849
4092
27
344
558
786
873
1160
1472
1651
1793
1922
2294
2515
2706
2841
3163
3318
3407
3720
3850
4093
28
345
559
787
874
1161
1473
1652
1794
1923
2295
2516
2707
2842
3164
3319
3408
3721
3851
4094
29
346
560
788
875
1162
1474
1653
1795
1924
2296
2517
2708
2843
3165
3320
3409
3722
3852
4095
30
347
561
789
876
1163
1475
1654
1796
1925
2297
2518
2709
2844
2955
3321
3410
3723
3853
4096
31
348
562
790
877
1164
1476
1655
1797
1926
2298
2519
2710
2845
2956
3322
3411
3724
3854
4097
32
349
563
791
878
1165
1477
1656
1798
1927
2299
2520
2711
2846
2957
3323
3412
3725
3855
4098
33
350
564
792
879
1166
1267
1657
1799
1928
2300
2521
2712
2847
2958
3324
3413
3726
3856
4099
34
351
565
793
880
1167
1268
1658
1800
1929
2301
2522
2713
2848
2959
3325
3414
3727
3857
4100
35
352
566
794
881
1168
1269
1659
1801
1930
2302
2523
2714
2849
2960
3326
3415
3728
3858
4101
36
353
567
795
882
1169
1270
1660
1802
1931
2303
2524
2715
2850
2961
3327
3416
3729
3859
4102
37
354
568
796
883
1170
1271
1661
1803
1932
2304
2525
2716
2851
2962
3328
3417
3730
3860
4103
38
355
569
797
884
1171
1272
1662
1804
1933
2305
2526
2717
2852
2963
3329
3418
3731
3861
4104
39
356
570
798
885
1172
1273
1663
1805
1934
2306
2527
2718
2853
2964
3330
3419
3732
3862
4105
40
357
571
799
886
1173
1274
1664
1806
1935
2307
2528
2719
2854
2965
3331
3420
3733
3863
4106
41
358
572
800
887
1174
1275
1665
1807
1936
2308
2529
2720
2855
2966
3332
3421
3734
3864
4107
42
359
573
801
888
1175
1276
1666
1808
1937
2309
2530
2721
2856
2967
3333
3422
3735
3865
4108
43
360
574
802
889
1176
1277
1667
1809
1938
2310
2531
2722
2857
2968
3334
3423
3736
3866
4109
44
361
575
803
890
1177
1278
1668
1810
1939
2311
2532
2723
2858
2969
3335
3424
3737
3867
4110
45
362
576
804
891
1178
1279
1669
1811
1940
2312
2322
2724
2859
2970
3336
3425
3738
3868
4111
46
363
577
805
892
1179
1280
1670
1812
1941
2313
2323
2725
2860
2971
3337
3426
3739
3869
4112
47
364
578
806
893
1180
1281
1671
1813
1942
2314
2324
2726
2861
2972
3338
3427
3740
3870
4113
48
365
579
807
894
1181
1282
1672
1814
1943
2315
2325
2727
2862
2973
3339
3428
3741
3871
4114
49
366
580
808
895
1182
1283
1673
1815
1944
2316
2326
2728
2863
2974
3340
3429
3742
3872
4115
50
367
581
809
896
1183
1284
1674
1816
1945
2317
2327
2729
2864
2975
3341
3430
3743
3873
4116
51
368
582
810
897
1184
1285
1675
1817
1946
2318
2328
2730
2865
2976
3342
3431
3744
3874
4117
52
369
583
811
898
1185
1286
1676
1818
1947
2319
2329
2731
2866
2977
3343
3432
3745
3875
4118
53
370
584
812
899
1186
1287
1677
1819
1948
2320
2330
2732
2867
2978
3344
3433
3746
3876
4119
54
371
585
813
900
1187
1288
1678
1820
1949
2321
2331
2733
2868
2979
3345
3434
3747
3877
4120
55
372
586
814
901
1188
1289
1679
1821
1950
2111
2332
2734
2869
2980
3346
3435
3748
3878
4121
56
373
587
815
902
1189
1290
1680
1822
1951
2112
2333
2735
2870
2981
3347
3436
3749
3879
4122
57
374
588
816
903
1190
1291
1681
1823
1952
2113
2334
2736
2871
2982
3348
3437
3750
3880
4123
58
375
589
817
904
1191
1292
1682
1824
1953
2114
2335
2737
2872
2983
3349
3438
3751
3881
4124
59
376
590
818
905
1192
1293
1683
1825
1954
2115
2336
2738
2873
2984
3350
3439
3752
3882
4125
60
377
591
819
906
1193
1294
1684
1826
1955
2116
2337
2739
2874
2985
3351
3440
3753
3883
4126
61
378
592
820
907
1194
1295
1685
1827
1956
2117
2338
2740
2875
2986
3352
3441
3754
3884
4127
62
379
593
821
908
1195
1296
1686
1828
1957
2118
2339
2741
2876
2987
3353
3442
3755
3885
4128
63
380
594
822
909
1196
1297
1687
1829
1958
2119
2340
2742
2877
2988
3354
3443
3756
3886
4129
64
381
595
823
910
1197
1298
1688
1830
1959
2120
2341
2743
2878
2989
3355
3444
3757
3887
4130
65
382
596
824
911
1198
1299
1478
1831
1960
2121
2342
2533
2879
2990
3356
3445
3758
3888
4131
66
383
597
825
912
1199
1300
1479
1832
1961
2122
2343
2534
2880
2991
3357
3446
3759
3889
4132
67
384
598
826
913
1200
1301
1480
1833
1962
2123
2344
2535
2881
2992
3358
3447
3760
3890
4133
68
385
599
827
914
1201
1302
1481
1834
1963
2124
2345
2536
2882
2993
3359
3448
3761
3891
4134
69
386
600
828
915
1202
1303
1482
1835
1964
2125
2346
2537
2883
2994
3360
3449
3762
3892
4135
70
387
601
829
916
1203
1304
1483
1836
1965
2126
2347
2538
2884
2995
3361
3450
3763
3893
4136
71
388
602
830
917
1204
1305
1484
1837
1966
2127
2348
2539
2885
2996
3362
3451
3764
3894
4137
72
389
603
831
918
1205
1306
1485
1838
1967
2128
2349
2540
2886
2997
3363
3452
3765
3895
4138
73
390
604
832
919
1206
1307
1486
1839
1968
2129
2350
2541
2887
2998
3364
3453
3766
3896
4139
74
391
605
833
920
1207
1308
1487
1840
1969
2130
2351
2542
2888
2999
3365
3454
3767
3897
4140
75
392
606
834
921
1208
1309
1488
1841
1970
2131
2352
2543
2889
3000
3366
3455
3768
3898
4141
76
393
607
835
922
1209
1310
1489
1842
1971
2132
2353
2544
2890
3001
3367
3456
3769
3899
4142
77
394
608
836
923
1210
1311
1490
1843
1972
2133
2354
2545
2891
3002
3368
3457
3770
3900
4143
78
395
609
837
924
1211
1312
1491
1844
1973
2134
2355
2546
2892
3003
3369
3458
3771
3901
4144
79
396
610
838
925
1212
1313
1492
1845
1974
2135
2356
2547
2893
3004
3370
3459
3772
3902
4145
80
397
611
839
926
1213
1314
1493
1846
1975
2136
2357
2548
2894
3005
3371
3460
3773
3903
4146
81
398
612
840
927
1214
1315
1494
1847
1976
2137
2358
2549
2895
3006
3372
3461
3774
3904
4147
82
399
613
841
928
1215
1316
1495
1848
1977
2138
2359
2550
2896
3007
3373
3462
3775
3905
4148
83
400
614
842
929
1216
1317
1496
1849
1978
2139
2360
2551
2897
3008
3374
3463
3776
3906
4149
84
401
615
843
930
1217
1318
1497
1850
1979
2140
2361
2552
2898
3009
3375
3464
3777
3907
4150
85
402
616
844
931
1218
1319
1498
1851
1980
2141
2362
2553
2899
3010
3376
3465
3778
3908
4151
86
403
617
634
932
1219
1320
1499
1852
1981
2142
2363
2554
2900
3011
3166
3466
3779
3909
4152
87
404
618
635
933
1220
1321
1500
1853
1982
2143
2364
2555
2901
3012
3167
3467
3780
3910
4153
88
405
619
636
934
1221
1322
1501
1854
1983
2144
2365
2556
2902
3013
3168
3468
3781
3911
4154
89
406
620
637
935
1222
1323
1502
1855
1984
2145
2366
2557
2903
3014
3169
3469
3782
3912
4155
90
407
621
638
936
1223
1324
1503
1856
1985
2146
2367
2558
2904
3015
3170
3470
3783
3913
4156
91
408
622
639
937
1224
1325
1504
1857
1986
2147
2368
2559
2905
3016
3171
3471
3784
3914
4157
92
409
623
640
938
1225
1326
1505
1858
1987
2148
2369
2560
2906
3017
3172
3472
3785
3915
4158
93
410
624
641
939
1226
1327
1506
1859
1988
2149
2370
2561
2907
3018
3173
3473
3786
3916
4159
94
411
625
642
940
1227
1328
1507
1860
1989
2150
2371
2562
2908
3019
3174
3474
3787
3917
4160
95
412
626
643
941
1228
1329
1508
1861
1990
2151
2372
2563
2909
3020
3175
3475
3788
3918
4161
96
413
627
644
942
1229
1330
1509
1862
1991
2152
2373
2564
2910
3021
3176
3476
3789
3919
4162
97
414
628
645
943
1230
1331
1510
1863
1992
2153
2374
2565
2911
3022
3177
3477
3790
3920
4163
98
415
629
646
944
1231
1332
1511
1864
1993
2154
2375
2566
2912
3023
3178
3478
3791
3921
4164
99
416
630
647
945
1232
1333
1512
1865
1994
2155
2376
2567
2913
3024
3179
3479
3792
3922
4165
100
417
631
648
946
1233
1334
1513
1866
1995
2156
2377
2568
2914
3025
3180
3480
3793
3923
4166
101
418
632
649
947
1234
1335
1514
1867
1996
2157
2378
2569
2915
3026
3181
3481
3794
3924
4167
102
419
633
650
948
1235
1336
1515
1868
1997
2158
2379
2570
2916
3027
3182
3482
3795
3925
4168
103
420
423
651
949
1236
1337
1516
1869
1998
2159
2380
2571
2917
3028
3183
3483
3796
3926
4169
104
421
424
652
950
1237
1338
1517
1870
1999
2160
2381
2572
2918
3029
3184
3484
3797
3927
4170
105
422
425
653
951
1238
1339
1518
1871
2000
2161
2382
2573
2919
3030
3185
3485
3798
3928
4171
106
212
426
654
952
1239
1340
1519
1872
2001
2162
2383
2574
2920
3031
3186
3486
3588
3929
4172
107
213
427
655
953
1240
1341
1520
1873
2002
2163
2384
2575
2921
3032
3187
3487
3589
3930
4173
108
214
428
656
954
1241
1342
1521
1874
2003
2164
2385
2576
2922
3033
3188
3488
3590
3931
4174
109
215
429
657
955
1242
1343
1522
1875
2004
2165
2386
2577
2923
3034
3189
3489
3591
3932
4175
110
216
430
658
956
1243
1344
1523
1876
2005
2166
2387
2578
2924
3035
3190
3490
3592
3933
4176
111
217
431
659
957
1244
1345
1524
1877
2006
2167
2388
2579
2925
3036
3191
3491
3593
3934
4177
112
218
432
660
958
1245
1346
1525
1878
2007
2168
2389
2580
2926
3037
3192
3492
3594
3935
4178
113
219
433
661
959
1246
1347
1526
1879
2008
2169
2390
2581
2927
3038
3193
3493
3595
3936
4179
114
220
434
662
960
1247
1348
1527
1880
2009
2170
2391
2582
2928
3039
3194
3494
3596
3937
4180
115
221
435
663
961
1248
1349
1528
1881
2010
2171
2392
2583
2929
3040
3195
3495
3597
3938
4181
116
222
436
664
962
1249
1350
1529
1882
2011
2172
2393
2584
2930
3041
3196
3496
3598
3939
4182
117
223
437
665
963
1250
1351
1530
1883
2012
2173
2394
2585
2931
3042
3197
3497
3599
3940
4183
118
224
438
666
964
1251
1352
1531
1884
2013
2174
2395
2586
2932
3043
3198
3498
3600
3941
4184
119
225
439
667
965
1252
1353
1532
1885
2014
2175
2396
2587
2933
3044
3199
3499
3601
3942
4185
120
226
440
668
966
1253
1354
1533
1886
2015
2176
2397
2588
2934
3045
3200
3500
3602
3943
4186
121
227
441
669
967
1254
1355
1534
1887
2016
2177
2398
2589
2935
3046
3201
3501
3603
3944
4187
122
228
442
670
968
1255
1356
1535
1888
2017
2178
2399
2590
2936
3047
3202
3502
3604
3945
4188
123
229
443
671
969
1256
1357
1536
1889
2018
2179
2400
2591
2937
3048
3203
3503
3605
3946
4189
124
230
444
672
970
1257
1358
1537
1890
2019
2180
2401
2592
2938
3049
3204
3504
3606
3947
4190
125
231
445
673
971
1258
1359
1538
1891
2020
2181
2402
2593
2939
3050
3205
3505
3607
3948
4191
126
232
446
674
972
1259
1360
1539
1892
2021
2182
2403
2594
2940
3051
3206
3506
3608
3949
4192
127
233
447
675
973
1260
1361
1540
1893
2022
2183
2404
2595
2941
3052
3207
3507
3609
3950
4193
128
234
448
676
974
1261
1362
1541
1894
2023
2184
2405
2596
2942
3053
3208
3508
3610
3951
4194
129
235
449
677
975
1262
1363
1542
1895
2024
2185
2406
2597
2943
3054
3209
3509
3611
3952
4195
130
236
450
678
976
1263
1364
1543
1896
2025
2186
2407
2598
2944
3055
3210
3510
3612
3953
4196
131
237
451
679
977
1264
1365
1544
1897
2026
2187
2408
2599
2945
3056
3211
3511
3613
3954
4197
132
238
452
680
978
1265
1366
1545
1898
2027
2188
2409
2600
2946
3057
3212
3512
3614
3955
4198
133
239
453
681
979
1266
1367
1546
1899
2028
2189
2410
2601
2947
3058
3213
3513
3615
3956
4199
134
240
454
682
980
1056
1368
1547
1689
2029
2190
2411
2602
2948
3059
3214
3514
3616
3957
4200
135
241
455
683
981
1057
1369
1548
1690
2030
2191
2412
2603
2949
3060
3215
3515
3617
3958
4201
136
242
456
684
982
1058
1370
1549
1691
2031
2192
2413
2604
2950
3061
3216
3516
3618
3959
4202
137
243
457
685
983
1059
1371
1550
1692
2032
2193
2414
2605
2951
3062
3217
3517
3619
3960
4203
138
244
458
686
984
1060
1372
1551
1693
2033
2194
2415
2606
2952
3063
3218
3518
3620
3961
4204
139
245
459
687
985
1061
1373
1552
1694
2034
2195
2416
2607
2953
3064
3219
3519
3621
3962
4205
140
246
460
688
986
1062
1374
1553
1695
2035
2196
2417
2608
2954
3065
3220
3520
3622
3963
4206
141
247
461
689
987
1063
1375
1554
1696
2036
2197
2418
2609
2744
3066
3221
3521
3623
3964
4207
142
248
462
690
988
1064
1376
1555
1697
2037
2198
2419
2610
2745
3067
3222
3522
3624
3965
4208
143
249
463
691
989
1065
1377
1556
1698
2038
2199
2420
2611
2746
3068
3223
3523
3625
3966
4209
144
250
464
692
990
1066
1378
1557
1699
2039
2200
2421
2612
2747
3069
3224
3524
3626
3967
4210
145
251
465
693
991
1067
1379
1558
1700
2040
2201
2422
2613
2748
3070
3225
3525
3627
3968
4211
146
252
466
694
992
1068
1380
1559
1701
2041
2202
2423
2614
2749
3071
3226
3526
3628
3969
4212
147
253
467
695
993
1069
1381
1560
1702
2042
2203
2424
2615
2750
3072
3227
3527
3629
3970
4213
148
254
468
696
994
1070
1382
1561
1703
2043
2204
2425
2616
2751
3073
3228
3528
3630
3971
4214
149
255
469
697
995
1071
1383
1562
1704
2044
2205
2426
2617
2752
3074
3229
3529
3631
3972
4215
150
256
470
698
996
1072
1384
1563
1705
2045
2206
2427
2618
2753
3075
3230
3530
3632
3973
4216
151
257
471
699
997
1073
1385
1564
1706
2046
2207
2428
2619
2754
3076
3231
3531
3633
3974
4217
152
258
472
700
998
1074
1386
1565
1707
2047
2208
2429
2620
2755
3077
3232
3532
3634
3975
4218
153
259
473
701
999
1075
1387
1566
1708
2048
2209
2430
2621
2756
3078
3233
3533
3635
3976
4219
154
260
474
702
1000
1076
1388
1567
1709
2049
2210
2431
2622
2757
3079
3234
3534
3636
3977
4220
155
261
475
703
1001
1077
1389
1568
1710
2050
2211
2432
2623
2758
3080
3235
3535
3637
3978
4010
156
262
476
704
1002
1078
1390
1569
1711
2051
2212
2433
2624
2759
3081
3236
3536
3638
3979
4011
157
263
477
705
1003
1079
1391
1570
1712
2052
2213
2434
2625
2760
3082
3237
3537
3639
3980
4012
158
264
478
706
1004
1080
1392
1571
1713
2053
2214
2435
2626
2761
3083
3238
3538
3640
3981
4013
159
265
479
707
1005
1081
1393
1572
1714
2054
2215
2436
2627
2762
3084
3239
3539
3641
3982
4014
160
266
480
708
1006
1082
1394
1573
1715
2055
2216
2437
2628
2763
3085
3240
3540
3642
3983
4015
161
267
481
709
1007
1083
1395
1574
1716
2056
2217
2438
2629
2764
3086
3241
3541
3643
3984
4016
133
297
509
781
1055
1098
1302
1620
1889
2008
2269
2519
2560
2875
3155
3357
3537
3590
3903
4184
134
298
510
782
845
1099
1303
1621
1890
2009
2270
2520
2561
2876
3156
3358
3538
3591
3904
4185
135
299
511
783
846
1100
1304
1622
1891
2010
2271
2521
2562
2877
3157
3359
3539
3592
3905
4186
136
300
512
784
847
1101
1305
1623
1892
2011
2272
2522
2563
2878
3158
3360
3540
3593
3906
4187
137
301
513
785
848
1102
1306
1624
1893
2012
2273
2523
2564
2879
3159
3361
3541
3594
3907
4188
138
302
514
786
849
1103
1307
1625
1894
2013
2274
2524
2565
2880
3160
3362
3542
3595
3908
4189
139
303
515
787
850
1104
1308
1626
1895
2014
2275
2525
2566
2881
3161
3363
3543
3596
3909
4190
140
304
516
788
851
1105
1309
1627
1896
2015
2276
2526
2567
2882
3162
3364
3544
3597
3910
4191
141
305
517
789
852
1106
1310
1628
1897
2016
2277
2527
2568
2883
3163
3365
3545
3598
3911
4192
142
306
518
790
853
1107
1311
1629
1898
2017
2278
2528
2569
2884
3164
3366
3546
3599
3912
4193
143
307
519
791
854
1108
1312
1630
1899
2018
2279
2529
2570
2885
3165
3367
3547
3600
3913
4194
144
308
520
792
855
1109
1313
1631
1689
2019
2280
2530
2571
2886
2955
3368
3548
3601
3914
4195
145
309
521
793
856
1110
1314
1632
1690
2020
2281
2531
2572
2887
2956
3369
3549
3602
3915
4196
146
310
522
794
857
1111
1315
1633
1691
2021
2282
2532
2573
2888
2957
3370
3550
3603
3916
4197
147
311
523
795
858
1112
1316
1634
1692
2022
2283
2322
2574
2889
2958
3371
3551
3604
3917
4198
148
312
524
796
859
1113
1317
1635
1693
2023
2284
2323
2575
2890
2959
3372
3552
3605
3918
4199
149
313
525
797
860
1114
1318
1636
1694
2024
2285
2324
2576
2891
2960
3373
3553
3606
3919
4200
150
314
526
798
861
1115
1319
1637
1695
2025
2286
2325
2577
2892
2961
3374
3554
3607
3920
4201
151
315
527
799
862
1116
1320
1638
1696
2026
2287
2326
2578
2893
2962
3375
3555
3608
3921
4202
152
316
528
800
863
1117
1321
1639
1697
2027
2288
2327
2579
2894
2963
3376
3556
3609
3922
4203
153
317
529
801
864
1118
1322
1640
1698
2028
2289
2328
2580
2895
2964
3166
3557
3610
3923
4204
154
318
530
802
865
1119
1323
1641
1699
2029
2290
2329
2581
2896
2965
3167
3558
3611
3924
4205
155
319
531
803
866
1120
1324
1642
1700
2030
2291
2330
2582
2897
2966
3168
3559
3612
3925
4206
156
320
532
804
867
1121
1325
1643
1701
2031
2292
2331
2583
2898
2967
3169
3560
3613
3926
4207
157
321
533
805
868
1122
1326
1644
1702
2032
2293
2332
2584
2899
2968
3170
3561
3614
3927
4208
158
322
534
806
869
1123
1327
1645
1703
2033
2294
2333
2585
2900
2969
3171
3562
3615
3928
4209
159
323
535
807
870
1124
1328
1646
1704
2034
2295
2334
2586
2901
2970
3172
3563
3616
3929
4210
160
324
536
808
871
1125
1329
1647
1705
2035
2296
2335
2587
2902
2971
3173
3564
3617
3930
4211
161
325
537
809
872
1126
1330
1648
1706
2036
2297
2336
2588
2903
2972
3174
3565
3618
3931
4212
162
326
538
810
873
1127
1331
1649
1707
2037
2298
2337
2589
2904
2973
3175
3566
3619
3932
4213
163
327
539
811
874
1128
1332
1650
1708
2038
2299
2338
2590
2905
2974
3176
3567
3620
3933
4214
164
328
540
812
875
1129
1333
1651
1709
2039
2300
2339
2591
2906
2975
3177
3568
3621
3934
4215
165
329
541
813
876
1130
1334
1652
1710
2040
2301
2340
2592
2907
2976
3178
3569
3622
3935
4216
166
330
542
814
877
1131
1335
1653
1711
2041
2302
2341
2593
2908
2977
3179
3570
3623
3936
4217
167
331
543
815
878
1132
1336
1654
1712
2042
2303
2342
2594
2909
2978
3180
3571
3624
3937
4218
168
332
544
816
879
1133
1337
1655
1713
2043
2304
2343
2595
2910
2979
3181
3572
3625
3938
4219
169
333
545
817
880
1134
1338
1656
1714
2044
2305
2344
2596
2911
2980
3182
3573
3626
3939
4220
170
334
546
818
881
1135
1339
1657
1715
2045
2306
2345
2597
2912
2981
3183
3574
3627
3940
4010
171
335
547
819
882
1136
1340
1658
1716
2046
2307
2346
2598
2913
2982
3184
3575
3628
3941
4011
172
336
548
820
883
1137
1341
1659
1717
2047
2308
2347
2599
2914
2983
3185
3576
3629
3942
4012
173
337
549
821
884
1138
1342
1660
1718
2048
2309
2348
2600
2915
2984
3186
3577
3630
3943
4013
174
338
550
822
885
1139
1343
1661
1719
2049
2310
2349
2601
2916
2985
3187
3578
3631
3944
4014
175
339
551
823
886
1140
1344
1662
1720
2050
2311
2350
2602
2917
2986
3188
3579
3632
3945
4015
176
340
552
824
887
1141
1345
1663
1721
2051
2312
2351
2603
2918
2987
3189
3580
3633
3946
4016
177
341
553
825
888
1142
1346
1664
1722
2052
2313
2352
2604
2919
2988
3190
3581
3634
3947
4017
178
342
554
826
889
1143
1347
1665
1723
2053
2314
2353
2605
2920
2989
3191
3582
3635
3948
4018
179
343
555
827
890
1144
1348
1666
1724
2054
2315
2354
2606
2921
2990
3192
3583
3636
3949
4019
180
344
556
828
891
1145
1349
1667
1725
2055
2316
2355
2607
2922
2991
3193
3584
3637
3950
4020
181
345
557
829
892
1146
1350
1668
1726
2056
2317
2356
2608
2923
2992
3194
3585
3638
3951
4021
182
346
558
830
893
1147
1351
1669
1727
2057
2318
2357
2609
2924
2993
3195
3586
3639
3952
4022
183
347
559
831
894
1148
1352
1670
1728
2058
2319
2358
2610
2925
2994
3196
3587
3640
3953
4023
184
348
560
832
895
1149
1353
1671
1729
2059
2320
2359
2611
2926
2995
3197
3377
3641
3954
4024
185
349
561
833
896
1150
1354
1672
1730
2060
2321
2360
2612
2927
2996
3198
3378
3642
3955
4025
186
350
562
834
897
1151
1355
1673
1731
2061
2111
2361
2613
2928
2997
3199
3379
3643
3956
4026
187
351
563
835
898
1152
1356
1674
1732
2062
2112
2362
2614
2929
2998
3200
3380
3644
3957
4027
188
352
564
836
899
1153
1357
1675
1733
2063
2113
2363
2615
2930
2999
3201
3381
3645
3958
4028
189
353
565
837
900
1154
1358
1676
1734
2064
2114
2364
2616
2931
3000
3202
3382
3646
3959
4029
190
354
566
838
901
1155
1359
1677
1735
2065
2115
2365
2617
2932
3001
3203
3383
3647
3960
4030
191
355
567
839
902
1156
1360
1678
1736
2066
2116
2366
2618
2933
3002
3204
3384
3648
3961
4031
192
356
568
840
903
1157
1361
1679
1737
2067
2117
2367
2619
2934
3003
3205
3385
3649
3962
4032
193
357
569
841
904
1158
1362
1680
1738
2068
2118
2368
2620
2935
3004
3206
3386
3650
3963
4033
194
358
570
842
905
1159
1363
1681
1739
2069
2119
2369
2621
2936
3005
3207
3387
3651
3964
4034
195
359
571
843
906
1160
1364
1682
1740
2070
2120
2370
2622
2937
3006
3208
3388
3652
3965
4035
196
360
572
844
907
1161
1365
1683
1741
2071
2121
2371
2623
2938
3007
3209
3389
3653
3966
4036
197
361
573
634
908
1162
1366
1684
1742
2072
2122
2372
2624
2939
3008
3210
3390
3654
3967
4037
198
362
574
635
909
1163
1367
1685
1743
2073
2123
2373
2625
2940
3009
3211
3391
3655
3968
4038
199
363
575
636
910
1164
1368
1686
1744
2074
2124
2374
2626
2941
3010
3212
3392
3656
3969
4039
200
364
576
637
911
1165
1369
1687
1745
2075
2125
2375
2627
2942
3011
3213
3393
3657
3970
4040
201
365
577
638
912
1166
1370
1688
1746
2076
2126
2376
2628
2943
3012
3214
3394
3658
3971
4041
202
366
578
639
913
1167
1371
1478
1747
2077
2127
2377
2629
2944
3013
3215
3395
3659
3972
4042
203
367
579
640
914
1168
1372
1479
1748
2078
2128
2378
2630
2945
3014
3216
3396
3660
3973
4043
204
368
580
641
915
1169
1373
1480
1749
2079
2129
2379
2631
2946
3015
3217
3397
3661
3974
4044
205
369
581
642
916
1170
1374
1481
1750
2080
2130
2380
2632
2947
3016
3218
3398
3662
3975
4045
206
370
582
643
917
1171
1375
1482
1751
2081
2131
2381
2633
2948
3017
3219
3399
3663
3976
4046
207
371
583
644
918
1172
1376
1483
1752
2082
2132
2382
2634
2949
3018
3220
3400
3664
3977
4047
208
372
584
645
919
1173
1377
1484
1753
2083
2133
2383
2635
2950
3019
3221
3401
3665
3978
4048
209
373
585
646
920
1174
1378
1485
1754
2084
2134
2384
2636
2951
3020
3222
3402
3666
3979
4049
210
374
586
647
921
1175
1379
1486
1755
2085
2135
2385
2637
2952
3021
3223
3403
3667
3980
4050
211
375
587
648
922
1176
1380
1487
1756
2086
2136
2386
2638
2953
3022
3224
3404
3668
3981
4051
1
376
588
649
923
1177
1381
1488
1757
2087
2137
2387
2639
2954
3023
3225
3405
3669
3982
4052
2
377
589
650
924
1178
1382
1489
1758
2088
2138
2388
2640
2744
3024
3226
3406
3670
3983
4053
3
378
590
651
925
1179
1383
1490
1759
2089
2139
2389
2641
2745
3025
3227
3407
3671
3984
4054
4
379
591
652
926
1180
1384
1491
1760
2090
2140
2390
2642
2746
3026
3228
3408
3672
3985
4055
5
380
592
653
927
1181
1385
1492
1761
2091
2141
2391
2643
2747
3027
3229
3409
3673
3986
4056
6
381
593
654
928
1182
1386
1493
1762
2092
2142
2392
2644
2748
3028
3230
3410
3674
3987
4057
7
382
594
655
929
1183
1387
1494
1763
2093
2143
2393
2645
2749
3029
3231
3411
3675
3988
4058
8
383
595
656
930
1184
1388
1495
1764
2094
2144
2394
2646
2750
3030
3232
3412
3676
3989
4059
9
384
596
657
931
1185
1389
1496
1765
2095
2145
2395
2647
2751
3031
3233
3413
3677
3990
4060
10
385
597
658
932
1186
1390
1497
1766
2096
2146
2396
2648
2752
3032
3234
3414
3678
3991
4061
11
386
598
659
933
1187
1391
1498
1767
2097
2147
2397
2649
2753
3033
3235
3415
3679
3992
4062
12
387
599
660
934
1188
1392
1499
1768
2098
2148
2398
2650
2754
3034
3236
3416
3680
3993
4063
13
388
600
661
935
1189
1393
1500
1769
2099
2149
2399
2651
2755
3035
3237
3417
3681
3994
4064
14
389
601
662
936
1190
1394
1501
1770
2100
2150
2400
2652
2756
3036
3238
3418
3682
3995
4065
15
390
602
663
937
1191
1395
1502
1771
2101
2151
2401
2653
2757
3037
3239
3419
3683
3996
4066
16
391
603
664
938
1192
1396
1503
1772
2102
2152
2402
2654
2758
3038
3240
3420
3684
3997
4067
17
392
604
665
939
1193
1397
1504
1773
2103
2153
2403
2655
2759
3039
3241
3421
3685
3998
4068
18
393
605
666
940
1194
1398
1505
1774
2104
2154
2404
2656
2760
3040
3242
3422
3686
3999
4069
19
394
606
667
941
1195
1399
1506
1775
2105
2155
2405
2657
2761
3041
3243
3423
3687
4000
4070
20
395
607
668
942
1196
1400
1507
1776
2106
2156
2406
2658
2762
3042
3244
3424
3688
4001
4071
21
396
608
669
943
1197
1401
1508
1777
2107
2157
2407
2659
2763
3043
3245
3425
3689
4002
4072
22
397
609
670
944
1198
1402
1509
1778
2108
2158
2408
2660
2764
3044
3246
3426
3690
4003
4073
23
398
610
671
945
1199
1403
1510
1779
2109
2159
2409
2661
2765
3045
3247
3427
3691
4004
4074
24
399
611
672
946
1200
1404
1511
1780
2110
2160
2410
2662
2766
3046
3248
3428
3692
4005
4075
25
400
612
673
947
1201
1405
1512
1781
1900
2161
2411
2663
2767
3047
3249
3429
3693
4006
4076
26
401
613
674
948
1202
1406
1513
1782
1901
2162
2412
2664
2768
3048
3250
3430
3694
4007
4077
27
402
614
675
949
1203
1407
1514
1783
1902
2163
2413
2665
2769
3049
3251
3431
3695
4008
4078
28
403
615
676
950
1204
1408
1515
1784
1903
2164
2414
2666
2770
3050
3252
3432
3696
4009
4079
29
404
616
677
951
1205
1409
1516
1785
1904
2165
2415
2667
2771
3051
3253
3433
3697
3799
4080
30
405
617
678
952
1206
1410
1517
1786
1905
2166
2416
2668
2772
3052
3254
3434
3698
3800
4081
31
406
618
679
953
1207
1411
1518
1787
1906
2167
2417
2669
2773
3053
3255
3435
3699
3801
4082
32
407
619
680
954
1208
1412
1519
1788
1907
2168
2418
2670
2774
3054
3256
3436
3700
3802
4083
33
408
620
681
955
1209
1413
1520
1789
1908
2169
2419
2671
2775
3055
3257
3437
3701
3803
4084
34
409
621
682
956
1210
1414
1521
1790
1909
2170
2420
2672
2776
3056
3258
3438
3702
3804
4085
35
410
622
683
957
1211
1415
1522
1791
1910
2171
2421
2673
2777
3057
3259
3439
3703
3805
4086
36
411
623
684
958
1212
1416
1523
1792
1911
2172
2422
2674
2778
3058
3260
3440
3704
3806
4087
37
412
624
685
959
1213
1417
1524
1793
1912
2173
2423
2675
2779
3059
3261
3441
3705
3807
4088
38
413
625
686
960
1214
1418
1525
1794
1913
2174
2424
2676
2780
3060
3262
3442
3706
3808
4089
39
414
626
687
961
1215
1419
1526
1795
1914
2175
2425
2677
2781
3061
3263
3443
3707
3809
4090
40
415
627
688
962
1216
1420
1527
1796
1915
2176
2426
2678
2782
3062
3264
3444
3708
3810
4091
41
416
628
689
963
1217
1421
1528
1797
1916
2177
2427
2679
2783
3063
3265
3445
3709
3811
4092
42
417
629
690
964
1218
1422
1529
1798
1917
2178
2428
2680
2784
3064
3266
3446
3710
3812
4093
43
418
630
691
965
1219
1423
1530
1799
1918
2179
2429
2681
2785
3065
3267
3447
3711
3813
4094
44
419
631
692
966
1220
1424
1531
1800
1919
2180
2430
2682
2786
3066
3268
3448
3712
3814
4095
45
420
632
693
967
1221
1425
1532
1801
1920
2181
2431
2683
2787
3067
3269
3449
3713
3815
4096
46
421
633
694
968
1222
1426
1533
1802
1921
2182
2432
2684
2788
3068
3270
3450
3714
3816
4097
47
422
423
695
969
1223
1427
1534
1803
1922
2183
2433
2685
2789
3069
3271
3451
3715
3817
4098
48
212
424
696
970
1224
1428
1535
1804
1923
2184
2434
2686
2790
3070
3272
3452
3716
3818
4099
49
213
425
697
971
1225
1429
1536
1805
1924
2185
2435
2687
2791
3071
3273
3453
3717
3819
4100
50
214
426
698
972
1226
1430
1537
1806
1925
2186
2436
2688
2792
3072
3274
3454
3718
3820
4101
51
215
427
699
973
1227
1431
1538
1807
1926
2187
2437
2689
2793
3073
3275
3455
3719
3821
4102
52
216
428
700
974
1228
1432
1539
1808
1927
2188
2438
2690
2794
3074
3276
3456
3720
3822
4103
53
217
429
701
975
1229
1433
1540
1809
1928
2189
2439
2691
2795
3075
3277
3457
3721
3823
4104
54
218
430
702
976
1230
1434
1541
1810
1929
2190
2440
2692
2796
3076
3278
3458
3722
3824
4105
55
219
431
703
977
1231
1435
1542
1811
1930
2191
2441
2693
2797
3077
3279
3459
3723
3825
4106
56
220
432
704
978
1232
1436
1543
1812
1931
2192
2442
2694
2798
3078
3280
3460
3724
3826
4107
57
221
433
705
979
1233
1437
1544
1813
1932
2193
2443
2695
2799
3079
3281
3461
3725
3827
4108
58
222
434
706
980
1234
1438
1545
1814
1933
2194
2444
2696
2800
3080
3282
3462
3726
3828
4109
59
223
435
707
981
1235
1439
1546
1815
1934
2195
2445
2697
2801
3081
3283
3463
3727
3829
4110
60
224
436
708
982
1236
1440
1547
1816
1935
2196
2446
2698
2802
3082
3284
3464
3728
3830
4111
61
225
437
709
983
1237
1441
1548
1817
1936
2197
2447
2699
2803
3083
3285
3465
3729
3831
4112
62
226
438
710
984
1238
1442
1549
1818
1937
2198
2448
2700
2804
3084
3286
3466
3730
3832
4113
63
227
439
711
985
1239
1443
1550
1819
1938
2199
2449
2701
2805
3085
3287
3467
3731
3833
4114
64
228
440
712
986
1240
1444
1551
1820
1939
2200
2450
2702
2806
3086
3288
3468
3732
3834
4115
65
229
441
713
987
1241
1445
1552
1821
1940
2201
2451
2703
2807
3087
3289
3469
3733
3835
4116
66
230
442
714
988
1242
1446
1553
1822
1941
2202
2452
2704
2808
3088
3290
3470
3734
3836
4117
67
231
443
715
989
1243
1447
1554
1823
1942
2203
2453
2705
2809
3089
3291
3471
3735
3837
4118
68
232
444
716
990
1244
1448
1555
1824
1943
2204
2454
2706
2810
3090
3292
3472
3736
3838
4119
69
233
445
717
991
1245
1449
1556
1825
1944
2205
2455
2707
2811
3091
3293
3473
3737
3839
4120
70
234
446
718
992
1246
1450
1557
1826
1945
2206
2456
2708
2812
3092
3294
3474
3738
3840
4121
71
235
447
719
993
1247
1451
1558
1827
1946
2207
2457
2709
2813
3093
3295
3475
3739
3841
4122
72
236
448
720
994
1248
1452
1559
1828
1947
2208
2458
2710
2814
3094
3296
3476
3740
3842
4123
73
237
449
721
995
1249
1453
1560
1829
1948
2209
2459
2711
2815
3095
3297
3477
3741
3843
4124
74
238
450
722
996
1250
1454
1561
1830
1949
2210
2460
2712
2816
3096
3298
3478
3742
3844
4125
75
239
451
723
997
1251
1455
1562
1831
1950
2211
2461
2713
2817
3097
3299
3479
3743
3845
4126
76
240
452
724
998
1252
1456
1563
1832
1951
2212
2462
2714
2818
3098
3300
3480
3744
3846
4127
77
241
453
725
999
1253
1457
1564
1833
1952
2213
2463
2715
2819
3099
3301
3481
3745
3847
4128
78
242
454
726
1000
1254
1458
1565
1834
1953
2214
2464
2716
2820
3100
3302
3482
3746
3848
4129
79
243
455
727
1001
1255
1459
1566
1835
1954
2215
2465
2717
2821
3101
3303
3483
3747
3849
4130
80
244
456
728
1002
1256
1460
1567
1836
1955
2216
2466
2718
2822
3102
3304
3484
3748
3850
4131
81
245
457
729
1003
1257
1461
1568
1837
1956
2217
2467
2719
2823
3103
3305
3485
3749
3851
4132
82
246
458
730
1004
1258
1462
1569
1838
1957
2218
2468
2720
2824
3104
3306
3486
3750
3852
4133
83
247
459
731
1005
1259
1463
1570
1839
1958
2219
2469
2721
2825
3105
3307
3487
3751
3853
4134
84
248
460
732
1006
1260
1464
1571
1840
1959
2220
2470
2722
2826
3106
3308
3488
3752
3854
4135
85
249
461
733
1007
1261
1465
1572
1841
1960
2221
2471
2723
2827
3107
3309
3489
3753
3855
4136
86
250
462
734
1008
1262
1466
1573
1842
1961
2222
2472
2724
2828
3108
3310
3490
3754
3856
4137
87
251
463
735
1009
1263
1467
1574
1843
1962
2223
2473
2725
2829
3109
3311
3491
3755
3857
4138
88
252
464
736
1010
1264
1468
1575
1844
1963
2224
2474
2726
2830
3110
3312
3492
3756
3858
4139
89
253
465
737
1011
1265
1469
1576
1845
1964
2225
2475
2727
2831
3111
3313
3493
3757
3859
4140
90
254
466
738
1012
1266
1470
1577
1846
1965
2226
2476
2728
2832
3112
3314
3494
3758
3860
4141
91
255
467
739
1013
1056
1471
1578
1847
1966
2227
2477
2729
2833
3113
3315
3495
3759
3861
4142
92
256
468
740
1014
1057
1472
1579
1848
1967
2228
2478
2730
2834
3114
3316
3496
3760
3862
4143
93
257
469
741
1015
1058
1473
1580
1849
1968
2229
2479
2731
2835
3115
3317
3497
3761
3863
4144
94
258
470
742
1016
1059
1474
1581
1850
1969
2230
2480
2732
2836
3116
3318
3498
3762
3864
4145
95
259
471
743
1017
1060
1475
1582
1851
1970
2231
2481
2733
2837
3117
3319
3499
3763
3865
4146
96
260
472
744
1018
1061
1476
1583
1852
1971
2232
2482
2734
2838
3118
3320
3500
3764
3866
4147
97
261
473
745
1019
1062
1477
1584
1853
1972
2233
2483
2735
2839
3119
3321
3501
3765
3867
4148
98
262
474
746
1020
1063
1267
1585
1854
1973
2234
2484
2736
2840
3120
3322
3502
3766
3868
4149
99
263
475
747
1021
1064
1268
1586
1855
1974
2235
2485
2737
2841
3121
3323
3503
3767
3869
4150
100
264
476
748
1022
1065
1269
1587
1856
1975
2236
2486
2738
2842
3122
3324
3504
3768
3870
4151
101
265
477
749
1023
1066
1270
1588
1857
1976
2237
2487
2739
2843
3123
3325
3505
3769
3871
4152
102
266
478
750
1024
1067
1271
1589
1858
1977
2238
2488
2740
2844
3124
3326
3506
3770
3872
4153
103
267
479
751
1025
1068
1272
1590
1859
1978
2239
2489
2741
2845
3125
3327
3507
3771
3873
4154
104
268
480
752
1026
1069
1273
1591
1860
1979
2240
2490
2742
2846
3126
3328
3508
3772
3874
4155
105
269
481
753
1027
1070
1274
1592
1861
1980
2241
2491
2743
2847
3127
3329
3509
3773
3875
4156
106
270
482
754
1028
1071
1275
1593
1862
1981
2242
2492
2533
2848
3128
3330
3510
3774
3876
4157
107
271
483
755
1029
1072
1276
1594
1863
1982
2243
2493
2534
2849
3129
3331
3511
3775
3877
4158
108
272
484
756
1030
1073
1277
1595
1864
1983
2244
2494
2535
2850
3130
3332
3512
3776
3878
4159
109
273
485
757
1031
1074
1278
1596
1865
1984
2245
2495
2536
2851
3131
3333
3513
3777
3879
4160
110
274
486
758
1032
1075
1279
1597
1866
1985
2246
2496
2537
2852
3132
3334
3514
3778
3880
4161
111
275
487
759
1033
1076
1280
1598
1867
1986
2247
2497
2538
2853
3133
3335
3515
3779
3881
4162
112
276
488
760
1034
1077
1281
1599
1868
1987
2248
2498
2539
2854
3134
3336
3516
3780
3882
4163
113
277
489
761
1035
1078
1282
1600
1869
1988
2249
2499
2540
2855
3135
3337
3517
3781
3883
4164
114
278
490
762
1036
1079
1283
1601
1870
1989
2250
2500
2541
2856
3136
3338
3518
3782
3884
4165
115
279
491
763
1037
1080
1284
1602
1871
1990
2251
2501
2542
2857
3137
3339
3519
3783
3885
4166
116
280
492
764
1038
1081
1285
1603
1872
1991
2252
2502
2543
2858
3138
3340
3520
3784
3886
4167
117
281
493
765
1039
1082
1286
1604
1873
1992
2253
2503
2544
2859
3139
3341
3521
3785
3887
4168
118
282
494
766
1040
1083
1287
1605
1874
1993
2254
2504
2545
2860
3140
3342
3522
3786
3888
4169
119
283
495
767
1041
1084
1288
1606
1875
1994
2255
2505
2546
2861
3141
3343
3523
3787
3889
4170
120
284
496
768
1042
1085
1289
1607
1876
1995
2256
2506
2547
2862
3142
3344
3524
3788
3890
4171
121
285
497
769
1043
1086
1290
1608
1877
1996
2257
2507
2548
2863
3143
3345
3525
3789
3891
4172
122
286
498
770
1044
1087
1291
1609
1878
1997
2258
2508
2549
2864
3144
3346
3526
3790
3892
4173
123
287
499
771
1045
1088
1292
1610
1879
1998
2259
2509
2550
2865
3145
3347
3527
3791
3893
4174
124
288
500
772
1046
1089
1293
1611
1880
1999
2260
2510
2551
2866
3146
3348
3528
3792
3894
4175
125
289
501
773
1047
1090
1294
1612
1881
2000
2261
2511
2552
2867
3147
3349
3529
3793
3895
4176
126
290
502
774
1048
1091
1295
1613
1882
2001
2262
2512
2553
2868
3148
3350
3530
3794
3896
4177
127
291
503
775
1049
1092
1296
1614
1883
2002
2263
2513
2554
2869
3149
3351
3531
3795
3897
4178
128
292
504
776
1050
1093
1297
1615
1884
2003
2264
2514
2555
2870
3150
3352
3532
3796
3898
4179
129
293
505
777
1051
1094
1298
1616
1885
2004
2265
2515
2556
2871
3151
3353
3533
3797
3899
4180
130
294
506
778
1052
1095
1299
1617
1886
2005
2266
2516
2557
2872
3152
3354
3534
3798
3900
4181
131
295
507
779
1053
1096
1300
1618
1887
2006
2267
2517
2558
2873
3153
3355
3535
3588
3901
4182
1
21
41
61
81
101
121
141
161
181
201
221
241
261
281
301
321
341
361
381
401
421
441
461
481
501
521
541
561
581
601
621
641
661
681
701
721
741
761
781
801
821
841
861
881
901
921
941
961
981
1001
1021
1041
1061
1081
1101
1121
1141
1161
1181
1201
1221
1241
1261
1281
1301
1321
1341
1361
1381
1401
1421
1441
1461
1481
1501
1521
1541
1561
1581
1601
1621
1641
1661
1681
1701
1721
1741
1761
1781
1801
1821
1841
1861
1881
1901
1921
1941
1961
1981
2001
2021
2041
2061
2081
2101
2121
2141
2161
2181
2201
2221
2241
2261
2281
2301
2321
2341
2361
2381
2401
2421
2441
2461
2481
2501
2521
2541
2561
2581
2601
2621
2641
2661
2681
2701
2721
2741
2761
2781
2801
2821
2841
2861
2881
2901
2921
2941
2961
2981
3001
3021
3041
3061
3081
3101
3121
3141
3161
3181
3201
3221
3241
3261
3281
3301
3321
3341
3361
3381
3401
3421
3441
3461
3481
3501
3521
3541
3561
3581
3601
3621
3641
3661
3681
3701
3721
3741
3761
3781
3801
3821
3841
3861
3881
3901
3921
3941
3961
3981
4001
4021
4041
4061
4081
4101
4121
4141
4161
4181
4201
4221
4241
4261
4281
4301
4321
4341
4361
4381
4401
4421
4441
4461
4481
4501
4521
4541
4561
4581
4601
4621
4641
4661
4681
4701
4721
4741
4761
4781
4801
4821
4841
4861
4881
4901
4921
4941
4961
4981
5001
5021
5041
5061
5081
5101
5121
5141
5161
5181
5201
5221
5241
5261
5281
5301
5321
5341
5361
5381
5401
5421
5441
5461
5481
5501
5521
5541
5561
5581
5601
5621
5641
5661
5681
5701
5721
5741
5761
5781
5801
5821
5841
5861
5881
5901
5921
5941
5961
5981
6001
6021
6041
6061
6081
6101
6121
6141
6161
6181
6201
6221
6241
6261
6281
6301
6321
6341
6361
6381
6401
6421
6441
6461
6481
6501
6521
6541
6561
6581
6601
6621
6641
6661
6681
6701
6721
6741
6761
6781
6801
6821
6841
6861
6881
6901
6921
6941
6961
6981
7001
7021
7041
7061
7081
7101
7121
7141
7161
7181
7201
7221
7241
7261
7281
7301
7321
7341
7361
7381
7401
7421
7441
7461
7481
7501
7521
7541
7561
7581
7601
7621
7641
7661
7681
7701
7721
7741
7761
7781
7801
7821
7841
7861
7881
7901
7921
7941
7961
7981
8001
8021
8041
8061
8081
8101
8121
8141
8161
8181
8201
8221
8241
8261
8281
8301
8321
8341
8361
8381
8401
8421
8441
8461
8481
8501
8521
8541
8561
8581
8601
8621
8641
8661
8681
8701
8721
8741
8761
8781
8801
8821
8841
8861
8881
8901
8921
8941
8961
8981
9001
9021
9041
9061
9081
9101
9121
9141
9161
9181
9201
9221
9241
9261
9281
9301
9321
9341
9361
9381
9401
9421
9441
9461
9481
9501
9521
9541
9561
9581
9601
9621
9641
9661
9681
9701
9721
9741
9761
9781
9801
9821
9841
9861
9881
9901
9921
9941
9961
9981
10001
10021
10041
10061
10081
10101
10121
10141
10161
10181
10201
10221
10241
10261
10281
10301
10321
10341
10361
10381
10401
10421
10441
10461
10481
10501
10521
10541
10561
10581
10601
10621
10641
10661
10681
10701
10721
10741
10761
10781
10801
10821
10841
10861
10881
10901
10921
10941
10961
10981
11001
11021
11041
11061
11081
11101
11121
11141
11161
11181
11201
11221
11241
11261
11281
11301
11321
11341
11361
11381
11401
11421
11441
11461
11481
11501
11521
11541
11561
11581
11601
11621
11641
11661
11681
11701
11721
11741
11761
11781
11801
11821
11841
11861
11881
11901
11921
11941
11961
11981
12001
12021
12041
12061
12081
12101
12121
12141
12161
12181
12201
12221
12241
12261
12281
12301
12321
12341
12361
12381
12401
12421
12441
12461
12481
12501
12521
12541
12561
12581
12601
