16
32
75
1
5
17
18
26
16
18
19
31
6
7
10
12
19
26
7
9
13
15
23
2
3
23
2
4
9
20
24
27
15
20
29
3
7
11
17
31
8
14
21
22
24
1
4
13
22
11
14
26
27
9
12
25
29
5
15
25
28
30
31
6
8
13
16
20
30
3
10
21
28
29
8
17
23
25
1
6
10
16
21
24
30
33
38
43
47
51
55
61
67
72
16
32
19
14
31
27
7
25
24
8
17
21
1
22
28
29
20
11
2
3
13
30
1
1
2
3
4
6
7
10
12
12
13
14
15
15
15
16
16
32
21
5
19
14
28
21
18
30
32
4
6
32
1
27
11
12
16
32
22
2
10
24
1
3
5
6
6
6
7
7
9
10
12
14
18
19
19
20
16
32
77
7
15
19
24
28
10
12
23
5
15
16
20
6
14
25
27
31
1
6
9
11
26
32
8
9
10
19
27
29
30
2
9
20
25
3
4
7
23
8
12
22
32
5
11
12
29
2
4
5
6
22
13
15
17
26
10
13
16
21
3
14
16
17
18
24
32
1
4
18
28
30
31
18
19
21
23
26
1
6
9
13
18
24
31
35
39
43
47
52
56
60
67
73
