-0.725693
-1.248047
-1.491701
-1.562158
-1.112917
-0.768266
-0.700309
-0.619788
-0.540455
-1.175018
-1.036594
-1.055253
-1.123737
-1.155660
-1.292466
-1.437270
-0.675316
-0.590057
-0.921677
-0.889045
-0.858123
-1.028490
-1.766748
-0.877691
-0.924240
-1.288205
-1.759078
-0.846447
-0.477372
-1.345933
-1.510446
-0.622920
-1.355110
-0.849976
-0.968783
-1.778060
-0.493229
-0.950317
-0.726838
-0.817612
-0.847785
-0.672955
-1.379397
-1.122714
-0.625431
-1.343034
-1.331298
-0.633312
-0.998376
-1.152716
-0.632271
-1.494496
-0.574996
-1.131236
-1.021297
-0.899716
-1.392119
-1.060071
-1.099257
-0.779806
-1.211720
-1.137478
-1.352752
-0.570234
-1.088980
-0.646465
-1.498450
-1.048083
-1.413959
-1.085545
-1.059540
-0.441248
-0.296602
-0.807832
-0.730064
-1.567446
-0.763712
-1.043207
-0.699289
-0.918237
-0.874668
-1.070333
-1.222814
-0.963306
-0.537778
-0.669878
-1.103410
-1.025391
-0.972826
-1.055024
-1.127584
-1.292162
-1.327583
-1.011638
-0.700960
-0.650395
-1.531619
-0.792239
-1.040796
-0.293058
-1.280416
-0.944479
-0.511809
-0.768291
-1.095867
-1.480345
-0.905380
-1.686697
-1.227328
-0.516843
-0.991186
-1.077417
-1.312462
-0.569325
-1.268157
-0.461083
-0.923566
-1.042930
-0.813005
-0.789548
-1.665503
-0.569710
-1.466225
-1.162550
-1.050805
-0.692949
-1.394397
-1.314801
-1.143001
-1.251598
-0.530525
-0.598818
-1.081408
-0.497802
-1.512921
-1.135096
-1.002541
-1.117139
-0.772811
-1.069500
-1.283396
-0.746670
-0.346250
-1.077919
-1.210841
-0.913864
-1.220569
-1.000061
-0.835212
-0.589884
-0.822192
-1.383511
-0.631562
-0.886292
-0.941774
-1.267338
-1.222931
-1.325599
-1.141614
-0.870385
-1.198464
-0.951161
-0.943027
-1.018533
-1.113763
-1.187845
-1.125636
-0.476832
-0.606420
-0.557132
-0.712892
-0.663349
-0.714473
-1.074647
-1.011725
-0.929957
-0.881859
-0.831700
-1.264062
-1.253261
-1.733044
-1.076747
-0.919560
-0.832086
-0.586202
-0.968700
-1.500511
-1.218548
-1.066358
-0.836215
-0.688163
-1.384481
-1.094273
-1.358209
-1.001878
-0.486166
-1.567016
-0.865055
-1.216147
-1.069472
-0.879459
-0.621088
-0.998606
-0.859688
-1.257896
-0.631350
-0.938537
-1.220759
-1.103261
-1.383839
-1.371405
-1.349912
-0.975570
-1.335456
-0.993089
-1.400975
-0.991250
-1.353615
0.150213
-1.250868
-0.763939
-1.077243
-0.911680
-1.016220
-0.983798
-1.125047
-0.809619
-0.974548
-1.336369
-0.613286
-1.142791
-1.104507
-0.958909
-1.516209
-0.455869
-0.983611
-1.577353
-0.270066
-0.756648
-1.420253
-0.544488
-0.880677
-0.976022
-1.011448
-0.866761
-0.829614
-0.848011
-1.165085
-1.117176
-1.241384
-1.041880
-1.094384
-1.240948
-0.770454
-0.551793
-1.215317
-1.122936
-0.820051
-1.398218
-1.307039
-1.262436
-1.321563
-0.617775
-0.984970
-1.134486
-1.325439
-1.441739
-1.063705
-0.971579
-0.917967
-1.256522
-1.191017
-1.593413
-1.288602
-1.106793
-1.303128
-0.779053
-1.545378
-0.874850
-1.507602
-1.197279
-0.970334
-0.263616
-0.951682
-0.922397
-1.664606
-0.810343
-1.076266
-1.455359
-0.798366
-1.070232
-0.815787
-0.510808
-0.621388
-0.942361
-0.635031
-0.978617
-1.137127
-1.103625
-0.834609
-0.598785
-1.463310
-0.955584
-0.984407
-0.656375
-1.410379
-1.107123
-1.334560
-0.548596
-1.237588
-0.767542
-0.749218
-0.439430
-1.263507
-1.496028
-1.458069
-1.114054
-1.178820
-1.279508
-0.817158
-1.081269
-0.647025
-0.683435
-0.660265
-0.372157
-0.846393
-1.296920
-1.032413
-0.913395
-1.180772
-0.983752
-1.481728
-0.814228
-1.092937
-0.842302
-0.647319
-0.435725
-1.530972
-1.580280
-0.941753
-0.965488
-1.122292
-0.683512
-0.200903
-1.433634
-0.798436
-1.400754
-1.576655
-0.719816
-0.991407
-1.093664
-0.796506
-0.902898
-0.919843
-1.320124
-0.099565
-0.701398
-0.850908
-0.999953
-0.450368
-1.387830
-0.990379
-0.688004
-1.550041
-0.921169
-1.063819
-0.807514
-1.403719
-0.862368
-1.040790
-0.939906
-0.492413
-0.496511
-1.128075
-0.960697
-0.756650
-1.168867
-0.876300
-0.815223
-0.719750
-0.904215
-0.628141
-1.159131
-0.922504
-0.969877
-0.213170
-1.020593
-1.283436
-0.806654
-0.748303
-0.565043
-0.884055
-0.863579
-0.431042
-1.236797
-1.003257
-0.595196
-1.075101
-1.396810
-0.333892
-0.710975
-0.971877
-0.633920
-0.796901
-0.391407
-1.092923
-0.910133
-1.224846
-0.619947
-0.873816
-0.904595
-0.653560
-1.565000
-1.330946
-1.152922
-0.750741
-1.284386
-0.711634
-0.848275
-1.036769
-0.842324
-0.442418
-0.498595
-1.357641
-1.016501
-1.394568
-0.891689
-0.701615
-0.739894
-1.053972
-1.242510
-0.558165
-1.032603
-1.440529
-0.768193
-1.028913
-0.579724
-1.043214
-1.286633
-0.869355
-1.082555
-1.327466
-0.846192
-1.289222
-0.936991
-0.853101
-1.107724
-1.042988
-0.419564
-1.203036
-0.837842
-1.065155
-1.025787
-0.689761
-1.064383
-1.124426
-0.960627
-0.768853
-1.031295
-1.165838
-1.385712
-0.699894
-1.126466
-0.748235
-1.020313
-0.594992
-1.496532
-0.579955
-0.723813
-1.588646
-0.694346
-1.530607
-0.746872
-0.764409
-0.256323
-1.196125
-1.343905
-1.277388
-0.317512
-0.601502
-1.274805
-1.067040
-1.625689
-1.203180
-1.329453
-0.504168
-1.295057
-1.446804
-0.990577
-0.976128
-1.222880
-1.110350
-1.076890
-0.743759
-0.545812
-1.076714
-0.820383
-1.480939
-1.420409
-1.253125
-1.131230
-0.762247
0.007960
-0.838600
-0.919963
-1.397659
-0.890214
-1.142259
-1.258566
-0.713665
-1.325067
-0.994064
-1.409116
-1.128370
-1.002288
-1.001965
-0.887719
-0.839617
-1.100559
-1.094845
-1.327890
-0.975735
-0.895413
-0.971789
-1.158040
-1.559219
-1.039199
-0.935693
-1.447117
-1.028263
-0.802652
-1.059898
-0.898197
-0.854279
-1.031545
-0.748392
-0.666505
-0.396840
-0.278805
-0.617520
-1.148439
-0.787897
-0.095470
-1.160748
-0.832883
-1.192009
-1.492874
-0.354588
-1.029230
-1.008660
-1.384540
-1.064777
-1.036845
-1.194420
-0.901887
-0.441327
-1.692638
-0.520386
-1.403838
-0.604589
-0.740766
-0.571939
-1.223865
-0.938998
-0.487755
-1.184223
-1.415983
-1.252772
-0.408122
-0.626411
-0.987492
-0.862402
-0.759133
-0.952733
-1.297450
-0.867115
-1.317313
-0.339676
-0.803275
-0.525524
-0.970752
-1.218162
-1.024719
-2.006564
-0.726120
-1.504998
-0.496928
-0.496325
-1.006165
-1.622280
-0.995074
-0.737994
-0.855859
-1.563486
-0.895961
-0.504852
-1.058523
-0.908094
-1.030903
-0.753879
-0.558662
-1.332813
-0.950985
-0.670073
-1.129258
-0.951911
-0.941707
-1.174255
-0.938701
-0.929667
-0.953172
-0.834718
-0.822164
-0.964531
-0.933190
-1.361128
-0.800009
-1.355474
-1.013046
-0.847386
-0.601989
-1.298836
-1.532930
-0.293734
-0.476168
-0.990917
-0.815507
-0.303943
-0.959369
-0.775348
-1.049732
-1.101333
-0.595014
-0.760248
-0.766096
-0.986127
-1.088243
-0.744174
-1.809220
-1.064467
-0.914815
-0.965209
-1.917609
-0.841029
-0.778862
-0.856366
-0.806846
-0.596733
-0.967718
-1.569614
-0.900843
-1.159654
-1.104310
-0.949328
-0.901402
-1.738895
-1.596446
-0.792502
-0.411716
-0.336338
-0.401718
-1.148294
-0.923761
-0.981289
-0.892534
-1.395485
-0.270776
-0.656696
-0.524097
-1.085019
-1.026033
-0.890408
-0.750701
-1.245820
-1.372602
-1.317131
-0.648545
-1.820142
-1.237660
-0.401586
-1.327548
-1.171952
-0.822933
-0.833516
-0.904756
-0.777726
-0.826996
-0.913065
-1.115877
-1.362531
-1.158677
-0.824288
-0.957832
-1.242017
-1.135795
-0.693542
-0.701151
-1.160552
-1.000574
-0.817399
-1.362227
-1.072584
-1.305023
-1.106699
-0.945201
-1.661769
-0.698646
-0.700045
-0.839093
-0.796902
-1.031572
-0.404487
-0.652865
-1.277140
-0.572451
-1.454201
-0.788526
-1.031227
-0.996111
-1.022028
-0.402341
-1.184570
-1.008142
-1.202333
-0.961512
-1.230356
-0.632475
-0.639412
-0.921109
-0.568178
-1.254038
-0.683639
-1.347882
-0.511530
-1.064502
-0.896062
-0.943298
-1.422399
-0.845984
-1.476174
-0.614467
-1.157297
-1.146218
-1.173014
-0.666391
-0.848963
-1.141883
-0.912022
-0.890608
-1.547601
-1.350375
-0.692962
-1.138905
-1.519888
-1.183552
-1.150696
-1.048108
-0.375538
-1.277346
-1.188620
-1.166836
-0.942789
-1.178193
-1.437141
-1.301770
-0.120987
-1.379273
-0.801503
-0.969220
-1.361581
-1.364654
-1.717852
-0.719272
-1.013969
-0.933552
-1.146728
-1.285367
-0.896843
-0.800753
-1.017679
-1.113450
-0.568331
-0.234888
-0.848794
-1.554218
-1.330644
-1.187459
-0.389739
-1.042834
-1.478552
-0.915942
-1.711162
-0.947508
-1.062158
-1.038666
-1.315417
-0.989795
-0.601865
-1.130450
-0.195102
-1.212435
-1.249655
-1.069402
-0.870283
-0.752190
-1.305972
-2.193767
-1.203665
-1.516623
-0.840974
-1.167153
-1.093410
-0.646914
-0.737591
-0.996322
-1.039977
-1.499506
-1.100381
-1.528376
-1.172296
-1.333062
-1.594445
-0.444402
-1.040425
-0.982842
-0.590626
-0.460846
-0.997417
-1.510260
-0.876244
-0.666040
-1.705902
-0.707428
-0.887453
-0.767951
-0.682206
-1.111282
-0.800355
-1.098438
-0.504452
-1.768597
-0.941918
-1.123336
-0.646487
-1.459029
-1.156031
-0.954793
-1.167542
-0.973430
-1.333249
-0.862486
-1.280947
-1.106411
-0.828790
-1.035517
-0.264576
-0.351638
-0.897287
-1.198257
-0.874981
-1.369951
-0.393155
-0.373971
-0.611513
-0.926555
-1.165805
-1.124983
-1.315312
-0.813034
-1.215916
-1.334356
-1.421226
-1.255160
-1.132494
-0.445463
-1.670070
-1.091829
-1.369534
-0.504940
-0.678986
-0.902119
-1.220814
-0.740715
-0.909614
-1.095101
-1.381871
-1.668099
-1.078203
-0.972705
-1.096833
-0.505128
-1.090791
-1.422503
-1.358302
-1.246062
-0.891177
-1.386323
-0.734788
-1.242939
-1.153348
-0.131449
-0.948843
-0.738356
-0.908833
-1.293879
-1.432717
-0.859090
-0.257302
-0.884429
-0.747992
-1.184347
-1.284009
-0.411077
-1.187768
-0.663494
-1.493465
-1.197438
-1.084823
-1.113786
-1.191765
-0.994774
-1.087867
-0.992253
-1.228516
-1.099654
-0.869661
-1.729540
-0.348610
-1.330146
-0.743358
-0.627928
-1.310337
-0.510369
-1.482867
-0.700901
-0.974882
-1.283472
-1.129282
-1.136523
-1.258392
-1.563310
-0.889198
-0.905494
-1.367640
-0.703828
-0.809306
-0.943131
-1.079569
-0.236485
-1.048410
-1.051031
-1.354767
-1.499190
-1.618950
-0.450560
-1.104133
-0.661744
-1.079635
-0.703245
-0.703914
-0.802052
-0.806896
-0.980101
-0.295114
-0.863243
-0.751763
-0.951020
-0.772705
-1.542203
-1.259518
-1.151167
-0.801664
-1.184729
-1.199407
-0.691272
-0.573500
-1.533345
-0.754037
-0.764445
-0.143840
-1.046211
-1.050995
-1.025070
-1.054389
-1.252538
-0.974787
-1.086901
-0.815147
-0.867126
-0.922558
-0.590147
-1.237683
-1.389944
-1.241872
-1.514837
-0.721154
-1.197701
-0.704998
-1.183991
-1.669040
-1.004151
-0.832650
-0.442712
-1.152096
-0.949737
-1.236461
-1.005854
-1.306727
-1.224863
-0.909094
-1.390994
0.001334
-1.175033
-0.766770
-0.828573
-1.048872
-1.178317
-1.162979
-1.215074
-0.994157
-0.656805
-1.072018
-1.623063
-0.763690
-1.705887
-0.923515
-0.585134
-1.673271
-0.701631
-0.666182
-0.743520
-1.088813
-0.974068
-0.944853
-1.086405
-1.153799
-0.458450
-1.269141
-0.881364
-1.491266
-0.869725
-0.743631
-0.727595
-0.911317
-0.763140
-1.333278
-0.987423
-1.178974
-1.820775
-0.508715
-0.956853
-0.810842
-0.883958
-1.103705
-0.412089
-0.937829
-1.732671
-0.795096
-0.810319
-0.494461
-1.667059
-0.531972
-0.414599
-0.864770
-1.309108
-1.671471
-1.273781
-0.919177
-1.227876
-0.988088
-1.357825
-0.915095
-0.943845
-1.185239
-1.814131
-0.568409
-1.383281
-0.880858
-1.287222
-0.959535
-1.842769
-1.206597
-1.151474
-0.731453
-0.829755
-0.525476
-1.305023
-1.461460
-1.565961
-0.949047
-0.357251
-0.720932
-1.205745
-1.311509
-0.935597
-0.768434
-1.306097
-0.966697
-0.840922
-1.355847
-1.452872
-1.328439
-0.722356
-1.022027
-1.405495
-1.374098
-0.927282
-1.173123
-0.395269
-0.735329
-1.089213
-0.910888
-0.892652
-1.446439
-1.135364
-0.477509
-1.063963
-1.318567
-1.356083
-0.824735
-0.814920
-1.185586
-0.984503
-0.609931
-1.007018
-1.050404
-0.378256
-1.012280
-1.066584
-1.392707
-1.032926
-1.287188
-0.377392
-1.123492
-1.345101
-1.309681
-0.880190
-0.969073
-1.091057
-1.032004
-0.484433
-0.684862
-1.254925
-1.182042
-0.734273
-1.122004
-1.302809
-1.069449
-0.879942
-0.445524
-1.022341
-0.741509
-0.754069
-1.099689
-0.807166
-0.979689
-1.115520
-0.792395
-0.948629
-1.239244
-1.379229
-0.739096
0.130078
-1.437612
-1.173890
-0.707925
-0.556729
-0.491685
-0.897573
-0.621278
-1.075490
-0.752711
-1.032058
-1.518902
-1.021871
-0.969133
-0.586475
-1.428431
-1.662791
-0.884142
-1.017892
-1.070595
-0.820155
-0.943091
-1.406410
-0.830509
-1.024217
-0.886910
-0.602385
-1.296995
-1.235555
-0.743856
-1.192542
-1.238873
-0.921675
-0.689294
-1.373050
-0.903325
-0.879332
-0.174730
-1.298578
-1.413788
-0.606466
-1.647255
-1.543532
-0.854902
-1.765865
-1.434939
-1.608035
-0.972293
-0.931184
-0.950154
-0.724118
-0.306989
-0.710055
-0.817452
-0.589529
-1.424464
-1.644117
-1.332023
-0.367507
-0.752389
-1.268457
-1.140683
-0.880816
-1.121050
-0.969641
-0.907800
-0.412781
-1.248573
-0.905879
-1.131944
-0.930768
-0.826030
-0.812490
-0.668476
-1.192749
-1.177755
-0.921602
-0.964322
-0.982808
-0.677244
-1.003623
-0.235427
-0.505583
-0.782436
-1.049816
-0.811114
-1.044508
-1.224559
-0.389119
-0.501816
-1.169744
-1.525300
-0.747879
-0.685643
-1.029145
-0.168735
-0.929424
-0.284230
-0.991669
-0.735737
-1.357797
-0.978165
-0.986045
-0.611294
-1.037842
-1.526871
-1.361273
-0.981712
-0.753455
-1.445300
-1.166980
-0.864000
-1.361884
-1.055103
-0.608592
-1.177242
-0.860660
-1.193417
-0.828105
-1.209120
-0.886369
-1.169983
-1.436967
-1.119735
-0.974070
-1.542156
-1.293466
-0.713399
-1.027385
-0.911859
-1.201076
-0.970681
-0.654332
-0.904474
-1.082559
-1.351990
-1.167340
-1.617611
-0.906184
-1.093959
-1.310339
-0.816257
-1.016458
-0.929743
-0.945685
-1.788087
-1.172699
-0.780190
-1.104315
-1.442801
-1.357015
-0.811061
-0.960178
-0.660276
-1.511758
-1.099416
-0.895905
-0.711166
-0.729242
-1.019433
-1.026661
-0.994315
-0.586226
-0.676380
-1.029504
-0.803718
-0.859894
-0.925449
-0.967694
-0.993234
-1.072205
-0.909028
-1.298039
-0.716209
-1.073782
-1.288491
-0.183664
-1.208339
-0.940236
-1.079727
-1.439248
-0.841751
-1.322233
-1.095994
-1.094523
-1.038806
-0.985855
-0.922846
-0.887692
-1.531570
-0.874603
-1.618942
-0.776944
-1.033839
-1.151330
-0.732057
-0.952897
-0.823973
-0.963682
-1.059839
-1.057176
-0.780847
-0.640409
-1.654888
-0.756787
-2.045276
-0.972317
-1.012591
-0.519961
-0.602389
-0.674328
-0.837782
-1.490893
-0.628433
-0.671529
-1.299729
-0.582637
-0.655996
-1.480161
-0.680396
-1.072056
-1.284729
-1.277924
-1.526944
-1.113353
-0.801145
-1.340308
-1.508908
-1.150567
-1.346545
-0.854556
-0.942349
-0.918928
-1.113885
-0.664511
-0.711589
-0.629470
-1.133597
-0.790561
-1.037907
-1.273033
-0.761359
-0.525848
-0.807877
-1.270199
-0.631922
-1.267853
-0.904305
-1.270883
-0.810161
-1.232010
-0.809309
-0.762687
-1.381662
-1.090441
-1.219110
-0.597288
-1.128660
-1.945501
-1.417684
-0.975032
-1.287935
-1.570926
-0.829626
-1.584878
-1.366818
-1.295377
-0.622687
-0.509949
-0.941756
-1.086609
-0.846918
-1.606100
-0.743880
-1.791298
-0.762175
-1.424606
-1.349581
-0.904481
-0.574980
-1.177377
-0.998401
-1.040850
-0.740624
-0.936739
-0.546988
-0.638294
-1.077901
-0.614775
-1.166488
-1.254945
-0.936392
-0.302475
-0.484074
-1.667339
-1.620841
-0.919401
-1.390503
-0.392714
-1.271765
-0.837655
-0.804372
-0.777000
-0.936832
-1.023527
-1.251977
-0.944862
-0.523764
-1.490846
-1.428146
-0.750782
-0.885267
-1.064357
-0.894341
-0.971171
-1.260708
-0.369931
-0.836146
-0.896413
-0.228219
-0.966204
-1.257203
-1.834838
-1.168524
-1.623742
-1.034790
-1.212032
-0.931765
-0.827653
-0.965373
-1.532529
-1.008501
-0.898331
-1.574724
-0.489486
-1.472855
-1.034139
-0.859052
-0.975409
-1.600520
-0.860636
-1.234993
-0.654372
-1.223557
-0.876940
-1.065558
-1.062546
-0.956348
-1.304544
-1.194067
-0.746056
-1.620870
-0.746269
-0.583026
-1.460031
-0.663675
-1.075076
-0.617322
-1.215687
-1.500148
-1.004744
-1.115925
-0.970134
-1.135912
-1.184615
-1.560631
-1.112077
-0.557646
-1.532356
-1.425188
-1.331594
-1.300800
-1.032802
-1.120414
-0.821701
-1.036520
-1.333820
-1.082892
-0.820581
-1.619973
-1.219934
-0.538600
-0.937487
-0.987297
-0.857012
-0.438945
-1.216987
-1.025673
-0.756649
-1.717668
-0.993474
-1.174188
-0.821037
-0.429984
-1.083949
-0.625577
-1.286935
-1.004948
-0.804093
-1.652659
-1.225165
-0.765633
-0.849743
-0.669853
-1.313864
-1.123931
-1.373037
-1.093700
-0.440028
-0.746678
-0.542796
-0.896033
-0.797878
-1.499717
-1.058265
-0.962884
-1.335148
-1.202195
-1.081543
-0.572773
-0.886395
-1.339661
-0.652923
-1.782913
-1.504111
-1.373567
-1.250911
-1.142999
-1.449594
-0.749914
-1.061758
-1.150325
-1.504199
-0.920313
-0.964573
-0.907020
-0.378318
-1.604276
-0.759092
-1.040666
-1.187780
-1.268351
0.085102
-1.042194
-1.287977
-1.458333
-0.918220
-1.665882
-0.875805
-1.193543
-0.284921
-0.944686
-1.037671
-0.790645
-0.893290
-1.219083
-0.607213
-1.595103
-0.435576
-0.891223
-0.593677
-1.387480
-1.368237
-0.924896
-0.662606
-1.063589
-1.257430
-0.653573
-1.005993
-0.580385
-1.654996
-1.325212
-1.143628
-1.341526
-1.029342
-0.624420
-0.842655
-0.712888
-1.491976
-1.599232
-0.735825
-0.916343
-1.165811
-1.031258
-0.659036
-1.174754
-1.160487
-0.510006
-1.123807
-0.755039
-1.023264
-0.977519
-1.543086
-1.111166
-0.450669
-0.874317
-1.492785
-1.153043
-1.104274
-1.315558
-0.971963
-0.492613
-1.414500
-0.764291
-0.850813
-0.894015
-0.936359
-1.006504
-1.445914
-1.306429
-1.316935
-1.198057
-0.445700
-0.201024
-1.201674
-0.899786
-0.788243
-0.710323
-1.379837
-0.795413
-1.478075
-1.073097
-1.466445
-1.288759
-1.105190
-0.902472
-1.229391
-0.643654
-1.340377
-0.611328
-1.549304
-1.441106
-1.204968
-0.942758
-0.237105
-1.069664
-0.732619
-1.197936
-1.250532
-1.466580
-0.996082
-1.377706
-0.874498
-1.108485
-1.231741
-1.308634
-0.909210
-1.102096
-0.972863
-1.490732
-0.457911
-1.063950
-1.085367
-1.323637
-1.892058
-1.050806
-1.165060
-1.671914
-1.435887
-1.271034
-0.889055
-1.114488
-0.939134
-1.924080
-0.175933
-0.937931
-0.708944
-0.853451
-0.889842
-0.768694
-1.250692
-1.092576
-1.244716
-0.762095
-1.107706
-1.314996
-1.020823
-1.314086
-1.058261
-0.476185
-1.442075
-1.489211
-0.815822
-1.310877
-0.522536
-0.614889
-0.819202
-0.741188
-0.647517
-1.149132
-1.510381
-0.899884
-0.878673
-0.951995
-0.895500
-0.899619
-0.509315
-0.576985
-0.416222
-1.413520
-0.870583
-1.444199
-1.293955
-0.731362
-0.890140
-0.995556
-0.711920
-0.690898
-0.713399
-0.995450
-1.094805
-0.945513
-0.700186
-0.689038
-1.020070
-0.565747
-1.099374
-0.667940
-1.129464
-1.000309
-0.806300
-1.255542
-0.675777
-1.169786
-0.831881
-0.912483
-0.779984
-1.383903
-1.034003
-0.477692
-1.451220
-1.521768
-1.279606
-1.253663
-1.092999
-0.536875
-0.869976
-0.756230
-0.981233
-1.003971
-1.009691
-0.916945
-0.575962
-1.155208
-1.368194
-0.967453
-1.389895
-1.366153
-0.974959
0.017398
-1.196401
-1.062967
-1.392010
-0.851228
-1.507521
-0.756786
-0.768760
-0.881072
-0.883019
-1.274293
-1.276770
-1.046498
-1.141979
-0.468167
-0.771797
-0.860685
-0.837269
-1.107653
-0.469666
-1.094185
-1.163007
-0.803020
-1.519657
-0.387041
-1.310120
-0.969554
-2.013924
-0.941930
-0.936543
-1.201253
-1.256575
-0.961550
-0.694482
-1.176400
-1.370598
-1.482631
-1.285018
-0.839421
-0.911498
-1.117840
-1.140047
-1.195913
-0.967913
-1.029220
-0.917338
-0.701184
-0.934562
-1.050968
-1.115895
-0.972201
-0.760236
-1.225385
-1.323957
-1.485821
-1.009926
-0.261741
-0.779197
-1.224901
-1.052462
-1.733864
-1.037866
-1.066984
-1.527696
-0.137975
-0.099681
-0.875826
-0.576944
-1.478652
-1.425758
-0.340923
-0.890802
-1.079377
-1.253729
-1.157373
-0.979111
-0.507508
-0.446776
-0.783378
-1.240768
-1.653697
-0.949794
-1.114036
-1.769650
-1.487825
-1.745128
-0.826838
-1.163134
-1.482935
-0.827387
-1.319963
-1.311743
-1.231113
-0.746750
-0.929371
-0.827617
-1.497553
-1.571056
-0.762606
-1.736073
-0.760278
-0.873653
-1.132911
-0.616479
-0.313044
-1.085698
-1.287426
-0.962654
-0.561353
-0.596861
-0.956343
-0.971844
-0.723139
-0.860901
-0.501634
-0.891385
-1.006817
-0.845141
-1.006064
-0.977872
-0.544618
-0.477130
-0.606673
-1.493788
-1.563426
-0.706549
-1.152170
-1.432938
-0.690183
-1.482389
-1.462975
-0.454415
-0.901847
-1.028533
-0.565674
-1.239071
-0.917674
-1.097203
-1.002558
-0.856608
-1.443142
-0.418737
-1.228583
-0.670112
-0.946437
-1.185346
-0.940586
-1.195618
-1.120566
-0.816951
-1.171876
-1.171025
-1.325512
-1.181798
-1.481444
-1.413371
-1.732714
-0.856011
-0.256112
-1.041454
-1.210957
-0.915351
-0.468192
-0.706659
-1.123865
-1.010828
-0.655582
-0.848955
-1.277701
-1.224680
-1.016434
-0.377298
-1.272755
-1.044993
-1.004231
-1.038683
-1.382420
-1.231929
-1.070912
-0.696351
-0.989703
-1.139180
-0.844796
-1.562598
-1.234821
-1.606318
-1.000906
-0.849825
-1.035988
-1.319138
-1.804830
-0.907033
-1.006076
-1.006541
-0.314761
-0.543013
-1.024132
-0.948272
-1.202162
-0.760456
-1.054434
-1.046326
-0.658839
-1.130465
-1.375198
-1.596825
-0.875515
-1.097865
-1.004699
-0.922968
-1.187461
-0.994875
-0.474738
-0.666211
-0.876436
-1.014351
-1.326948
-0.136610
-0.714901
-0.604508
-1.463101
-0.888421
-0.704036
-1.139228
-0.653753
-1.292326
-1.115235
-0.972259
-0.673785
-0.153293
-0.277011
-1.489606
-1.092450
-1.026455
-0.484449
-1.459651
-1.198028
-1.001419
-1.083799
-0.795880
-0.881422
-1.004982
-1.360052
-0.938177
-0.508440
-1.143666
-0.373532
-1.061857
-1.412558
-1.074918
-0.813751
-0.782722
-0.794943
-1.408137
-0.943571
-1.190821
-0.593973
-0.442702
-0.556515
-1.084066
-1.536693
-0.335567
-0.775613
-0.902692
-1.285690
-0.926337
-0.811758
-1.441613
-0.806049
-0.144554
-1.754793
-1.486600
-1.156055
-1.128491
-0.582205
-1.322406
-1.264401
-1.415013
-0.754974
-0.805316
-1.256484
-1.479909
-1.129657
-0.573184
-0.607701
-1.256114
-0.575648
-1.001612
-0.893723
-1.309956
-0.685844
-0.961388
-1.430715
-0.706979
-0.847121
-1.174621
-1.131451
-1.175301
-1.018345
-1.591177
-0.788230
-0.972941
-0.874691
-0.930697
-1.489897
-1.199008
-0.943915
-1.367820
-0.475340
-0.971421
-1.689079
-0.639705
-0.958574
-0.700622
-1.275321
-1.128392
-1.181839
-0.873376
-1.441463
-1.205046
-0.841927
-0.745323
-0.922442
-0.725656
-0.333667
-0.939902
-0.709976
-1.640595
-0.935102
-0.870930
-1.322196
-0.684080
-0.812496
-0.344490
-1.452791
-0.686853
-0.744160
-1.652438
-1.099491
-1.213852
-1.221929
-1.161321
-1.414722
-0.733877
-0.814119
-1.407923
-0.968323
-1.100780
-1.206089
-0.604062
-1.049456
-1.546181
-1.133671
-0.923133
-1.680074
-0.742661
-0.061928
-1.417623
-0.750424
-1.291512
-1.108518
-0.963950
-0.599012
-0.811808
-0.780204
-1.210157
-1.358060
-1.142475
-1.008476
-0.622458
-0.619263
-1.092861
-0.845945
-1.274566
-0.854736
-1.123801
-1.193691
-0.953135
-1.214788
-0.617737
-1.369543
-0.978669
-0.742800
-0.328479
-1.117550
-0.983421
-1.131115
-1.175746
-0.981235
-1.213991
-1.303827
-0.546129
-0.452936
-0.656231
-1.135731
-1.063462
-1.334794
-1.446686
-1.349300
-1.411401
-1.512178
-1.262605
-1.089448
-1.030364
-1.278597
-0.673820
-1.452602
-1.077097
-1.124874
-0.754441
-1.009288
-1.210620
-0.872893
-1.019012
-1.000189
-1.153073
-1.319114
-1.097596
-1.137889
-0.993851
-1.332658
-1.681034
-0.286362
-1.885759
-1.350462
-1.330968
-0.947796
-1.241923
-1.323149
-0.750909
-1.225276
-1.346478
-0.900382
-1.492114
-1.202095
-0.860459
-0.234227
-0.746523
-1.557814
-1.308452
-0.018878
-1.034119
-1.267236
-1.265902
-0.543408
-0.874620
-1.513254
-0.775892
-0.879076
-1.169685
-1.010602
-1.189414
-0.778336
-0.904186
-1.207313
-1.183805
-0.560369
-0.573909
-1.301968
-1.338884
-1.380667
-1.174892
-1.632335
-0.997227
-1.045567
-1.374558
-1.205588
-0.786639
-0.909149
-1.779500
-1.159309
-1.664319
-1.442506
-0.637308
-0.558266
-1.331897
-0.585457
-1.558732
-0.689365
-1.207980
-1.220146
-1.014367
-1.192186
-0.697400
-1.377278
-1.148753
-1.206567
-0.697722
-1.009551
-0.445279
-1.058913
-0.678516
-0.921601
-1.091358
-0.874587
-1.166671
-1.103486
-1.131187
-1.040380
-1.442315
-1.036645
-1.245437
-1.512676
-0.874754
-0.348286
-1.127109
-0.871037
-1.219953
-1.139450
-1.266544
-1.264802
-1.567369
-0.719183
-1.599654
-1.392532
-1.452414
-1.161940
-1.432788
-0.790984
-0.826336
-1.056752
-1.341175
-1.067740
-0.959077
-1.118306
-0.894519
-0.666680
-1.316072
-1.149399
-1.362692
-1.056805
-0.797460
-0.969514
-1.154327
-0.734710
-1.651254
-1.155277
-0.539380
-0.897870
-1.480946
-0.759626
-0.996286
-1.028905
-1.280248
-1.471845
-0.177922
-1.016542
-1.548421
-1.201729
-0.888853
-0.663786
-0.915266
-1.050312
-1.371624
-1.142731
-1.626638
-1.331435
-1.306373
-1.369277
-1.041517
-0.449222
-0.815935
-1.006223
-0.947579
-1.398543
-0.538383
-0.649547
-0.858061
-1.239618
-1.206667
-0.420219
-0.777643
-1.032261
-1.082439
-0.889965
-0.578609
-1.256501
-0.721674
-0.580562
-0.578556
-1.305665
-0.864858
-0.595286
-0.821900
-0.810075
-0.960407
-1.164719
-1.265012
-1.027070
-0.679408
-1.208152
0.170443
-1.180339
-1.168058
-0.740018
-0.702625
-1.159843
-1.252060
-1.282809
-0.872841
-1.311527
-1.190500
-0.975546
-1.101158
-1.101253
-1.004182
-0.572608
-1.046489
-1.397795
-0.995486
-1.324838
-1.288944
-1.179059
-0.472267
-0.985803
-1.149611
-1.208776
-0.407421
-1.147981
-0.974049
-1.079381
-0.647847
-0.886649
-0.595200
-0.967298
-0.824068
-1.330062
-1.005233
-0.937750
-0.613333
-0.921526
-1.114625
-0.981826
-1.230687
-0.496085
-0.620053
-0.870900
-0.981898
-2.080493
-1.280465
-0.893954
-1.167672
-0.752049
-0.913315
-0.914558
-0.970089
-1.077829
-1.138413
-0.951684
-1.517415
-1.455244
-0.671659
-1.054701
-1.396761
-1.543602
-0.080352
-1.210281
-1.332679
-0.777680
-1.584661
-0.769997
-1.152657
-0.868383
-0.604980
-1.531272
-1.359639
-0.457374
-1.462385
-1.292665
-0.885677
-0.284614
-0.996489
-0.873917
-0.941792
-1.131269
-0.902575
-0.689479
-0.633274
-0.913547
-0.849429
-1.040981
-1.069926
-1.055677
-0.670397
-0.763326
-1.086964
-1.454310
-1.492183
-0.918257
-0.851173
-1.199379
-0.897397
-1.022375
-0.993787
-1.220863
-1.041501
-0.948107
-0.769955
-1.034105
-0.447332
-0.980630
-0.595276
-1.432300
-0.972076
-1.271592
-0.688618
-0.499233
-0.942766
-0.898656
-1.150435
-1.400779
-1.664526
-1.299096
-1.326315
-1.458779
-0.805229
-0.740749
-0.914750
-0.990612
-1.764936
-0.731007
-1.332788
-1.732709
-0.979630
-0.720485
-0.945459
-1.153882
-1.175504
-0.876442
-1.166849
-1.441682
-1.017743
-1.139793
-1.255303
-1.424272
-1.095936
-1.085610
-0.981911
-1.187998
-0.983468
-1.230320
-1.081418
-0.605240
-1.279236
-1.147510
-1.033296
-1.709665
-1.160037
-1.731241
-1.711884
-0.573964
-1.050875
-1.225012
-0.618572
-1.180638
-1.631233
-0.276233
-1.067713
-1.583132
-0.776853
-1.532865
-0.588086
-1.504355
-0.832216
-0.870428
-0.693787
-0.960999
-0.789235
-0.633340
-0.829864
-0.707966
-1.046368
-1.032786
-0.515037
-0.964971
-0.422737
-1.400503
-1.664882
-0.844708
-0.984288
-0.934208
-1.247484
-1.054931
-0.613226
-1.125229
-0.982855
-1.524446
-1.010735
-0.851232
-0.687845
-1.171305
-1.025160
-0.340347
-0.768288
-1.058524
-0.922064
-1.321373
-1.441391
-0.900471
-1.194217
-1.567467
-1.298288
-1.729406
-0.713546
-0.627872
-1.013950
-0.987776
-0.928279
-1.088188
-0.986626
-1.279647
-1.018224
-0.909404
-0.977169
-1.184510
-0.460431
-1.043609
-0.513549
-0.338836
-1.916750
-0.499902
-1.051974
-1.213072
-1.317661
-1.017049
-1.420555
-1.041815
-1.043317
-1.266373
-1.335386
-1.159709
-0.887160
-1.391010
-1.148909
-0.826045
-1.074224
-0.964320
-1.155678
-0.691163
-0.892112
-0.519367
-0.613880
-0.876063
-0.986559
-0.522807
-0.719248
-0.725548
-0.812053
-1.169433
-0.803189
-1.096558
-0.926373
-0.547971
-0.872592
-0.979610
-0.112101
-0.744382
-1.069302
-2.046306
-0.991262
-1.303058
-1.149056
-0.749905
-0.639910
-1.176733
-1.137085
-0.891600
-0.626260
-0.481228
-1.018582
-0.686809
-1.008416
-1.000732
-1.091951
-0.913840
-1.225034
-0.639630
-0.754094
-0.200681
-0.670048
-1.227079
-1.602395
-1.319904
-0.976550
-1.333189
-0.901658
-1.141913
-0.124991
-0.696800
-1.262437
-0.747333
-0.797680
-1.112031
-0.169546
-0.542798
-0.857284
-0.733794
-0.576773
-1.247580
-0.709731
-1.293683
-0.858617
-0.532248
-1.118964
-1.105325
-1.111685
-1.241761
-0.977925
-1.579567
-1.437965
-0.752886
-0.528864
-1.234532
-0.993025
-1.387498
-1.206505
-0.546876
-1.262785
-0.863969
-1.092202
-0.737597
-1.036833
-1.066448
-1.056906
-0.716536
-0.901199
-0.667739
-0.651806
-0.760152
-0.711717
-1.107441
-0.382458
-1.142834
-1.058060
-1.116665
-0.957123
-0.373465
-1.184536
-1.243276
-0.536796
-0.905099
-1.074959
-0.876596
-0.668589
-1.353853
-0.826744
-0.892815
-1.337098
-1.513981
-1.152318
-1.230399
-0.647596
-0.639531
-1.086781
-0.824095
-0.859331
-1.868624
-1.099498
-1.280557
-0.589600
-1.232561
-0.240234
-0.669271
-1.393917
-0.684163
-1.442515
-1.078145
-0.537027
-0.780483
-1.022824
-1.040670
-0.955897
-1.443671
-0.514039
-1.115615
-0.840977
-0.888144
-0.843558
-1.771055
-1.092306
-0.621365
-0.275941
-1.205694
-1.771206
-1.397852
-0.761263
-0.762289
-1.098069
-0.661639
-1.550172
-0.756725
-1.379089
-1.764940
-0.796927
-1.747265
-1.220025
-0.783642
-1.160798
-1.403465
-1.186798
-1.944397
-0.798080
-1.252858
-1.147634
-1.141390
-0.795778
-1.019356
-0.827596
-1.133959
-0.905765
-1.035233
-1.413520
-0.654457
-0.894574
-1.240365
-1.308548
-0.412902
-0.821876
-0.940746
-0.411387
-0.867238
-1.125725
-1.248967
-0.685957
-1.807566
-0.914163
-1.480733
-0.935029
-1.030580
-0.678270
-0.836228
-0.697914
-1.573496
-1.106661
-0.747859
-1.320389
-1.404009
-1.201204
-0.776654
-1.326832
-1.276094
-1.469792
-0.946863
-0.727011
-0.302991
-0.461601
-0.957009
-0.901872
-0.617194
-0.850369
-0.993945
-0.560046
-1.102775
-0.939747
-1.026313
-0.932586
-0.319897
-0.740598
-1.186425
-0.995106
-0.826258
-1.272330
-1.033392
-0.869346
-0.782847
-1.882002
-1.352366
-1.078264
-0.316006
-1.373539
-0.776534
-1.105131
-1.650801
-0.892197
-1.548357
-1.017509
-1.043563
-1.153712
-1.013857
-1.142366
-0.855517
-1.015160
-1.486063
-1.199733
-0.584991
-0.802669
-0.524167
-1.018080
-1.046548
-0.409020
-1.130286
-1.296278
-0.916389
-0.701233
-0.813354
-1.497655
-0.937132
-1.204519
-1.075168
-0.784204
-1.407257
-1.674657
-0.902100
-1.134132
-0.473011
-0.544399
-0.721986
-1.365275
-1.051900
-1.228665
-1.153620
-0.785777
-1.210735
-1.465020
-0.837522
-0.879170
-1.112450
-1.154949
-1.354541
-1.235909
-0.592475
-0.619689
-0.830015
-1.372358
-1.153227
-1.134000
-1.156238
-0.621412
-0.690590
-0.670451
-0.938351
-1.385300
-0.808113
-1.030577
-1.103233
-0.854451
-1.219252
-1.080422
-1.305095
-0.336431
-0.128718
-1.008566
-0.750972
-0.493638
-0.901285
-0.709565
-1.004512
-0.778416
-1.440905
-0.659184
-0.394293
-0.954961
-0.827066
-0.870210
-1.566314
-0.931772
-1.149740
-0.939131
-1.015896
-0.786541
-0.978038
-1.023759
-1.331046
-0.853991
-1.160154
-0.710897
-1.292356
-0.826744
-0.548459
-1.131714
-1.102672
-0.727008
-0.493131
-1.327405
-1.129661
-1.361397
-1.289779
-0.703150
-1.091740
-0.985576
-1.452176
-0.981893
-1.643649
-1.152271
-0.867915
-0.918448
-1.190161
-1.756789
-1.030592
-1.026950
-1.244950
-1.346311
-1.024164
-0.686242
-1.219517
-0.800952
-1.604553
-1.107177
-1.082328
-1.232026
-1.051429
-0.777820
-1.258307
-0.915533
-1.029791
-1.082290
-0.849520
-1.039361
-1.412539
-0.970591
-1.250037
-0.810218
-0.973203
-1.034145
-1.097793
-1.301542
-0.418185
-1.315219
-0.662983
-1.282433
-1.514343
-0.299505
-0.743551
-0.845602
-0.816339
-1.394963
-1.394464
-0.976060
-1.105849
-1.064197
-0.958431
-1.469930
-0.865135
-1.038365
-1.197836
-0.223544
-0.466316
-0.827380
-1.623101
-1.509832
-1.335975
-0.435958
-0.194981
-1.271120
-1.011275
-0.959483
-0.884762
-1.404669
-1.044209
-1.242552
-0.994215
-0.884323
-1.496027
-1.369418
-0.956172
-1.083198
-0.846734
-0.984183
-0.894939
-1.439356
-0.155138
-1.613904
-1.517080
-0.875783
-0.994838
-0.870642
-1.424240
-1.293476
-0.992817
-0.719110
-0.592363
-0.732332
-1.079573
-0.996797
-0.623185
-1.319877
-0.906456
-1.240658
-0.660413
-1.015501
-1.413809
-0.830280
-1.044555
-0.702961
-1.353505
-0.716734
-0.647522
-1.474969
-0.755748
-0.901660
-1.647006
-0.875234
-1.041296
-1.377938
-0.825609
-0.982088
-0.574729
-1.557206
-1.498394
-0.651490
-0.982315
-1.172687
-0.823546
-1.728930
-0.405373
-1.006561
-1.289709
-1.314529
-0.427040
-0.397415
-0.852105
-1.257991
-0.992662
-1.044657
-0.769451
-1.039718
-0.826436
-1.096825
-1.220241
-0.743845
-0.541025
-1.314461
-0.670666
-1.370063
-1.193936
-1.259677
-1.445518
-1.032061
-1.112648
-1.319653
-0.999045
-1.529470
-1.240584
-0.855219
-1.216753
-0.911349
-1.373244
-1.268436
-0.717886
-0.910588
-1.156596
-1.227702
-1.115634
-1.085268
-1.455198
-0.401744
-1.347797
-0.592276
-1.159917
-1.148135
-0.637975
-1.200433
-0.790073
-1.101231
-0.261390
-1.035381
-0.601572
-0.834837
-0.904143
-0.751992
-0.965044
-1.323126
-1.572650
-0.757982
-1.745634
-0.667628
-0.781574
-1.312219
-1.239712
-1.541772
-1.525092
-1.290648
-1.288646
-1.367149
-0.686404
-1.073972
-1.134829
-0.574568
-0.981638
-0.026308
-1.201489
-0.689059
-1.222344
-0.838435
-0.812784
-0.614170
-0.730972
-0.686925
-0.711444
-0.648261
-0.445139
-0.732093
-0.789913
-1.404747
-0.498877
-0.726774
-1.049373
-1.411565
-0.402052
-0.657108
-0.889647
-1.085665
-1.550614
-0.927001
-0.556412
-1.225686
-1.632231
-0.812516
-1.324491
-0.710558
-0.842167
-0.935369
-0.926154
-0.666411
-0.443673
-0.966746
-0.200397
-0.771948
-0.518436
-1.048328
-1.246823
-0.875133
-1.457199
-0.798828
-1.670943
-1.194513
-1.204098
-1.155895
-1.120977
-0.718339
-1.224161
-1.497465
-1.136769
-0.689352
-1.259405
-0.943569
-0.978383
-1.015232
-0.554626
-1.648658
-0.892440
-1.238577
-0.660984
-0.950342
-1.414154
-1.488115
-1.210279
-0.976517
-2.657563
-1.058484
-1.044933
-0.743183
-1.635937
-1.397645
-1.303526
-0.947046
-0.611907
-0.843984
-1.043190
-0.987691
-0.951754
-0.992456
-0.883379
-1.667701
-0.600572
-1.218731
-1.231634
-1.379659
-0.456550
-1.046591
-0.665981
-0.806298
-0.638621
-0.740947
-1.080214
-1.606170
-0.835847
-1.158879
-0.852836
-0.846957
-0.765032
-0.593337
-0.827563
-0.751125
-1.213153
-1.092420
-1.209156
-1.384753
-0.667177
-0.555499
-1.304854
-1.348990
-1.117705
-1.022799
-1.122263
-0.597669
-0.940727
-1.066227
-1.296872
-1.440495
-0.912737
-1.027671
-0.469714
-1.100946
-0.815283
-1.242103
-1.151341
0.011798
-0.757312
-0.924887
-1.220889
-1.166271
-1.200621
-0.804370
-0.521116
-0.627998
-0.978240
-0.697806
-0.380540
-0.812749
-1.109788
-1.335266
-1.135728
-1.439782
-1.282937
-0.510509
-0.480327
-1.159012
-0.782270
-0.917424
-1.025261
-0.945512
-0.790484
-1.396499
-0.752382
-0.656541
-0.780811
-1.118620
-0.837854
-0.666556
-1.394583
-1.008056
-0.738952
-0.847730
-0.855378
-1.025852
-0.767225
-0.741135
-0.036919
-0.725599
-0.512075
-0.357480
-1.613889
-1.206404
-0.580871
-0.751896
-1.061117
-0.671004
-0.574372
-1.373987
-0.785742
-1.154257
-0.769062
-0.706057
-0.892974
-0.396134
-1.178681
-1.522779
-0.992565
-1.006448
-1.250100
-0.696501
-1.054898
-0.525234
-1.156750
-0.753104
-0.763082
-1.229777
-1.192613
-1.311951
-0.912305
-0.944801
-1.661855
-0.364868
-0.612204
-0.444615
-1.206023
-0.988110
-1.509441
-0.793974
-0.793970
-1.032961
-1.077805
-1.124564
-1.138549
-1.634348
-1.376806
-1.374853
-1.340187
-1.484919
-1.383832
-0.626472
-1.037829
-0.460553
-1.619678
-0.925990
-1.202702
-1.375132
-0.433106
-0.555684
-1.345450
-1.129599
-1.112688
-0.779194
-1.555059
-1.269069
-0.977648
-0.789327
-0.994816
-0.790918
-1.376464
-0.794075
-0.576049
-1.209993
-0.797468
-0.988004
-0.560691
-1.102319
-0.737755
-0.906969
-1.215953
-1.215948
-0.800704
-1.604886
-0.673992
-0.623476
-1.064174
-0.986480
-1.186810
-0.417250
-1.128476
-0.555755
-0.863959
-1.279131
-0.643621
-1.568974
-1.392739
-0.833086
-0.547567
-0.633530
-0.119233
-1.113226
-0.572307
-1.382083
-1.247021
-1.132593
-1.306408
-0.580827
-0.818070
-0.522119
-1.729012
-1.337412
-1.728467
-1.253888
-0.651957
-1.472318
-0.977648
-1.315613
-1.641401
-1.014174
-0.638130
-1.681276
-1.198414
-1.320775
-1.155874
-1.298761
-0.695783
-0.994897
-1.292360
-0.695161
-0.714941
-1.024616
-1.470810
-1.505137
-0.748292
-0.843197
-0.949359
-0.949349
-0.668877
-0.579856
-0.712883
-0.664771
-1.487564
-0.968461
-0.993326
-1.115544
-1.063751
-0.569728
-1.157530
-0.523398
-1.487192
-0.970710
-0.872230
-0.579517
-1.198262
-1.633953
-1.405154
-1.320673
-1.121216
-0.606571
-0.755849
-0.664191
-0.599253
-1.042364
-1.153469
-1.057642
-1.242315
-1.040479
-0.521000
-0.733542
-1.265857
-0.785026
-0.452705
-0.696662
-0.683311
-1.427198
-1.587425
-1.286553
-1.193113
-0.842845
-0.973327
-1.050979
-0.974496
-0.273509
-1.221874
-0.710728
-0.926268
-1.653726
-1.272725
-0.704345
-1.435499
-1.220883
-1.620096
-1.003701
-0.588986
-0.800833
-1.647931
-0.954504
-0.782726
-0.860631
-0.566234
-1.404331
-1.085933
-1.040996
-1.193953
-0.972656
-1.805986
-0.826815
-1.089720
-0.847652
-1.141685
-1.880805
-0.888020
-1.287039
-0.904327
-0.760633
-0.472745
-0.687827
-1.365485
-0.888635
-0.604496
-0.656459
-0.755165
-1.437175
-0.845996
-1.205129
-1.127393
-0.874581
-1.012880
-0.998172
-1.407803
-1.088592
-1.243942
-0.777445
-1.009707
-0.380330
-1.401565
-0.385781
-1.232977
-1.451957
-1.071350
-1.114859
-1.239556
-0.899938
-0.953070
-1.074350
-1.052387
-0.903262
-0.674044
-0.414870
-1.037670
-1.646022
-1.057847
-1.380354
-0.801069
-0.986741
-0.953981
-1.168724
-0.600673
-1.143694
-0.659655
-0.883700
-0.691823
-1.408808
-0.953735
-0.850726
-0.757648
-1.109922
-0.552853
-0.869984
-0.999829
-1.438611
-1.251460
-0.084686
-0.746250
-0.867061
-0.985337
-1.110046
-1.096322
-0.926328
-1.041000
-1.213418
-0.757676
-1.093136
-2.028820
-0.979558
-1.425937
-0.939977
-0.616262
-0.836342
-0.578570
-0.960825
-1.174419
-1.650305
-0.212708
-0.612463
-0.998370
-1.078835
-0.674472
-1.058356
-1.320505
-0.609640
-1.019704
-1.202299
-1.319600
-1.470136
-0.717530
-0.421431
-1.038915
-1.003376
-0.504062
-0.467989
-1.317699
-1.290612
-1.063829
-1.618368
-0.912573
-0.507989
-0.741251
-0.782770
-1.554343
-0.906718
-1.365398
-1.189777
-1.023313
-0.829663
-0.594126
-1.875480
-1.130164
-1.578456
-0.971080
-1.134528
-0.731271
-0.714984
-1.010160
-0.964189
-0.490603
-1.932886
-1.033765
-0.408184
0.082448
-1.020365
-0.386881
-0.831210
-0.515385
-0.604924
-1.289769
-1.176900
-1.001152
-1.358197
-0.907525
-1.248299
-1.123713
-1.597571
-1.159096
-1.420679
-1.309637
-1.244778
-1.418802
-1.228934
-0.761082
-0.764339
-0.439958
-1.086655
-0.800240
-0.616953
-0.591639
-1.257237
-0.856277
-0.854599
-1.133596
-1.355672
-1.081730
-0.173489
-1.169000
-1.299931
-1.011441
-1.387863
-0.512223
-0.500353
-1.858102
-1.400926
-0.821519
-0.782537
-1.155759
-0.864202
-1.053745
-1.414500
-1.045473
-0.836937
-0.991020
-0.795410
-1.170953
-1.014185
-0.709696
-1.176225
-0.812995
-0.943763
-0.948325
-1.335046
-0.699995
-1.561394
-1.158461
-1.001160
-1.235744
-1.337973
-0.843180
-1.121477
-1.341205
-0.637794
-0.921094
-0.847870
-0.924299
-1.155451
-0.724546
-0.664757
-1.271985
-0.561352
-1.627817
-1.002174
-1.038584
-0.838390
-0.450916
-0.805532
-0.839134
-0.917736
-0.989110
-1.539207
-0.940325
-0.888523
-1.478695
-1.614237
-1.625555
-0.861559
-1.054524
-0.901873
-0.911070
-0.794652
-0.727665
-1.209768
-1.577773
-0.682442
-1.026372
-0.663215
-1.087517
-1.166058
-0.999411
-0.831960
-1.185674
-1.117456
-0.916290
-1.236625
-1.178764
-1.475685
-0.388275
-0.652031
-0.886225
-0.352676
-1.080650
-2.026403
-0.558311
-0.839970
-1.294604
-0.670011
-1.791674
-0.979349
-1.294592
-0.413377
-1.188750
-0.709369
-0.800641
-0.304167
-0.948708
-0.978780
-0.883373
-0.790924
-1.671021
-1.548565
-1.613713
-0.842326
-1.150533
-1.112312
-0.963759
-0.915246
-1.002491
-0.823183
-0.657729
-1.059430
-0.620605
-0.831877
-1.188242
-0.357331
-1.455065
-0.772108
-0.787189
-1.218304
-1.017839
-1.513074
-0.710846
-0.731194
-0.413535
-0.883930
-1.128563
-0.838113
-0.995210
-0.976335
-0.533732
-1.363345
-1.387530
-0.834392
-0.847813
-0.955082
-0.396443
-1.214496
-0.921473
-0.506017
-0.428937
-0.610899
-0.720613
-0.331017
-0.824923
-0.679377
-1.266816
-1.376024
-0.845246
-1.280306
-1.179463
-0.764711
-1.315678
-1.416341
-1.165023
-0.805634
-0.843498
-0.987710
-0.899332
-0.820134
-1.298659
-0.981749
-1.305030
-1.260298
-1.309140
-1.440478
-0.960435
-1.484053
-1.241470
-0.352310
-1.061835
-0.788863
-0.913677
-1.575214
-1.122277
-0.504362
-1.032000
-1.284986
-0.781689
-0.983371
-0.571353
-0.990682
-0.816706
-0.786789
-0.690367
-0.970141
-0.906007
-0.957873
-0.693928
-1.250932
-0.589456
-0.718169
-1.339544
-0.609854
-1.155261
-0.653370
-0.657295
-0.341841
-0.782910
-1.004614
-0.798280
-1.632075
-0.773544
-1.201298
-1.626402
-1.199649
-1.032391
-1.037345
-0.874441
-1.220826
-0.589157
-1.271150
-1.129371
-1.214958
-1.372134
-0.916848
-0.680046
-1.229862
-1.264475
-0.803546
-1.237014
-0.785964
-0.981504
-1.011825
-1.311495
-0.999202
-1.282791
-1.370121
-0.866878
-0.995284
-0.778777
-0.944322
-0.390809
-0.908280
-1.316094
-0.508970
-0.908247
-0.852821
-0.373001
-1.362273
-1.068026
-1.354606
-1.390568
-0.923950
-0.851777
-1.117040
-0.913617
-1.357057
-0.852113
-0.795294
-0.621975
-1.574750
-1.078830
-0.441426
-0.990815
-0.620446
-1.097739
-1.206233
-1.257560
-0.781836
-0.822656
-0.845305
-0.960741
-0.995692
-0.902427
-1.150400
-0.841434
-0.995339
-0.620970
-1.031431
-1.008065
-1.094105
-0.955125
-1.018920
-0.914214
-0.502528
-1.077078
-0.822179
-0.598862
-1.176357
-1.067354
-0.857313
-1.190318
-0.697811
-1.181209
-1.232809
-1.284466
-1.106765
-0.728787
-0.889273
-0.958010
-1.412748
-0.827647
-0.967434
-0.983942
-0.678722
-1.169109
-1.102491
-1.777678
-0.906442
-0.797938
-1.426252
-1.126570
-0.215191
-0.426515
-0.442881
-0.772809
-0.640198
-0.414914
-0.522879
-0.725069
-0.192529
-0.693280
-0.974590
-1.267465
-0.179150
-1.258833
-0.626790
-1.251029
-0.954827
-0.668944
-1.021153
-1.225562
-1.145601
-0.567353
-1.089179
-1.175347
-0.789389
-0.743603
-1.460903
-1.094372
-1.292892
-0.848609
-1.366053
-1.239070
-1.030322
-0.688893
-1.000250
-0.997244
-0.668741
-1.235103
-1.264248
-1.024052
-1.056180
-0.609661
-1.077927
-1.481817
-0.774722
-0.921676
-1.227244
-0.913793
-0.789444
-1.122279
-1.062527
-0.532610
-0.523180
-1.141563
-1.255404
-1.880540
