128
256
378
33
76
130
131
149
164
224
248
50
112
130
161
168
254
77
89
17
35
133
14
110
235
73
145
237
52
102
197
26
44
58
61
80
50
224
74
91
105
177
247
48
229
170
200
21
63
119
103
178
182
94
106
107
123
132
215
93
94
129
148
241
23
124
150
244
110
141
199
9
109
243
19
65
19
144
240
8
132
152
199
213
62
78
179
109
153
206
227
95
193
198
128
165
170
140
150
157
191
34
117
143
235
186
207
233
50
225
12
99
250
39
66
81
133
135
138
183
10
16
140
119
180
203
24
65
101
126
26
53
67
146
198
19
45
108
150
239
6
161
222
28
71
163
16
21
145
66
172
15
71
97
230
10
20
225
153
250
187
197
214
237
27
49
51
237
255
90
147
22
79
85
208
35
41
104
171
171
88
105
180
222
36
107
141
175
173
177
201
211
11
14
254
14
47
69
102
130
192
81
156
231
42
63
26
111
118
31
168
30
68
176
254
84
184
238
43
132
33
113
73
155
236
177
55
64
32
210
2
68
137
174
12
36
89
79
178
189
10
48
128
143
246
115
152
71
83
85
194
226
42
162
24
45
48
163
225
185
2
170
197
38
84
111
155
210
37
56
66
13
94
144
151
221
83
146
172
38
182
98
101
171
46
153
169
183
232
22
57
92
25
41
78
56
88
158
166
158
160
226
59
82
227
93
135
207
252
6
46
86
191
195
123
125
129
231
68
164
60
99
204
64
238
244
51
169
4
90
97
60
17
138
175
247
9
43
86
98
116
22
99
151
24
121
183
199
256
39
108
146
90
190
215
122
242
25
134
182
29
41
114
190
204
5
40
115
230
8
23
96
67
173
187
212
4
38
243
83
249
1
9
15
17
20
23
26
29
34
36
41
43
45
48
51
54
57
62
66
69
72
74
77
82
85
89
92
95
99
103
105
106
108
111
112
118
121
124
128
133
137
138
141
144
146
147
149
153
153
156
158
162
167
169
173
177
178
182
186
189
190
193
196
199
202
204
207
209
213
216
218
220
223
224
226
228
232
235
238
243
245
249
250
252
257
258
261
266
269
274
274
277
279
282
287
288
290
293
297
300
300
303
307
310
312
316
318
321
324
326
329
330
334
338
339
342
347
350
353
355
358
363
365
367
370
374
377
378
128
256
392
75
112
177
255
14
28
67
157
184
56
98
188
9
61
235
245
50
108
128
136
66
176
212
243
53
88
122
159
55
167
197
85
148
174
111
178
193
9
58
156
132
94
251
87
103
122
88
125
132
163
181
239
48
111
7
36
146
188
195
248
91
166
236
4
153
240
43
64
16
91
49
147
240
39
63
67
187
13
213
217
230
75
127
195
41
113
155
205
243
106
77
172
226
80
139
198
3
130
215
61
207
234
20
52
129
199
117
153
178
224
38
142
162
72
194
203
254
34
110
118
123
210
43
93
142
206
7
210
3
71
72
184
227
251
73
78
147
15
21
124
175
244
132
7
8
23
120
104
189
18
224
22
24
135
220
95
191
33
192
31
183
246
103
179
186
241
250
55
146
228
38
65
147
206
99
150
154
111
117
169
47
84
109
165
37
102
106
28
46
50
141
138
190
6
21
162
39
41
216
234
25
58
100
118
136
83
133
161
46
76
97
130
153
55
151
165
193
3
56
59
78
183
232
32
207
222
41
59
164
182
14
44
73
196
159
223
43
58
104
170
208
42
82
86
110
227
77
100
150
206
256
24
176
194
221
113
154
189
155
171
25
168
188
195
233
240
88
162
180
32
37
80
97
151
83
102
123
235
11
81
220
237
251
10
45
60
104
19
26
142
106
124
249
119
192
231
4
149
157
160
235
248
201
220
232
29
113
32
186
213
44
82
201
211
68
148
249
151
160
198
243
30
125
249
140
185
204
27
34
66
213
52
98
141
26
42
91
175
250
87
202
225
236
44
71
107
115
146
152
165
180
232
73
2
193
226
76
140
181
62
90
169
40
133
223
28
12
141
241
255
67
70
129
189
22
134
218
129
212
1
2
133
1
119
158
227
246
46
54
157
179
234
1
1
1
5
8
10
13
16
17
21
22
25
29
32
35
38
41
42
44
47
49
53
55
56
59
61
64
67
69
71
74
78
82
85
90
91
94
97
100
101
103
107
111
114
118
123
127
129
135
138
141
143
144
148
150
152
156
158
160
163
168
171
175
178
181
185
188
192
194
197
201
206
209
214
218
222
224
227
230
231
235
237
242
246
247
252
255
256
259
261
267
270
275
278
279
284
288
291
294
297
303
306
308
311
315
318
322
325
328
332
335
340
342
344
349
353
354
357
360
363
366
367
371
375
378
380
383
388
128
256
390
15
32
72
77
184
198
142
186
213
1
3
55
126
232
7
62
159
168
181
231
115
204
243
23
100
191
37
119
184
80
87
126
241
82
236
252
74
93
159
75
78
87
44
95
114
220
174
218
52
87
156
174
61
181
194
251
11
40
125
228
157
176
57
241
31
76
195
250
113
129
59
69
154
160
223
72
131
11
156
238
52
188
240
253
13
18
227
233
179
207
214
37
229
80
135
228
63
70
136
148
165
175
212
5
25
64
86
117
249
39
151
196
245
1
246
20
118
178
190
246
16
29
201
46
70
75
201
106
118
121
176
92
113
211
89
162
219
253
104
116
96
112
195
100
8
106
160
251
13
145
152
211
212
242
159
189
255
6
91
141
155
82
110
59
193
202
236
51
127
206
55
74
81
142
240
162
220
245
252
136
234
235
67
181
216
221
1
21
29
100
196
234
140
169
214
28
40
137
193
77
185
69
194
220
244
54
210
248
256
114
142
218
219
139
161
57
72
104
189
203
85
120
47
206
251
42
185
17
192
215
18
58
133
230
45
120
20
139
144
167
7
154
5
34
54
165
232
239
18
101
217
154
209
256
164
187
222
2
27
61
120
202
15
49
91
167
134
216
27
205
228
103
149
209
12
122
167
148
70
97
108
35
53
131
137
157
88
205
109
128
234
3
30
255
205
209
53
173
32
9
44
125
218
143
124
3
49
117
134
221
253
123
180
242
36
98
103
138
33
58
116
233
105
208
219
60
149
112
179
65
202
208
245
30
92
95
127
96
166
28
47
166
188
217
139
200
223
111
147
172
216
248
56
73
188
223
54
122
62
147
158
79
124
200
247
102
196
213
249
4
203
226
192
75
84
239
7
76
31
121
127
163
217
107
136
186
229
34
43
224
1
7
10
15
21
24
27
29
30
32
34
37
40
43
47
49
53
54
55
57
61
63
65
69
71
76
78
81
81
83
85
89
89
92
94
97
104
108
110
114
116
121
124
126
128
132
135
139
141
144
145
149
155
155
158
162
164
168
171
176
180
183
187
193
196
196
200
202
206
210
214
216
221
223
226
228
231
235
237
241
243
246
249
252
255
258
263
267
269
272
275
278
279
282
287
289
292
295
297
299
300
304
305
306
312
315
319
323
326
328
330
334
338
340
345
348
353
357
359
362
366
370
373
374
377
379
384
388
128
256
376
40
212
216
18
62
105
187
131
140
143
16
143
210
252
35
50
218
228
241
23
35
167
211
94
170
182
199
69
180
183
15
171
219
13
215
216
2
83
21
72
207
219
156
208
116
179
228
238
254
51
130
185
191
214
51
101
184
194
200
74
173
6
79
90
168
82
84
145
223
114
245
123
135
221
256
49
34
60
138
219
57
115
178
64
125
131
144
150
238
53
81
155
253
97
98
115
246
5
198
5
31
66
69
110
225
31
173
231
136
230
242
65
116
218
10
160
20
92
174
170
176
68
96
209
222
168
27
204
205
101
164
172
181
119
139
196
200
126
200
71
128
244
99
144
59
221
233
26
64
84
8
11
79
85
247
11
164
47
52
62
78
101
112
217
37
48
231
149
236
36
74
214
60
81
35
54
86
4
15
22
103
202
237
230
256
114
169
186
27
86
89
117
126
187
42
126
16
45
166
190
85
145
54
245
61
105
20
100
139
211
14
121
191
203
96
233
242
105
124
156
253
40
47
190
57
108
109
134
182
229
239
242
29
53
93
128
9
159
215
96
99
134
90
224
229
102
203
225
18
19
48
76
63
174
6
118
137
171
33
185
226
107
108
204
45
87
89
209
217
237
239
255
92
95
214
94
12
161
167
177
17
138
192
13
137
149
80
131
172
252
10
36
122
163
17
107
154
253
254
5
238
77
116
121
135
248
109
143
148
247
250
75
121
166
39
144
29
247
25
158
24
70
158
177
57
74
137
196
30
51
12
70
163
63
120
175
197
229
201
120
222
19
33
79
1
114
161
197
56
69
152
145
199
23
89
49
112
244
30
93
127
208
209
65
95
202
8
17
38
127
173
205
252
68
92
152
1
1
4
5
5
8
11
15
20
24
28
31
34
37
39
43
45
50
55
60
62
66
70
72
76
77
81
84
90
94
98
100
106
109
112
115
115
117
120
122
126
127
130
134
138
140
143
145
148
151
156
158
158
165
168
170
173
175
178
179
181
184
186
186
189
195
197
201
203
205
207
211
212
215
218
222
225
227
231
233
237
240
243
246
249
252
253
255
259
262
265
268
273
276
277
281
284
287
291
295
300
302
307
312
312
315
317
319
321
325
329
331
334
339
340
342
343
345
349
352
354
356
359
364
367
371
372
374
