32
64
84
12
23
5
26
55
4
19
20
40
56
11
32
37
41
14
17
22
25
30
36
7
60
15
24
27
61
8
28
50
53
10
23
39
43
45
29
48
49
60
20
22
34
50
20
30
43
44
51
64
2
19
39
44
25
27
63
6
15
25
2
10
31
31
44
28
17
34
35
36
41
32
34
48
56
10
35
38
47
61
9
4
39
58
60
1
3
5
6
8
11
15
16
18
20
21
21
23
27
30
31
36
40
44
50
54
57
60
63
65
65
66
71
75
80
81
81
32
64
95
2
20
22
36
4
35
37
3
18
49
25
36
57
60
44
55
24
38
13
17
38
20
24
37
58
64
55
60
8
22
35
41
5
13
21
45
61
22
57
14
49
36
52
5
19
25
31
43
61
11
51
9
28
47
19
24
7
41
29
35
47
52
63
17
27
46
12
34
53
1
32
34
40
58
59
61
6
26
34
38
55
16
48
53
21
13
29
42
33
39
50
53
9
18
50
1
5
8
11
15
17
19
22
27
29
33
38
40
42
44
48
50
52
54
55
57
59
64
67
70
77
82
83
85
86
89
93
32
64
108
8
12
42
49
57
1
21
28
19
51
54
55
5
24
46
6
38
3
16
64
23
26
57
62
27
51
58
11
15
48
53
1
3
29
56
12
14
16
21
26
40
55
14
59
61
62
37
45
64
33
52
53
21
57
1
6
13
43
46
50
59
16
49
52
62
35
37
58
18
24
8
18
22
36
38
46
52
30
47
2
18
32
45
9
13
41
63
5
9
11
42
33
42
40
54
63
3
7
31
33
47
7
13
29
54
59
4
17
1
6
9
13
16
18
21
25
28
32
34
36
43
47
50
53
55
59
62
66
69
71
78
80
84
88
90
92
94
97
102
107
32
64
97
31
4
8
12
10
30
42
15
17
7
32
56
62
4
14
32
10
5
62
63
2
30
7
42
44
64
28
29
39
21
30
33
59
16
28
56
20
23
39
3
40
43
46
63
10
11
15
57
18
23
31
1
8
19
3
6
44
59
25
26
27
48
33
2
11
40
56
54
27
47
54
43
52
58
62
41
45
49
1
26
51
54
64
23
46
50
60
6
9
14
16
37
48
12
15
45
51
1
2
5
8
10
14
17
18
21
23
27
30
31
34
37
40
45
49
52
55
59
63
64
68
69
72
76
79
84
88
90
94
