64
128
186
17
30
95
103
107
54
90
71
14
7
57
93
100
120
29
71
120
36
61
8
28
58
82
51
65
79
86
49
77
78
54
89
31
62
77
101
124
49
75
123
26
88
117
34
59
80
8
10
19
102
9
59
113
6
28
83
89
33
51
33
46
60
79
78
91
16
42
67
82
80
126
32
121
19
20
98
115
15
121
128
48
122
10
23
53
100
12
21
14
56
59
69
43
94
100
41
21
89
106
16
24
115
2
26
48
78
101
58
91
98
109
54
97
105
112
70
74
86
103
53
64
106
2
81
35
50
62
67
83
112
10
80
119
44
65
87
55
105
124
14
36
92
22
26
51
99
24
35
63
65
22
121
12
46
50
86
118
19
36
50
125
32
34
83
4
9
56
72
6
75
111
27
85
112
114
122
85
13
43
4
31
44
18
49
66
125
1
4
4
6
8
9
10
15
18
20
24
28
29
31
33
38
41
44
45
47
51
54
58
60
64
66
70
72
74
78
81
83
87
89
93
96
97
100
103
108
112
116
120
123
125
131
134
137
139
140
143
147
148
151
153
158
162
165
169
172
177
178
180
183
64
128
190
36
87
99
2
17
29
66
76
119
14
56
76
96
33
41
65
119
21
38
42
94
110
23
27
46
48
59
69
120
48
109
85
91
128
3
89
101
121
67
77
93
95
111
43
81
94
106
28
51
66
106
75
24
109
103
122
8
36
72
77
83
47
113
21
108
83
86
117
25
50
22
56
88
15
100
38
39
60
73
19
85
92
34
69
89
11
18
28
122
7
94
24
33
39
47
92
111
122
52
100
12
53
97
111
68
46
125
50
53
82
106
30
116
121
62
128
82
4
12
26
93
5
124
6
34
35
99
32
62
115
40
54
102
61
108
118
16
35
76
115
18
91
98
109
124
82
120
123
38
85
5
8
84
104
121
57
90
96
4
71
119
67
23
65
6
31
42
113
10
23
15
17
33
123
107
5
7
34
81
102
14
58
64
86
58
80
127
3
49
96
1
4
10
14
18
23
29
30
32
35
37
39
44
48
52
53
55
57
62
64
66
69
71
74
76
80
83
86
90
92
95
99
101
105
106
108
112
115
117
118
120
122
124
128
131
131
134
137
141
146
149
151
156
159
162
163
165
169
171
175
176
181
185
188
64
128
198
1
5
47
64
1
11
34
39
45
91
58
68
76
93
104
3
77
15
32
92
46
111
55
127
7
24
38
63
105
45
61
62
74
97
99
127
72
11
73
17
33
104
120
53
87
93
107
22
42
57
85
88
25
124
126
37
39
98
116
42
43
72
73
84
30
107
110
5
23
11
37
41
70
104
16
25
13
128
37
38
47
52
94
115
110
6
23
52
66
69
29
66
119
1
8
84
125
61
81
117
102
118
119
76
114
99
109
31
56
75
90
88
97
110
18
25
68
111
113
116
30
82
106
13
95
113
122
17
18
21
2
5
38
114
117
40
60
67
68
87
108
7
20
40
90
79
96
109
101
28
103
3
9
20
27
12
29
45
73
108
70
71
96
3
39
60
128
35
41
57
94
116
40
47
48
74
95
15
118
127
27
44
63
64
4
69
102
123
52
76
81
108
123
55
84
92
96
126
1
5
8
11
16
18
18
21
23
25
30
33
36
37
38
40
44
48
51
53
56
60
65
68
70
75
77
79
85
86
91
94
98
101
104
106
108
112
115
115
121
124
128
131
136
138
142
146
149
150
152
156
157
161
164
166
168
173
178
181
184
185
189
194
64
128
194
2
42
103
28
73
74
107
8
10
37
61
9
30
48
52
78
10
49
71
91
95
101
36
60
105
125
37
43
98
108
14
27
61
105
40
100
30
120
127
20
57
92
1
11
15
26
117
55
66
98
110
62
70
81
87
97
101
45
50
72
80
112
12
54
80
83
41
114
55
31
17
51
126
46
47
78
115
58
6
32
95
19
22
103
112
90
118
1
63
69
88
102
18
116
29
32
79
53
68
114
27
35
37
65
11
44
90
19
45
71
97
16
59
78
55
64
39
64
124
25
29
75
104
107
126
20
13
16
70
13
105
41
44
52
68
45
51
70
84
72
93
13
116
26
110
4
31
40
49
87
22
24
77
128
73
79
1
3
20
25
123
9
54
56
57
117
118
74
75
99
114
7
9
74
104
127
88
60
59
84
112
86
125
126
44
63
79
89
113
2
43
67
21
63
1
4
8
12
13
17
23
27
31
35
37
40
43
48
52
56
58
60
63
67
69
70
71
74
78
79
82
86
88
93
95
98
101
105
108
112
115
117
120
126
127
130
132
135
136
140
142
144
146
151
155
157
162
165
168
172
177
178
179
182
185
190
192
193
