16
32
45
4
17
22
12
17
24
18
20
26
29
15
19
31
20
25
30
32
5
7
12
5
8
25
10
24
28
11
22
13
32
2
11
14
16
13
14
15
2
7
20
27
23
31
3
14
1
3
4
7
11
14
18
21
24
27
29
31
35
38
42
44
16
32
48
2
3
20
1
3
7
31
6
7
17
26
7
20
29
14
24
15
22
15
19
10
16
17
23
8
11
19
22
29
4
9
10
25
21
32
3
6
22
27
28
2
12
31
11
13
16
8
19
1
4
8
12
15
17
19
21
25
27
30
34
36
41
44
47
16
32
51
1
6
9
12
4
8
30
8
13
19
27
31
1
10
16
18
19
3
4
9
10
11
25
29
17
32
1
21
24
27
29
15
21
28
6
22
28
18
23
30
2
5
9
26
7
16
26
3
6
21
23
1
5
8
11
13
18
23
25
27
32
35
38
41
44
45
48
16
32
48
14
30
13
26
12
32
20
23
27
27
12
23
8
18
25
18
24
30
31
1
4
21
9
13
4
5
17
32
1
10
30
5
26
28
29
5
6
9
14
16
21
11
24
25
2
15
18
28
1
3
5
7
10
11
13
16
20
23
25
29
32
36
42
45
