64
128
384
12
23
66
84
86
100
5
26
68
99
101
55
67
82
113
4
19
89
100
121
124
20
40
56
108
119
11
32
37
41
88
102
14
77
81
102
17
22
84
88
101
122
128
25
30
119
124
36
72
86
99
105
69
77
85
109
125
7
60
86
121
15
24
27
61
78
113
8
28
50
100
116
53
69
83
89
95
10
23
39
43
45
107
125
29
48
49
60
75
115
20
22
34
50
73
92
20
30
43
44
51
64
111
2
19
39
44
83
88
25
27
63
71
105
6
15
25
93
99
111
116
127
2
10
31
81
91
110
31
44
76
98
117
65
96
98
104
122
123
125
28
70
90
98
102
119
17
34
35
36
41
80
32
34
48
56
112
117
10
35
38
47
61
85
9
77
93
106
97
103
114
117
4
39
58
60
73
82
114
8
12
42
49
57
95
1
21
28
68
72
76
19
51
54
55
74
94
106
5
24
46
79
81
6
38
71
96
120
126
3
16
64
68
78
96
23
26
57
62
74
27
51
58
69
126
127
11
15
48
53
66
94
1
3
71
106
108
128
29
56
92
93
103
12
14
16
21
26
40
55
85
14
59
61
62
94
97
123
37
45
64
80
92
120
33
52
53
84
87
103
21
57
67
104
107
110
127
1
6
13
43
74
75
79
121
46
50
59
82
87
95
16
49
52
62
65
72
83
35
37
58
67
70
108
123
18
24
89
90
91
112
8
18
22
36
38
46
52
97
30
47
66
75
104
120
2
18
32
45
118
9
13
41
63
91
111
118
5
9
107
116
122
126
11
42
105
109
113
33
42
65
90
115
118
128
40
54
63
87
110
114
124
3
7
31
33
47
70
73
7
13
29
54
59
78
80
101
112
4
17
76
79
109
115
1
7
12
16
22
27
33
37
44
48
53
58
62
68
73
78
85
91
97
104
110
115
123
129
134
141
147
153
159
165
169
173
180
186
192
199
204
210
216
221
227
233
239
244
252
259
265
271
278
286
292
299
306
312
320
326
331
338
344
349
356
363
370
379
