32
64
192
4
17
34
35
52
22
33
35
39
63
12
17
24
38
39
49
58
18
20
26
29
39
52
61
15
19
31
46
56
20
25
30
32
47
54
5
7
12
47
51
5
8
25
42
48
49
55
10
24
28
40
43
11
22
51
54
61
13
32
36
41
42
57
2
11
14
16
53
64
13
14
15
35
38
54
59
60
2
7
20
27
34
44
63
23
31
43
45
48
3
14
40
51
1
6
9
12
46
62
4
8
30
45
58
8
13
19
44
64
27
31
52
55
59
1
10
16
18
19
59
3
4
9
10
11
44
55
25
29
40
50
57
17
32
50
56
62
63
1
21
24
27
29
33
36
53
15
21
28
41
45
6
22
28
36
37
49
64
18
23
30
33
42
62
2
5
9
37
58
60
61
26
37
38
41
46
48
53
7
16
26
43
56
57
3
6
21
23
34
47
50
60
1
6
11
18
25
30
36
41
48
53
58
64
70
78
85
90
94
100
105
110
115
121
128
133
139
147
152
159
165
172
179
185
