-1.065366
-1.697356
-0.669008
-0.337530
-0.272480
-1.013059
-1.189422
-1.482671
-1.065862
-0.983148
-1.471036
-1.507259
-0.405048
-0.358455
-2.495069
-0.282860
-2.031645
-1.589250
-0.513136
-0.442063
-1.188585
-0.996014
-0.557380
-1.270749
-0.587137
-0.868856
-1.233398
-1.761098
-0.909874
-1.367316
-1.073361
-1.589281
-0.702943
0.277972
-1.104292
-0.888736
-0.113972
-0.855383
-0.716364
-1.270371
-1.826133
-0.628217
-2.142302
-0.810587
-0.161955
-1.578022
-0.548235
0.031654
-0.930063
-1.305882
-0.972135
-0.613468
-1.138247
-0.827926
-1.299199
-1.227816
-2.564284
-0.732292
-0.916845
-1.021952
-2.671314
-1.110950
-0.381851
-0.553026
-1.953383
-1.020864
-0.497624
-0.489057
-1.143550
-1.239027
-1.275921
0.247177
-1.363431
-0.332455
-0.395161
-1.967576
-0.307726
-0.225872
0.140086
-1.073462
-1.737759
-1.475715
-0.385471
-1.386169
-0.313275
-0.019660
-0.362077
-0.865953
-0.418806
-0.955693
0.393377
-1.315209
0.006951
-0.611472
-1.848210
-1.578024
0.282122
-1.018493
-0.883436
-1.327439
-0.823190
-0.357374
-1.552208
-0.887681
-0.300933
-2.025184
-0.787000
0.640747
-1.258073
-0.497223
-1.749618
-1.619697
-1.517699
-1.681703
-0.593688
-0.805437
-1.450045
-1.064732
-0.729379
-0.526396
-0.627293
-1.313768
-1.238433
-0.528103
-0.763470
-1.677561
-0.524302
0.357238
-0.718447
-1.010100
-1.633551
-1.008478
-1.166006
-1.439922
-0.568716
-0.684408
-0.805390
-0.614993
-1.447063
0.436404
-1.477174
-1.353239
-1.131860
-1.481657
-1.107713
-1.254100
-0.798461
0.243158
-1.605244
-0.334055
-1.071312
-1.164612
-0.289679
-1.048182
-0.912813
-1.058363
0.183563
-1.119246
-0.456962
-1.289396
-0.702833
-1.102763
-0.086982
-0.336688
-0.977887
-0.742962
0.642894
-1.365770
-1.056502
-1.405890
-0.152703
-1.916682
-1.018770
-1.291547
-1.579783
0.022062
-0.657629
-0.042726
-2.511493
-1.371452
-1.331971
-1.077276
-1.430153
-1.087403
-1.157460
-1.099614
-1.393073
-1.306422
-1.107084
-1.823787
-1.277450
-1.472886
-0.697939
-1.080229
-1.813556
-1.952048
-0.664124
-0.800769
-1.671892
-0.673375
-1.086532
-0.407720
0.032972
-0.378322
-0.531155
-1.308119
-0.763960
-0.860608
-2.395080
-1.283910
-0.910844
-0.873563
-0.856874
-0.830877
-1.760494
-1.447340
-1.663983
-1.446602
-0.623851
-0.700360
-0.846713
-1.480160
-1.970422
-1.373856
-1.375960
-0.516394
-1.395739
-0.304139
-0.455696
0.057679
-1.448216
-0.525168
-0.443690
-0.921062
-1.262059
-1.013990
-1.421285
-0.469804
-0.877043
-0.180973
-0.380871
-1.319800
-0.919636
-1.078577
-0.139969
0.029583
-0.490487
-1.312567
-0.081946
-1.667689
-0.851309
-1.400607
-1.016372
-1.354629
-0.301269
-1.015453
-1.238172
-0.242659
-1.102500
-1.104360
-1.828593
-0.582766
-0.380744
-1.945304
-2.006380
-0.695449
-1.490308
-1.290610
-1.481575
-0.892257
-1.451356
-0.959284
-1.048726
-1.080907
-0.469043
-0.352331
-0.855315
-0.574606
-0.743324
-0.618057
-1.290660
-1.098439
-0.554684
-1.585366
-1.627448
-0.302167
-1.428611
-1.401908
-1.627316
-0.821059
-1.503162
-1.099503
-0.154533
-0.256613
-0.934342
-1.987202
-2.218387
-0.663601
-1.566412
-0.137410
0.406489
-0.991828
-1.291991
-0.944838
-1.375879
-0.842776
0.244523
-1.416403
-1.198333
-0.380297
-1.447900
-1.542071
-0.610237
-1.036310
-1.454321
-1.398856
-1.325395
-1.117218
-1.401081
-1.531043
-1.712806
-1.707990
-1.533954
-1.342029
-0.399606
-1.304997
-1.134748
-0.501977
-0.719113
-1.384224
-1.660002
0.346137
-0.055552
-1.397245
-0.844355
0.022117
-1.138774
-0.254306
-0.657108
-1.635545
-1.098389
-0.934944
-1.555427
-1.244763
-0.290548
-0.760740
-0.707747
-0.805003
-1.328013
-1.433521
-1.178048
-1.898922
-1.184703
-1.111181
-0.730154
-1.168880
-0.734931
-0.449636
-0.644800
-1.825599
-0.873417
-1.813329
-0.609463
-0.968052
-0.735588
-1.568972
-1.536132
0.152373
-1.850932
-0.446573
-0.840172
-1.254922
-0.852997
-0.598216
-0.781357
-1.908293
-1.070773
0.345975
-1.293752
-1.044735
-0.591598
-0.223959
-2.018583
-1.167017
-2.092688
-0.894341
-1.529190
0.414589
-1.766863
-0.597645
-0.319184
-0.977750
-1.284412
-1.403836
0.145836
-1.775643
-0.775262
-0.273613
-1.628932
-1.840697
-1.047002
-1.130282
-1.627155
-0.639217
-0.654215
-0.730705
-1.863615
-0.147620
-2.586230
-0.684597
-0.388540
-1.192114
-0.904551
-1.228685
-1.283702
-1.364587
-0.528683
-0.965848
-0.316169
-1.467143
-2.244024
-0.864457
-0.741471
-0.621696
-0.583393
-0.829804
-1.141368
-0.527613
-1.287995
-2.099789
-0.052291
-1.118554
-1.431108
-1.485898
-0.493262
-0.864144
-1.812306
-0.966775
-0.577310
-0.298976
0.894380
-0.614156
-0.437049
-1.455175
-0.605404
-0.738067
-0.858284
-0.419368
-0.298342
-0.869918
-2.252486
-1.115312
0.214781
-1.573453
-1.711422
-0.391130
-0.480577
-0.954055
-0.531021
-0.896308
-1.414451
-1.506987
-1.266959
-0.309919
-0.120058
-1.792899
-0.594569
-0.942165
-2.290401
-0.803177
-2.147780
-1.145610
-1.481331
-0.956097
-1.412280
-0.453263
-1.221112
-1.177887
-0.540284
-0.488350
-0.944554
-1.878114
-0.779302
-0.102662
-1.512109
-1.634244
-2.004514
-0.482581
-1.053164
-0.879140
-0.768855
-1.538744
-1.663466
0.245812
-1.347824
-2.011884
-1.309429
-1.168580
-1.085240
-0.167943
-1.267468
-0.446543
0.170284
-0.847933
-1.831284
-1.505982
-1.408771
-1.214201
-1.423496
-1.800753
-1.803947
-0.792650
-0.967956
-0.521502
-2.389924
0.027254
-1.078076
-1.062149
-0.595240
-0.272885
-0.630705
-1.116186
-0.133748
-1.415295
-0.548799
-0.780672
-1.328861
-0.983278
-0.801988
-1.819854
-1.405468
-0.157959
-1.606918
-0.055446
-0.850587
-1.230736
-1.519016
1.676314
-1.648124
-0.874275
-0.579394
-0.174160
-1.259692
-1.026272
-1.357228
-1.341296
-0.087706
-1.851619
-1.475140
-1.199223
-1.781365
-0.221037
-1.300003
-1.101841
-0.881084
-1.492582
-0.201114
-0.777443
-0.168924
-0.435855
-0.664715
-0.927633
-1.837255
-1.225341
-1.632790
-1.453138
-0.148121
-0.467410
-1.664995
-1.422264
-0.768469
-0.982268
-1.322875
-0.402379
-0.548828
-0.945533
-0.931396
-1.076092
-0.666560
0.908417
-1.452574
-0.797052
-1.791303
-1.350085
0.310936
-0.798165
-0.912904
-0.718276
-1.726059
-0.728749
-0.350635
-2.323205
0.073178
-0.514009
-1.011442
-1.415725
-0.806555
-1.659413
-1.445667
-0.619910
-0.215643
-1.987365
-0.972031
-1.113894
-0.632205
-0.733744
-1.044400
-0.576218
-1.736440
-0.728869
-0.184814
-1.009339
-1.236432
-0.584373
-1.016491
-0.571894
-1.446016
-1.654261
-1.047168
-1.408304
-0.610208
-0.859858
-1.313226
-1.259278
-0.460099
-0.920953
-1.468902
0.464919
-1.093409
-0.088901
-1.729741
-0.425873
-1.202531
-1.497209
-1.860769
-0.971835
-1.421043
-0.939074
-0.868240
-1.579458
-0.782787
-0.193294
-1.371287
0.277340
-1.001329
-1.181732
-0.590879
-1.262012
-1.651609
-0.043569
-0.077553
-2.349148
-0.620112
-0.933153
-1.062462
-0.692311
-0.867539
-1.223014
-0.114026
-1.580718
-2.049741
0.020275
-0.132745
-0.498911
-1.349061
-1.425884
-0.758405
-2.002956
-1.214070
-0.531333
-0.704535
-0.472828
-1.621849
-0.630034
-0.662431
-1.854264
-1.477131
-0.280842
-0.121470
-0.766534
-1.453562
-1.826487
-1.722916
-1.930281
-1.345519
0.034587
-0.311183
-0.807423
-1.872546
-0.942553
-0.459203
-1.222743
-0.668361
-0.947521
-0.625904
-1.567032
-0.456489
-0.831737
-0.234855
-1.248161
-1.082115
-0.786097
-0.710236
-0.451164
-1.404722
-1.257075
-0.269555
-0.818971
-0.800634
-1.231942
-0.902438
-1.900375
0.079116
-1.311089
-1.150326
-1.194764
-0.991045
-1.695173
-0.150831
-0.375678
-1.293347
-0.791006
-0.160968
-1.141214
-0.819195
-0.938914
-0.309180
-1.775201
-0.665448
-0.886709
-0.312715
-1.390069
-0.517593
-1.812149
-1.692484
-1.454970
-0.829781
-1.463106
0.302022
-0.413885
-2.018559
-1.360039
-1.018391
-0.814027
-0.277295
0.129250
0.156382
-1.648168
-2.284555
-1.360462
-1.092227
-0.705067
-0.979040
-0.317561
0.069640
-1.113577
-1.210634
-1.304437
-1.105375
-1.847524
-1.350853
-0.541297
-1.097934
-1.891559
-1.143079
-1.220670
-2.702644
-0.615888
-0.889742
-0.517299
-1.281749
-1.902048
-0.126385
-1.005720
-0.564821
-1.520209
-0.227503
-0.949404
-1.488899
0.049916
-0.705311
-0.799354
-1.509654
-0.977802
-1.417844
-1.073959
-1.166403
-1.027920
-1.541142
-1.466764
-0.718285
-0.652166
0.026583
-0.723817
-0.362384
-1.229067
-0.720888
-1.475885
-1.030647
-0.593920
-0.462248
-0.195225
-0.449915
-0.058555
-0.829064
-1.390986
-0.956548
-0.466402
-1.038537
0.044559
-0.422281
-0.347191
-1.138277
-1.508832
0.351145
-0.776827
-0.852623
-0.818259
-1.919913
0.006037
-1.549150
-1.073044
-0.988612
-0.448253
-2.634920
-1.012929
-0.723994
-0.738191
-0.493801
-1.247408
-1.212839
-1.038806
-0.585142
-0.867156
-0.838755
-0.830210
-1.320361
-1.266903
-1.964206
-0.977510
-0.801084
-0.536535
0.386383
-1.718231
-0.806203
-1.093939
-0.572141
-1.686628
-2.447506
-1.532951
-0.778807
-1.965717
-1.417814
-2.037166
-0.617294
-1.345418
-1.028717
-0.535971
-0.070450
-0.414911
-0.427246
-0.576213
-1.010161
-0.454356
-1.055490
-1.377812
-1.303944
-1.238209
0.400350
-0.921354
-1.781337
-0.379728
-0.846802
-0.074148
-1.206937
-2.146145
-0.368928
-1.676445
-0.068611
-0.308307
-0.793656
-1.961888
-0.339553
-1.402159
-1.552887
-1.345276
-1.094114
-0.798193
-1.286212
-0.372123
-2.009209
-0.744538
-0.419438
-1.503820
-1.791349
-1.626822
-0.826710
-0.896931
-0.941630
-0.227096
-0.866825
-0.957885
-1.100304
-1.130492
-1.289242
-1.681356
-0.744987
-1.017962
-1.791925
-1.241689
-2.043191
-2.277754
-0.004365
-0.490877
-0.549057
-0.703500
-1.358186
-1.036387
0.138030
-1.422126
-0.818780
-0.757573
-1.078790
-1.693928
-0.908075
0.118812
-0.538760
-0.548644
-1.340285
-0.281570
-0.495049
0.390651
-0.350935
-1.280872
-0.819438
-0.495279
-0.013777
-1.707242
-1.973018
-0.425342
-1.263285
-1.789387
-0.195342
-1.898559
-1.787581
-1.836467
-1.446178
-0.595810
-0.155906
-1.200256
0.395224
-1.235556
-1.005334
-0.964841
-0.670410
-0.174545
-1.467843
-0.148449
-1.221945
-0.364691
-0.848373
-1.441188
-0.035705
-1.429248
-2.048521
-0.773181
-1.525648
-1.773506
-1.878456
-1.389744
-0.418128
-0.303280
-1.184501
-1.638492
-1.849257
-2.038528
-1.330241
-2.077042
-0.672084
-0.821478
-0.797919
0.607283
-2.101017
-1.290776
-0.877631
-1.446531
-0.036782
-0.318933
-1.411346
-0.275147
-2.319919
-1.440984
-1.307742
-0.575199
-1.115914
-0.787500
-0.353134
-1.390045
-1.532631
-0.898568
-1.082531
-0.544596
-0.807078
-2.421856
-1.276494
-0.595370
-0.877113
-0.097365
-0.709058
-2.330454
-0.526335
-1.026148
-1.017407
-1.095378
-0.160129
-0.841499
-0.943982
-1.869328
-1.579790
-0.902412
-1.473207
-2.196526
-1.102304
-1.408402
-0.811398
0.250063
-1.123365
-1.181264
-1.036497
-0.392812
-1.714124
0.383820
-1.172653
-1.161373
-1.084630
-1.719963
-1.399275
-2.465959
-1.025013
0.009101
-0.955833
-1.415484
-1.196130
-2.242870
-0.548039
-0.015295
-0.936101
-1.322641
-0.748892
-1.067247
-1.311173
-1.067114
-0.925954
-1.305753
-0.359550
-0.514590
-0.309651
-0.345693
-1.674914
-0.281634
-1.217433
-0.880171
-0.980233
-1.471370
-1.157574
-1.368462
-1.254975
-1.027127
-1.955151
-0.651955
-0.270648
-1.279295
-0.937913
-0.905989
-0.862140
0.035887
-0.845222
-0.340554
-0.744483
-0.442317
-0.567333
-1.962019
-0.448879
0.018316
-1.712488
-0.695425
-1.430924
-1.709968
-0.826648
-1.366676
-0.159047
-1.279133
-1.671278
0.111259
-1.608866
-0.849601
-0.769482
-1.207185
-0.432873
-1.860141
-0.164851
-0.246503
-0.483579
-1.602843
-1.897724
-1.329707
-1.338640
-1.419675
-0.855787
-1.588999
-1.733037
-0.660731
-1.341887
-0.799073
-1.466688
-1.761334
-0.723387
-1.249183
-0.833889
-0.742192
-1.446508
-0.194125
-0.851306
-0.311958
0.392614
-1.701736
-0.871857
-0.547607
-0.486542
-0.989242
-1.045939
-1.902390
0.182479
-0.730864
-2.162937
-1.212992
0.075451
-0.603849
0.146916
-0.852469
-2.682281
-1.423342
-1.419178
-1.373385
-1.630514
-1.677053
-1.456342
-0.835354
-1.689666
-1.535608
-1.893802
-1.732282
-0.899936
-1.609075
-1.385030
-0.841370
-2.053347
-0.340431
-0.174025
-1.862212
-1.388062
-0.781394
-0.997806
-0.702705
-1.880503
-1.618497
-0.979107
-1.133330
-1.494831
-1.132080
-1.019831
0.169799
-1.827111
-1.220325
-0.249712
-1.071989
-0.277316
-0.700230
-1.416935
-0.052073
-0.790047
-0.862277
-1.535764
-0.375416
-0.610795
-1.022782
-1.256789
-0.631405
-1.648316
-1.506750
-1.424892
-0.942135
-1.824173
-0.264930
-1.144945
-0.670384
-1.297367
-0.728197
-1.543419
-0.196127
-0.680389
-1.513473
-1.672995
-1.543391
0.253552
-0.883896
-0.385490
0.037784
-1.805589
-1.048935
-0.045775
-1.449349
-1.169582
-0.748582
-0.862866
-0.649126
-2.376929
-1.598343
-0.814490
0.006920
-0.291064
-1.143232
0.238631
-1.759538
-1.617883
-1.089147
-0.402631
-1.377566
-1.116340
0.050770
-0.315771
-2.356075
-1.642922
-2.141381
-1.425539
-1.329047
-1.666060
-1.798589
-1.210434
-0.400643
0.070235
-1.119418
-1.096563
-2.765754
-0.927127
-0.301479
-1.955651
-0.739281
-0.013556
-1.716790
-0.139406
-1.026084
-1.791848
-0.156364
-2.078217
-1.544518
-0.331647
-0.794347
-0.184781
-0.475236
-0.246518
-2.435914
-1.130885
-1.723964
-1.213679
-0.875265
-1.614212
-0.303836
-0.901889
-0.325377
-1.221670
-1.118428
-1.824997
-0.950533
-1.424695
-0.812670
-0.809973
-1.440386
-1.084164
-0.799182
-0.432922
-0.668058
-1.440528
-2.364789
-0.258554
-1.411895
-0.969669
-0.682071
-1.032755
-1.283225
-1.181767
-1.677345
-2.132492
-1.019625
-0.103810
-1.207835
-1.760005
-1.355531
-1.148034
-1.274411
-0.681732
-1.032946
-0.530870
0.348805
-1.380983
-1.547059
-2.426515
-0.995667
-0.763936
-0.876517
-1.024574
-0.645965
-1.821442
-1.610047
-0.821272
-0.617111
-1.377318
-0.288571
-1.385401
-0.974291
-0.159404
-0.594022
-1.573175
-1.882386
-1.120643
-1.559072
-2.748617
-1.711695
-0.906686
-0.967412
-1.344952
-1.902641
-1.307683
-0.165870
-0.996003
-1.005802
-0.565719
-0.206306
-1.035560
-0.213105
0.435302
-0.261514
-0.527533
-1.721570
-1.151665
-1.269827
-0.840150
-0.314364
-1.375398
0.125986
-1.396094
-0.407763
-1.769883
-1.554971
-1.855806
-1.391736
-0.597795
-0.711400
0.310060
-0.658672
-2.072519
-0.543912
-1.336166
-1.952032
-2.130603
-0.285573
-1.139719
-0.248006
-0.684364
-1.244025
-1.478144
-2.208740
-1.522020
-1.411255
-1.305910
-1.696928
-0.645859
-1.579802
-0.521062
-0.909938
-1.738513
-1.104355
0.028019
-1.554390
-1.250057
-0.158852
-0.575497
-1.967540
-1.018967
-1.028527
-2.304721
-0.238971
-0.554997
-1.352041
-1.224855
-0.753530
-0.566114
-0.520199
-0.684201
-0.016498
-1.025997
-0.567299
-0.037945
-1.132385
-1.502398
-0.945223
-1.280876
-1.174450
-0.388981
-2.520931
-0.703627
-0.628742
-0.270894
0.884201
-1.003813
-1.049791
-0.950014
-0.829837
-0.945895
-1.669714
-0.006514
-1.543869
-0.695106
-1.441182
-0.691584
-0.956129
-1.604292
-1.733313
-1.542443
-1.671607
-1.526691
-0.826550
-0.967858
-0.780271
-2.590697
-1.118724
-1.768846
-0.476023
-1.526933
-1.158094
-0.567195
-0.351322
-0.395098
-0.177000
-0.726078
-0.413257
-1.964188
-2.290847
-0.471538
-1.333135
-1.305159
-0.963708
-1.926117
-1.162231
-1.024426
-0.838123
-1.860724
-0.890393
-0.628969
-1.330117
-1.008656
-0.787082
-1.450307
-1.412949
-0.374108
0.354190
-0.421635
-0.623732
-1.518523
-0.822340
-1.349102
-0.837502
-1.170538
-1.015703
-1.050375
-1.093528
-1.062889
-1.122378
-2.414723
-2.067770
-0.406743
-0.398526
-1.275080
-1.028364
-1.305398
-1.076625
-0.498078
-0.775557
-0.555018
-1.864158
-0.930632
-1.701955
-0.500822
-0.831270
-1.620776
-0.341819
-0.317674
-1.094322
-0.110592
-0.421968
-0.355640
-1.306683
-0.625681
-0.598551
-1.163631
-1.788794
-1.151613
-1.963144
-1.730811
-0.751498
-0.829361
-1.223416
-1.233423
-0.867621
-1.400624
0.170202
-0.002304
-1.509445
-0.769634
-2.056868
-1.640976
-1.210136
-0.602899
-0.214638
-1.822230
-0.931055
-1.563091
-0.515719
-1.949473
-0.162045
-1.148285
-0.758394
-1.401574
-0.616867
-1.586954
-1.081267
-1.716618
-0.015275
-1.205597
0.359045
-0.637678
-0.593988
-0.985080
-0.104389
-2.011268
-0.695085
-1.092874
-0.291885
-1.738484
-0.791267
-0.100254
-1.207572
-0.642134
-1.364355
-1.737851
-1.180146
-1.612906
-0.453025
-0.810928
-2.115675
-0.149974
-0.508057
-0.520033
-1.583195
-1.647397
-0.738319
-0.714834
-0.634146
-1.017447
-1.574758
-0.260118
-1.322667
-0.552444
-0.813446
-0.872493
-0.715376
-0.660005
-1.745289
-2.610863
-2.313587
-0.795734
-1.674612
-0.709020
-1.231869
-0.548325
-0.808494
-0.990988
-1.768722
-0.901414
-0.428472
-1.588429
-0.628713
-1.088964
-0.482246
-0.875302
-1.475741
0.034636
-0.128373
-1.107810
-1.391005
-1.246958
-0.455356
-1.803829
-1.370713
-1.469233
-0.905731
-0.673711
-0.352107
-1.142345
-0.910477
-1.036973
-0.681660
0.070637
-0.764987
-1.547278
-1.961164
-2.118503
-1.929737
-1.159518
-1.160921
0.212523
-1.505187
0.155575
-1.470834
-1.047417
-1.205506
-1.137559
-1.089915
-1.400284
-1.252556
0.293554
-0.858915
-0.429363
-1.232147
-1.492625
0.187138
-1.721582
-1.702817
-1.569453
-0.520647
-0.820497
-1.350009
-1.325311
-2.176210
-0.550192
-0.946317
-1.195735
-0.457250
-0.687776
-1.746916
-1.598386
-0.241932
-1.202413
-1.337038
0.056697
-0.466669
-1.671610
-0.315007
-1.147549
-0.327393
-1.606192
-1.021546
-1.910090
-0.328995
-0.737939
-1.428913
-0.577075
-0.842164
-0.415783
-1.352424
-0.049459
-1.031452
-1.224504
-1.414774
-0.941036
-1.908212
-2.033955
-1.180922
-0.076807
-0.100414
-1.131647
-1.002935
-1.418064
-0.409911
-0.588062
-0.481772
-1.457633
-1.815566
-1.543264
-1.168759
-1.079418
-2.471419
-0.952325
-0.584615
-0.680054
-0.864300
-0.547420
0.202111
-1.431643
-1.110574
-1.615165
-0.949266
-1.300812
-1.813397
-1.945028
-1.116872
-0.498413
-1.380000
-1.323913
-1.059173
-0.879237
-0.562098
-1.640203
-0.155742
-0.686546
-0.986371
-0.587363
-1.605685
-0.549474
-1.605256
-0.141217
-0.887933
-1.449258
-0.037571
-1.896481
-1.097531
-1.238880
-0.799749
-0.892828
-0.377334
-0.189719
-0.717489
-1.080479
-1.334011
-1.554608
-1.834904
-1.120488
-0.244224
-1.086909
-0.970068
-0.724111
-0.724303
-1.098354
-0.264538
-1.392717
-0.154713
-0.598811
-1.851057
-1.177131
0.374582
-1.585622
-0.367109
-0.637944
-2.110671
-0.289676
-1.019029
-1.122472
-0.602414
-0.214231
-0.951244
-1.502524
-0.427341
-1.617213
-0.253604
-0.942445
-2.644698
-1.608533
-1.056231
-1.673928
-0.829543
-1.164553
-1.595972
-1.648718
-0.564436
-1.818737
0.055547
-1.267286
-1.408083
-0.652347
-0.330647
-1.965455
-0.679659
0.359312
-2.131915
-0.458386
-1.356359
-0.686031
-0.612090
-0.521044
-1.136711
-0.466123
-1.627862
-1.209982
-1.016880
-1.986796
-1.998620
-1.170802
-0.486324
-1.307869
-1.632226
-0.611846
-0.570546
-1.537966
0.071316
-0.516487
-1.474067
0.068571
-1.213735
-0.273922
-1.219850
-0.235871
-2.150433
-1.423532
-1.488591
-1.062885
-0.055831
-0.838755
-0.852584
-1.568892
-0.472646
-1.046126
-1.855019
-1.334918
-0.979822
-0.995242
-1.311452
-1.373614
-2.021310
0.580958
-0.253942
-0.059382
-1.739657
-0.969457
-0.157855
-0.878529
0.226764
-2.553265
-1.629240
-1.373522
0.051396
-1.731707
-0.526754
0.057322
-0.956172
-1.206491
-0.123141
-0.552165
-1.757451
-1.863279
-0.513110
-0.736319
-1.174488
-1.760078
-0.695434
-0.669018
0.022074
-0.457582
-0.391251
-1.251165
-0.413444
-0.265318
-0.892714
-1.897546
-1.787020
-0.841554
-1.213635
-1.310904
-0.630830
-1.384717
-1.519657
-1.744091
-0.524371
-0.757235
-1.009913
-0.306047
-2.340304
0.540219
-1.123223
-0.903517
-1.300462
-1.193181
-1.348578
-1.334301
-1.436112
-0.620979
-0.956381
-0.293203
-0.594403
-0.622512
0.101148
0.210735
-0.462723
0.082587
-1.715678
-0.799950
-2.210387
-1.135139
-0.837846
0.320211
-0.611544
0.488708
-2.173528
-1.246336
-1.608449
-1.533487
-1.457501
-1.556517
-1.193660
-0.364727
-1.203568
-1.653708
-1.243524
-0.302733
-0.723449
-2.060380
-0.936702
-0.839367
-1.399164
-0.471342
-0.287913
-0.805868
-0.495757
-1.329036
-1.311888
0.092476
-1.028961
-0.473441
-1.264785
-2.320572
-0.866056
-2.084221
-1.402946
-0.892045
-2.226002
-0.292732
-1.057697
-1.086398
-0.611434
-1.538737
-0.844161
-1.313311
-1.019846
-0.439590
-2.180881
-1.472059
-1.229808
-0.919313
-0.084699
-1.617808
-1.130769
-0.298590
-1.692948
-0.631620
-0.446917
-1.144868
-0.494234
-0.974128
-1.438214
-0.576674
-0.489275
-0.631363
-1.040953
-0.385504
-1.496193
-0.520241
-0.145983
-1.315014
-1.588412
-0.733789
-1.937446
-0.111662
-1.296751
-1.133548
-1.370536
-0.135184
-1.081479
-1.478169
-0.714476
-0.753436
-1.123438
-1.825166
-1.702851
-0.278413
-0.864789
-0.848807
-1.132513
-0.816399
-0.455679
-1.644429
-1.128337
-0.181120
-0.295208
-0.473383
-1.079435
-0.694534
-1.443194
-0.635537
-0.637951
-1.349094
-0.952932
-0.479222
-0.284414
-1.570067
-1.012020
-0.288273
-1.690096
-0.071273
-0.687387
-1.271321
0.086498
-1.282778
-1.775928
-0.409004
-1.623845
-0.856357
-1.483690
-0.922246
0.196582
-0.746969
-0.531643
-0.683762
-1.210022
0.070845
0.252707
-0.857221
-0.755559
-0.849339
-1.962296
-0.758472
-0.878142
-0.454437
-1.731118
-1.270914
-0.686249
-0.098324
-1.094975
-1.779152
-1.630035
-1.346181
-0.682157
-1.084635
-0.856247
-0.233323
-1.497072
-0.908633
-1.464209
-1.598499
-1.375278
-0.799145
-0.741255
0.158069
-1.817328
-0.381235
-0.794113
-1.321225
-1.272620
-1.439140
-0.229825
-1.458173
-1.366841
-0.998737
-0.696756
-1.291187
-0.782564
-1.635646
-1.046241
-1.454819
-0.156800
-0.265104
0.029323
-0.402331
-0.342903
-0.900775
-1.596808
-0.236280
-0.924400
-2.126336
-0.216196
-0.878098
-1.278656
-0.629956
-0.708063
-1.808738
-1.862350
-1.714383
-0.338269
-0.431679
-2.141294
-0.848602
-0.698645
-2.147458
-1.339339
-1.022966
-0.312066
-1.089372
-1.816396
-1.848353
-1.388116
0.752712
-1.201139
-1.622279
-0.801021
-1.781793
-0.720293
-1.098336
-0.762933
-1.142986
-1.744294
-1.787015
-1.122815
-0.584489
-0.604517
-1.631842
-1.734057
-1.128176
0.010728
-1.458019
-0.484730
0.363407
-1.401571
-1.595606
-0.427500
-1.771547
-0.770473
0.167851
-0.161107
0.008252
-1.248312
-0.414802
-0.122966
-1.497645
0.058503
-1.141883
-0.161036
-1.698287
-1.495836
-0.132176
-1.490785
-0.739682
-1.172305
-1.236212
-0.355171
-1.534778
-0.813690
-0.494002
-0.579293
-1.094444
-0.003069
-1.829461
-1.466843
-1.059289
-1.108663
-0.508549
-1.130667
-1.349541
-1.192026
-1.083964
-1.414888
-1.894964
-2.092106
-0.057392
-1.738698
-1.556108
-1.099473
-1.274759
-0.424326
-1.147997
0.342153
-0.508517
-1.864090
-1.715064
-1.938369
0.285387
-0.707632
-0.057722
-1.603339
-0.816736
-1.187670
-1.715572
-1.418153
-1.804617
-1.969557
-0.774442
-0.767996
-0.943305
-1.160282
-2.022051
-1.306229
-0.291871
-0.755557
0.627443
-0.041731
-0.676132
-1.599954
-0.552597
-0.853216
-0.026185
-1.711608
-1.783648
-2.168591
-1.846838
-1.949198
-2.120404
-1.313057
-1.074594
-1.704583
-1.669443
-1.354194
-0.655220
-1.306749
-1.015871
-0.591447
-1.367592
-0.321883
-1.341400
-1.617746
-1.409209
-0.679057
0.385745
-1.421391
-0.203085
-1.337169
-0.848595
-1.261657
-0.913956
0.171970
-1.716139
-1.017692
-0.904796
-1.532172
-1.197733
-1.157178
-0.334734
-1.356576
-2.037655
-1.270100
-1.102471
-2.357360
-0.783253
-0.864750
-0.550581
-0.501845
-1.415402
-1.162176
-1.607714
-2.258662
-0.149601
-0.821257
0.270707
-0.840774
-0.630153
-1.238972
-1.120311
-0.912448
-1.234032
-1.078917
-0.569118
-1.556550
-0.288182
-2.313776
-0.627507
0.266983
-1.496630
-0.903062
-0.157572
-0.225613
-0.025214
-0.122806
-0.628221
-1.404807
-1.357576
-1.504183
-0.726322
-0.738357
0.369625
-1.406250
-1.970591
-1.184594
-1.133980
-1.151403
-0.084268
-1.805284
-1.841280
-0.379226
-0.640323
-1.925264
-0.519385
-1.054681
-0.066178
-1.024472
-0.854652
-0.764885
-1.783633
-1.488745
-0.724315
-0.663403
-0.683682
-0.411321
-0.401881
-1.106652
0.125411
-0.844924
-1.071643
-1.192028
-1.575353
-1.645719
-1.826542
-0.870291
-0.814760
-0.591465
-0.976338
-0.987205
-1.511873
-1.110840
-1.755166
-1.625207
-1.293744
-1.257642
-2.411386
-1.028472
-3.132117
-1.584374
-0.837282
0.011089
-1.029583
-0.769005
-1.811469
-1.068216
-1.181500
-1.985705
-1.365535
-1.786774
-1.241263
0.378897
0.498184
-0.500297
-0.357143
-1.840388
-1.305467
-0.754817
-0.716405
-0.739474
-0.899767
-0.338383
-1.661773
-1.038177
-0.423408
-0.501482
-1.193202
-2.106884
-0.906143
-1.430378
-0.813243
-1.213258
-1.187994
-0.456242
-0.254793
-0.955598
-1.982593
-0.915376
-0.260137
-0.911434
-1.297233
-0.112313
-1.718454
-0.518047
-0.243486
-0.299503
-1.303056
-0.380559
-0.423356
0.137683
0.054408
-1.698501
-1.589300
-1.482487
-0.475287
-0.766287
-1.013857
-0.280738
-1.521745
-0.446295
-0.601752
-0.597458
-1.926760
-0.515852
-0.650279
-1.353331
-0.218162
-0.781980
-0.354990
-0.594826
-2.115818
-0.624489
-0.764289
-1.976113
-1.961389
-1.814952
-0.223142
-1.622209
-1.545236
-0.215302
-0.765388
-0.301144
-1.502983
-0.935820
-1.837974
-1.510373
-2.525000
-0.784264
-0.973253
-1.768804
-1.974398
-1.738589
-0.767690
0.122024
-1.765140
-0.975408
-1.500122
-0.376519
-1.057617
-0.568255
-1.243228
-0.652067
-0.932587
-0.820713
-0.892835
-1.011395
-0.171568
-0.703168
-0.647477
-1.221633
-0.260815
-0.388469
-0.751991
-0.873766
-1.938894
-0.243920
-0.935220
-0.720090
-2.019035
0.322087
-0.349618
-1.473202
-0.946470
-1.028104
-1.590022
-1.237968
-1.571841
-0.626301
-0.860441
-1.810710
-1.681324
-1.818949
-0.047652
-1.844036
-1.239890
-1.385156
-0.492297
-0.147677
0.477507
-1.095903
-0.749415
-0.998136
-0.529046
-1.639121
-1.594197
0.859757
-1.026418
-0.600354
-1.506755
-1.425381
-0.842171
-0.321942
-1.222227
-0.011144
-0.357583
-0.533536
-0.938420
-0.459092
-1.267467
-1.212651
-0.825517
-0.504950
0.218608
-1.262954
-0.874463
-1.018567
-0.943637
-1.032846
-0.661422
-1.495795
0.044056
-0.672522
0.321979
-0.912060
-1.042221
-0.648485
-1.708146
-1.077641
-0.869884
-1.288128
-0.841685
-0.180552
-0.903050
-0.688350
-1.053788
-0.099473
-0.220262
-0.933856
-0.774620
-1.576711
-0.753080
-0.555831
-1.483940
-1.213979
-1.432866
-0.879262
-0.458787
-1.062116
-1.011031
-0.049101
-1.442448
-1.127864
-0.269017
-0.704365
-0.854299
-1.335207
-1.285859
-0.361643
-0.861586
-1.522283
-0.580996
-0.214386
-0.822389
-0.790366
-1.510485
-0.670231
-1.381732
-0.359322
-1.311845
-0.870438
-1.005023
-0.508899
0.120962
-0.880639
-1.638820
-0.344565
-0.245116
-1.132564
-0.679789
-1.973854
-0.590485
-1.074369
-0.987364
0.098935
-0.508295
-1.928896
-0.924546
-0.269509
-1.242059
-0.944672
-1.367506
-1.332217
-0.658507
-1.478572
-0.301289
-0.865124
-0.985659
-0.897787
-1.031880
0.004147
-1.494393
-1.552436
-0.359839
-0.486959
-1.546820
-1.859626
-1.257295
-1.342779
-1.483680
-0.820723
-0.275077
0.042380
-1.065359
-0.485659
-1.538330
-0.830146
-0.851598
-0.712548
-1.125633
-1.592324
-1.422265
-2.048992
-0.306861
-0.932881
-0.177753
-1.077030
-0.623535
-0.594680
-0.483550
0.083392
-1.287036
-1.617481
-0.192178
-1.024078
0.061473
-0.848220
-0.457638
-0.679810
-1.315248
-0.714582
-1.553606
-0.843578
-1.373663
0.065284
-1.094721
-1.348186
-0.416538
-0.261998
-0.694221
0.227292
0.413973
-1.023788
-1.745952
-0.484229
-0.953025
0.098275
-0.760378
-1.933407
-1.673016
-1.312048
-1.181287
-1.267273
-0.059464
-0.606739
-1.018739
-0.016048
-0.326942
-1.371317
-1.487802
-0.680153
-1.446534
-1.911793
-1.777100
-0.989023
-2.385170
-0.530220
-0.598826
-0.009287
-1.187553
-0.069022
-1.420634
-0.146533
-0.793714
-0.397908
0.077940
-1.023079
-1.927076
-1.971882
-0.669439
-0.713854
-1.531167
-2.825927
-0.698215
-1.346437
-0.878101
-1.820394
-1.170246
-0.600846
-0.580825
-0.977922
0.031450
-1.099063
-0.797983
-1.039013
-1.575740
-0.810839
-0.643930
-0.857344
0.198274
-0.962608
-0.820508
0.029509
-0.969074
-0.907218
-0.927100
-0.318656
-1.227894
-1.680439
-1.584671
-0.002499
-0.937940
-0.966909
-2.029402
-1.044607
-1.608995
-2.236487
-0.852108
-1.693223
-1.116181
-0.463278
-0.009100
0.074300
-1.721406
-0.476087
0.149408
0.419556
-0.178598
-1.109495
-0.974254
-1.260320
-1.580493
-1.344387
-0.931855
-0.176640
-1.179306
-0.695106
-0.848799
-0.495137
-1.393549
-1.983158
-1.265185
-1.073073
-1.171911
-0.180798
-2.140896
-1.328860
-0.778990
-0.870783
-0.211393
-0.909238
-0.944009
-1.203202
-0.371041
-0.507707
-0.469291
-0.932925
-0.196215
-1.039292
0.131070
-0.951343
-1.389516
-0.518940
-1.643574
0.779702
-0.298148
-0.901678
-0.559810
-1.272500
-1.089960
-1.736660
-1.472613
-1.314127
-0.701231
-1.047470
-0.773230
-1.143483
-1.705986
-0.197970
-1.814556
-2.308793
-0.542807
-0.637918
-2.114033
-0.603491
-1.092201
-0.803990
-1.562648
-0.568787
-0.242506
-1.112483
-1.729190
-1.225123
0.155760
-0.791876
-0.465864
-1.213469
-2.695069
-0.882345
-0.960317
-0.634196
-0.859644
-1.016657
-1.038007
-1.026795
-0.630260
-0.410148
-1.018174
-1.201041
-1.588200
-1.209445
-1.956015
-0.866647
0.205230
-0.212781
-0.677792
-0.952513
-0.915816
-0.984917
-1.029870
-1.792379
-1.556075
-0.549098
-0.812480
-0.726475
-1.008026
-1.374896
-0.108977
-1.456976
0.181942
-1.769808
-0.978452
-0.788957
-0.486010
-1.421886
-1.203620
-1.164710
-0.533775
-0.598467
-2.219827
-0.989947
-1.175838
-1.176183
-0.836760
0.003176
-2.036311
-0.226369
-0.519269
-0.904683
-2.100750
-0.431954
-2.242054
-0.724358
-1.591677
-2.086340
0.232726
-1.390435
-1.301549
-2.124310
-0.994227
-0.706590
-0.973291
-1.277578
-0.848451
-0.090930
-1.135979
-1.584920
-0.954751
-1.147092
-2.025887
-1.141700
-0.584550
-1.444442
-0.466950
-0.888284
-2.049700
-0.786728
-0.740398
-0.208074
-1.411493
-0.788744
-0.208494
-2.133628
-1.289742
-0.174209
-2.046934
-0.306360
-0.570300
-0.487890
-1.031975
-0.142834
-0.610257
-0.757026
-0.819781
-1.440733
-1.280869
-0.415637
-1.624399
-1.039732
-0.428425
-2.027916
-1.328869
-0.022255
-2.044626
0.097376
-1.358761
-1.309711
-1.363589
-1.886299
-0.661720
-1.161845
-1.208199
-1.208082
-1.138015
-0.406793
-1.186613
-1.732622
-1.051798
-0.953501
-0.999588
-0.144553
-0.049261
-1.071324
-0.597261
-2.073751
-0.016372
-0.917789
-0.804312
-1.751530
-1.752568
-1.083543
-0.366317
-1.354752
-1.351419
-0.501828
-0.138710
-1.321584
-1.139592
-1.490785
-0.813151
-1.978685
-1.499118
-0.510992
-1.899355
-0.997446
-2.394628
-1.589912
-1.276130
-0.675983
-1.548541
-0.864236
-0.118350
-1.396071
-0.464766
-0.981856
-0.965502
-1.352089
-0.386079
-1.095248
-1.528126
-1.117514
-2.067013
-1.139542
-1.178993
-1.427974
-0.733555
-2.048424
-1.047900
-1.429841
-0.869959
-1.485436
-2.234263
-1.840804
-1.397476
-0.593693
-1.391053
-1.973953
-0.730565
-1.797678
-0.601204
0.308507
-1.166653
-1.664544
-0.853798
0.207225
-1.025992
-0.273002
-1.388382
-1.606857
-0.182969
-1.395727
-1.837001
-0.050393
-1.424026
-1.509499
-0.823073
-0.616118
0.164523
-1.206499
-0.522422
-0.533899
-0.382319
-1.979314
-1.044516
-0.255414
-1.465088
-0.648076
0.830669
-1.209519
-1.082442
-0.418406
-1.052393
-2.404476
-0.951589
-0.750183
-0.558155
-0.786276
-0.803312
-1.069548
-0.839390
-1.291527
-1.223878
-0.923565
-1.420029
-0.956189
-0.787331
-1.596265
-0.837179
-1.708628
-1.323495
-1.682270
-1.325104
-1.583686
-0.807130
-0.094795
0.670942
-1.000769
-0.521523
-1.732223
-1.783911
-1.475455
-1.014809
-1.696940
-1.376319
-1.649990
-1.689746
-2.280340
-1.131174
-1.036670
-0.681376
-0.792549
0.219474
0.007106
-1.104238
-1.682368
-0.875986
-1.104129
-0.904786
-1.808543
-1.443345
-0.162327
-1.236971
-0.583797
-1.361322
-1.578848
-0.447088
-1.064721
-1.197999
-0.445754
-0.861506
-0.115713
-1.015889
-0.916189
-0.474606
-1.026608
-1.658850
-2.032494
-1.188316
-1.076534
-0.737072
-1.144587
-1.136080
-0.347043
0.052469
0.083179
-1.867710
0.320068
-1.199313
-0.636863
-0.585317
-0.122989
-1.472958
-1.456840
-1.327984
-1.105373
-1.282832
-1.039295
-1.778957
-1.397820
-0.987129
-1.466039
-0.285583
-1.260928
-1.226605
-0.670418
-0.482371
-0.456176
-1.353671
-0.910554
-0.890714
-2.400534
-0.667994
-1.141436
-0.602023
-0.666961
-1.505424
-1.285485
-0.329470
-0.147407
-0.512863
-0.307698
-0.521776
0.546407
-0.808034
-0.991471
-0.994565
-0.372168
-1.135914
-1.553441
0.175842
-1.015383
-0.473150
-0.202106
-0.976372
-1.088138
-0.809535
-0.873472
-0.895882
0.135402
-0.026699
-0.617208
-0.418213
-1.255614
-0.067307
-1.420509
-0.971935
-1.985817
-2.160325
-0.363780
-1.742817
-1.564869
-1.458544
-0.623161
-0.986073
-0.759918
-1.207988
-1.011133
-0.615359
-0.498948
-1.273871
-0.369139
-1.340542
-1.501802
-0.086247
-1.149749
-0.416198
-0.919954
-1.257347
-2.327578
-0.207210
-0.225901
-1.373116
-1.660992
-0.009810
-0.532895
-0.681569
-0.043523
-1.723155
-0.955760
-1.538917
-0.796073
-1.733297
-0.376662
-2.021038
-1.345091
-0.314112
-0.902404
-0.155346
-1.441229
0.397534
-1.359619
-0.767644
-1.078020
-1.852160
0.515650
-1.267823
-1.733302
-2.034009
-1.189625
0.090231
-1.065877
-1.787248
-1.228675
-1.523057
-0.909866
-0.627543
-1.137394
-0.522250
-0.373834
-1.543537
-2.640102
-0.605085
-0.829106
-1.124612
-0.241907
-1.734546
-1.460301
-2.150513
-0.972868
-0.005979
-1.587530
-0.658532
-1.269316
-1.170869
-1.756459
-2.907022
-0.993606
-0.715607
-1.967403
-1.018522
-1.726150
-0.482219
-0.960702
-0.976890
-0.925277
-1.568238
-1.521826
-1.473948
-1.210097
-0.962433
-0.961589
-0.708703
-1.259290
-0.739362
-0.874279
-1.221092
-0.185495
-1.017321
-1.646716
-1.380088
-1.530502
-1.041719
-0.269239
-0.471171
-0.622670
-1.915369
-0.914292
-2.086979
-0.105356
-0.547701
-1.440106
-0.353627
-0.549578
-0.143860
-1.369701
-1.122763
-0.936439
-0.256800
-2.077444
-1.128534
-0.338000
0.515932
-1.002316
-0.573073
-0.180773
-0.859064
-1.503022
-1.118211
-1.040134
-0.066795
-1.626488
-1.370069
-0.974907
-1.166099
-1.409512
-0.599227
-1.827664
0.169928
-1.351223
-0.823248
-0.828355
-1.489508
-1.552928
-0.769303
-0.780044
-1.288520
-1.290648
0.033318
-1.060969
-1.107659
-0.721675
-1.311615
-0.448145
-1.389534
-1.456614
-2.015236
-0.128804
-1.288622
-1.197559
-1.882705
-0.963727
-1.094531
-0.760398
-0.658163
-1.141769
-0.340367
-1.593361
-0.637100
-0.224931
-0.455317
-1.232593
-1.421226
-1.562495
-0.352865
-2.212497
-0.475718
-1.385866
-1.665010
-0.844907
-1.753236
0.307082
-1.603077
-0.323729
-0.777442
-1.076958
-1.116364
-3.068163
-1.064620
-0.827389
-0.583404
-1.496136
-1.051322
-1.450646
-1.069954
-2.099921
-0.544630
-1.741378
-0.921695
-1.636139
-1.487711
-1.276459
-0.641526
-1.104811
-0.288290
-1.032682
-2.624409
-0.449636
-1.180685
-1.022351
-1.646638
-2.178945
-1.633734
-1.903398
-1.791253
-0.840047
-0.949448
-1.057268
-1.459174
-0.918245
-1.389543
-1.693597
-0.803183
-1.493965
-0.783480
-0.801509
-2.035156
-0.826907
-0.083793
-1.701288
-0.511256
-1.872548
-0.979754
-1.187596
-1.564086
-0.892263
-1.095201
-0.714715
-0.430472
-1.782391
-0.911021
-0.477309
-1.836210
-1.182230
-0.034245
-1.125912
0.131834
-0.393767
-1.158629
-0.763290
-0.889191
-0.822194
-1.546069
-0.583667
-0.522473
-0.322162
-0.821881
-0.975714
-0.260110
-0.989957
-1.299141
-0.802627
-1.791344
-0.159462
-1.025390
-0.190186
0.098737
-1.349437
-1.757288
-1.104418
-1.082469
-1.187592
-0.579520
-1.028996
-1.144480
0.711018
-1.433340
0.046925
-2.156874
0.405961
-0.903192
-0.680144
-1.467750
-1.138913
-1.218125
-0.305174
-1.189423
-0.910978
-1.995351
-0.947797
-3.013903
-0.802011
-1.028114
-0.671469
0.217901
0.033312
0.271180
-1.262293
-0.935557
-0.305458
-1.178876
-1.342303
-1.228165
-0.567294
-0.759100
-0.369708
-1.473688
-1.390550
-2.465782
-0.579994
-0.714041
-1.115822
-0.768951
-1.255040
0.390874
0.051111
-0.314328
-1.630408
-0.140489
-0.938905
-0.157821
-0.850800
-0.891798
-1.820798
-0.217839
-1.428071
-1.208195
-1.621643
-0.256045
-2.464390
-1.052206
-1.660423
-0.111511
-1.231465
-1.104305
-0.744557
0.062118
-1.110559
-1.036571
0.054747
-0.523345
-1.134242
-1.094566
-0.871641
-0.462621
-1.711099
-0.202096
-2.381752
-0.743407
-0.685501
-0.126223
-1.269877
-0.884945
-0.280222
-2.079904
-1.263713
-2.085404
-1.304913
-1.623153
-0.410535
-0.513205
-0.302126
-1.359969
-1.328375
-0.942075
-1.470489
-1.222098
0.265145
-0.834567
-0.762974
-1.327982
-0.796104
-0.927406
-1.644356
-0.701836
-1.871627
-0.873936
-1.052424
-0.199199
-0.795925
-0.729629
-1.343260
-2.028603
-1.392624
-1.402652
-1.385976
0.244621
-0.991785
-1.777406
-0.819889
-0.367681
-1.462618
-1.045785
-0.535551
-1.605459
-0.907513
-1.576654
-1.007509
-1.235527
-1.603828
-1.224435
0.685330
-0.713415
0.102003
-0.720675
-1.532267
-0.640222
-1.249972
0.006954
-1.368201
-0.892271
-0.817181
-2.102347
-0.827383
-0.901791
-0.734784
-0.862160
-1.293203
-0.799467
-1.267871
-1.285384
-1.663147
-0.606791
-0.814206
-0.813282
-1.786765
-0.755403
-0.645073
-1.152459
-2.003465
-0.551213
-1.752112
-0.918154
-1.072051
-0.712273
-0.269959
-1.384903
-1.289588
-0.149706
-0.613754
-2.073110
-0.697693
-1.660224
-0.145507
-1.907342
-0.453178
-0.291134
-0.701360
-1.206269
-1.270263
-1.328691
-1.172872
-1.246418
-0.492588
-0.784590
-1.687794
-0.061319
-0.878271
-0.389695
-0.801371
-1.764840
-0.868532
-1.375283
0.713201
-0.505416
-0.508093
-0.022615
-0.210551
-0.284754
-0.455109
-1.196219
-0.538242
-0.735983
-0.788938
-0.426314
-1.257233
-0.854313
-0.202492
-2.091151
-0.964720
-1.807821
-1.208728
-1.462281
-0.549860
-1.307470
-1.225032
-0.015075
-1.720014
-1.769383
-1.752333
-1.598730
-1.847375
-2.230698
-1.057767
-1.130676
-1.410207
0.428459
-1.298604
-1.896731
-0.860108
-0.144641
-0.653400
-1.915222
-1.462821
-0.916956
-0.818229
-0.840321
-1.262724
-1.468703
-1.119787
0.037089
-0.982186
-0.817908
-0.962942
-0.679488
-2.779344
-0.291529
-1.458408
-1.375209
-1.603644
-1.096276
-0.708573
-0.976552
-0.903262
-1.929882
-1.243067
-0.311068
-1.097518
-1.417535
-0.439222
-1.578190
-0.431742
-1.249759
-1.325486
-1.248430
-0.970157
-0.846167
-2.032850
-0.973150
-0.508009
-1.977338
-1.741543
-0.264678
-0.962122
-1.549681
-0.278026
-0.751591
-2.443984
-1.942879
-0.699350
-0.280635
-0.408472
-1.229371
-1.465482
-1.007218
-1.291214
-1.188928
-1.075186
-0.989833
-0.686434
-0.234048
-0.060547
-1.179792
-0.434159
-1.312995
0.332166
-0.644681
-0.180795
-0.547215
-1.582752
-0.727238
-0.751258
-0.793990
-0.406109
-1.018666
-1.385430
-1.474349
-1.404338
-1.103176
-0.730967
-1.405119
-0.842823
-0.751777
-0.683323
-1.216275
-0.756398
-1.168852
0.343753
-1.235162
0.196580
-2.434766
-1.280449
-2.393301
0.469411
-1.423828
-1.349752
-1.410683
-1.122357
-0.696591
-0.767386
-1.110955
-0.766742
-0.505147
0.014921
-1.281412
-1.116543
-1.103465
-0.477996
-0.668359
-0.627522
-1.356507
-0.973173
-1.127060
-0.820980
-1.710959
0.211299
-0.533607
-2.108799
-1.657712
-0.832577
-1.475967
-1.927233
-2.088557
-1.375221
-0.498714
-1.647639
-0.842288
0.235306
-2.214933
-1.480328
-1.128354
-0.083387
-1.646731
-0.450469
-0.671781
-1.494595
-0.223399
-2.790966
-1.130227
-0.710481
-0.503234
-0.239389
-1.188328
0.290062
-1.772317
-0.166381
-1.293332
-1.367274
-1.646811
0.094225
-0.567863
-0.477671
-1.305301
-1.057676
-1.329490
-0.683535
-1.170399
-1.416389
-1.727504
-1.162320
-0.534743
-1.820284
-1.488198
-0.736424
0.174147
-0.918193
-1.295550
-1.090872
-1.163191
-0.960980
-1.119167
-0.923744
-0.999374
-0.664310
-1.070098
-1.369655
-0.603150
-0.571694
-1.980269
-1.242745
-1.133005
-1.201340
0.130918
-0.884998
-0.465778
-0.894256
-0.363930
-0.741582
-0.941254
-1.194916
-0.776080
-0.183688
-0.750896
-0.748178
-0.950671
-0.868404
-1.730320
-2.206273
-0.337705
-0.822709
-1.138255
-0.988018
-1.355252
-1.881078
-1.092063
-1.997918
-1.013455
-0.251917
-0.199065
-2.458572
-1.089206
-1.903995
-0.918776
-1.030006
-1.490113
-0.875301
-2.070143
-1.658557
-0.937158
-0.055422
-1.236033
-0.390543
-0.660795
-2.069077
-0.913470
0.376898
-0.686099
-0.415956
-1.193780
-1.405361
-0.821968
-0.851012
-1.158324
-1.093439
0.009171
-1.360210
-1.942975
-1.166393
-2.033587
-0.851749
-1.436901
0.051552
-1.580490
0.437804
-1.504068
-1.304126
-1.701072
-0.639858
-1.329783
-0.764055
-1.633062
-1.599625
-0.995867
-0.866174
-1.364916
-0.855154
-2.322581
-1.413884
-1.003206
-1.208626
-0.653703
-0.792553
-0.830482
-1.382354
-1.364870
-1.149008
-1.696059
-0.848056
-1.075946
-1.526504
-0.915970
-0.200448
-0.372710
-1.468137
-0.872812
-0.056378
-1.812290
-0.772015
-1.050443
-1.626810
-0.288352
-1.476201
-1.430027
-0.441484
-0.728997
-0.583586
-0.620775
-0.951869
-2.252268
-0.404079
-1.138063
0.187151
0.160199
-0.546535
-1.112097
-0.079798
-0.378462
-0.535289
-0.661793
-2.345406
-1.644833
-0.191691
-1.117564
-0.709547
-0.822473
-1.428016
-0.498573
-1.266415
-1.129921
-1.408049
-0.924912
-0.504139
-0.995492
-2.018347
-0.683285
-1.203316
-1.206684
-1.694462
-1.104756
-1.801944
-0.405802
-0.710154
-1.145162
-0.708856
-0.998404
-1.689559
-0.776138
-0.884956
-1.691511
-0.170729
-0.643760
-1.662838
-0.278202
0.060362
-1.479525
-0.815919
-1.538349
-1.956790
-0.583508
-0.373507
-0.517791
-1.213492
-0.748093
-2.401542
-0.898508
-0.304295
-0.500732
-0.815966
-0.895432
-1.271799
-1.911920
-1.134268
-0.609962
-1.997169
-1.157166
-0.957459
-0.806970
-1.510969
-1.554863
-0.801618
-1.205586
-0.945365
-1.579607
-0.855369
-0.463150
-1.403813
-0.251486
-0.238866
-2.419513
-0.446418
0.214116
-1.619985
-0.925353
-1.458342
-1.450486
-0.749965
-2.191900
-0.660787
-2.137837
-2.125222
-1.858333
-2.257066
-1.503651
-0.932271
-0.843675
-0.625745
-0.151574
-0.947161
-0.830781
-0.915649
-0.648047
-0.598008
-0.745465
-2.340990
-0.502452
-1.216933
-0.580622
-1.342929
-1.681008
-1.996687
-0.475033
-0.368050
0.294559
-0.035212
0.041862
0.139630
-1.059962
-1.250404
-0.400861
-1.423925
-2.020651
-0.837526
-0.998304
-0.179511
-1.883335
-0.646251
-0.705081
-0.969006
-0.073497
-1.351218
0.131354
-0.184196
-1.019062
-0.424444
-0.551104
-0.713203
-1.143103
-2.341345
-2.068166
-0.952326
-0.916709
-1.801927
-0.022131
-1.646180
0.149460
-0.597927
0.038799
-2.297288
-1.803130
-1.834394
-0.929758
-1.466121
-0.734605
-0.864168
-2.018238
-0.510576
-1.730143
-1.152218
-0.829389
-2.218641
-0.457442
-1.410183
-2.407471
-1.345363
-0.507566
-0.951303
-1.023927
-0.144857
-1.188183
-1.529839
-1.464659
-0.848077
-2.139106
-1.284043
-0.655852
-0.864436
